18884985
959
92
60
1
2
4
4
164
14
10998
1714
19
10156
27
5
3
5
10980
27898
4
5
1104
53
1152
99
182
6
130
3144
782
33627
138
22
217
2010
17596
776
17
155
11
182
534
141
2
45
11421
43
227
19
2
385
33
13
258
139
2
1
21
7
8727
8
10
5198
6
1
17864
11
95
2
20
2912
101
128
13
48
101
696
12
2
10572
8
8
26
10
931
835
14
32312
1
33
1
9486
1
2
2639
1
174
17
38463
10
6
79
2120
1
197
949
17
4867
3
39
15
1119
1404
1234
10
2758
13137
229
3
387
1422
109
5542
2556
1
1
272
28
673
925
17356
17
3
10
162
2
62
5
2216
6
1797
99
1
24
64
20
86
173
21590
4
106
904
1072
9
23
2
27
5
348
12
7708
2
36
15
77
12
3235
12019
2
445
1
450
17
878
27
2
166
7869
253
241
25316
1
1
429
735
10
66
2733
129
20331
40
5748
3
17
1
2
869
4964
1242
53
6883
727
4
1
1272
5594
7537
13
58
524
17
3
1
18632
2136
18
576
2
33
29
232
31
11
1
3246
2
394
3069
514
10
1
25
6
5027
11
1698
8
4
1602
4667
2840
15
62
1
656
44
7
15
1
84
13
840
5
1
8
6
249
2
14952
171
63
28
12
103
2
10
13
8458
2
1
15
39523
306
1857
1140
13
28
211
4283
4
6
111
2981
3748
31
11566
1
793
439
2
363
6
13
2
4
93
7778
2
10
2
4233
327
2
684
6
106
10740
786
11
1282
5
2190
5076
4910
115
4
512
282
461
2
1
126
13
3
1
43
4
83
4
60
26
3
518
292
1
22
10063
2
33656
35
8677
807
45
95
1737
2
5794
2
2
3
36
13415
10
22554
25
113
1189
2
30
2
545
1304
1205
21648
3546
6683
40
5941
3
4
4274
674
29
1059
9
1
1
34
3270
2
2163
6121
10835
264
13
3
5
6
115
2784
2
170
2713
9083
989
4
28
1059
93
316
1928
12488
6
1802
4
80
8
298
79
1
264
1
2
1
128
6
196
9986
1144
12
3261
8568
3510
7
1
16
1
6
7
1
5176
2
2
384
44
162
174
1602
200
692
20007
2
656
25
2
4
3
239
20
2130
210
2126
1
9
28659
1
7
30
6
6
1097
3284
792
28
665
47
1038
1
285
665
3
3
2
1
31
252
83
3
11
1
1203
569
639
1419
7015
342
18
23
14
1572
74
26
14
2
129
49
805
1
55
29
11
8007
20
2
87
3
18
6
9835
15
200
1
3752
80
1
1
1
2
6542
95
2966
1403
5
12794
4577
2269
59
336
8
1
144
4036
17
8575
172
1
312
19
1
107
568
2022
3351
47
4
8633
170
519
3
22
2
86
24
5
1662
1060
51268
3569
53
2
351
5836
73031
389
216
30
10
102
4
1
1
3
1
70
1
14
5
103
5772
16
59
5
9
976
33
784
26
18
27
33692
1128
4730
6
372
1457
4
3
318
1
112
2448
40
258
11404
1
409
2
235
1550
70
138
72
353
227
3859
5
6137
1
10
220
2
23
881
5927
189
95
3106
1
24
523
26
79
16
4
5
1
280
3216
166
7
3
79
95
61
5893
1260
816
25
21
18
15952
5359
2292
37
4606
14
959
14
1
6215
2
1
1804
18
25
1
27
12
5
10
7999
366
2226
1
3
101
3
483
11
2
1
396
62
3
289
1
70
6
48
130
4
139
29
1652
72250
109
9
536
24
2
6
9
2
84
631
54
1456
16
37827
132
27683
21431
3
15
8634
2
116
161
37
1479
2
1
1
44
165
167
42309
5287
187
212
4164
8
12162
412
7
60
215
1745
11480
14
2
462
28
23
3146
9172
5
1
34
29
6
25
10
917
324
2052
13
8
7
155
107
36900
1
2
114
14948
3481
14239
5
6854
1418
18
2
1
12173
57
4
29
2813
16
8550
12
586
908
68
139
7
11
67
66
1326
2083
19
6
40
3
4
2800
2
1
4
4446
2569
15
4
1
342
1
307
1
1
61
532
2
4571
9
1
1
7278
27
3354
3
3
600
1
8
4665
2
69
1
1
6
1061
1249
1528
2
59
49
3
81
1
4
112
3770
108
9
6
4861
1
3
21
1
490
2
1
68
1
60
3
21
9
1323
9381
2042
1
2
2038
4
18
515
4822
2
1936
6
200
248
1
1
262
55
7
1014
1534
3
1
16
1
27141
30
80
89
23
869
225
249
18
9167
18384
329
4531
236
1
5
725
1
49
33
2
7
15
1
95
7
2
114
19
706
28
9232
18
1
6
12
13939
474
91
13338
437
150
639
339
141
385
873
2
204
32
2207
10
181
67
21
5
19
2
309
8
29
61
56
9
2
127
8
9
42
2
37
2
65
10
1
1
2
153
17
80
87
1
87
637
17
1
62
37
67
268
12823
232
29
8
255
421
7742
2
69
750
228
13997
2021
40
2411
5878
12
16
8
1
177
1
91
33
796
11776
9
6383
2
15
478
44
2895
2
4146
1377
4
22
34672
5
94
4
18568
5
7756
917
4
2
1
1012
1
33429
79
49
166
1248
113
222
14
40
34310
61
1407
6
5
1
39
2001
2291
2957
200
6
1353
1192
1
67
2
872
479
2
10
2201
1211
9348
52
3
41
7
25781
222
7
45
3
3295
11415
17
13
5
3
3
10
63
353
8016
531
1014
300
58
471
975
403
10
110
1
1
5
1
186
1315
7941
67707
10
8970
1062
286
1865
8
3
5
714
790
2
781
1
2
335
1
2573
23876
1
40
2
1778
460
1
684
31
226
9
82
1
1436
429
8
5
5
18
1
3
384
60
160
50
6
1
696
24546
4
6
1095
9
3310
171
794
16
3
163
1
167
5941
698
7
23
105
15
1
3746
136
84
3062
82
5611
4137
721
13
3
3181
28
9
1
1
2530
2
5
9
4193
11
3
1
27
16526
1
2339
30
2
2
101
4
297
83
30
4650
33
69
4
5167
4562
1
1
3243
1
2927
5
5681
12601
214
45
1
41
5
12341
2
13
7
262
1
417
3870
1
55
2
5
49
2
16
21
1
153
7
1093
5673
20581
31
11982
457
1025
1634
860
3531
264
12
4
5230
979
679
84
11
17
4997
3
1249
55
3
1157
911
6
18
10111
1
10
2498
93
1
300
4060
6
2
20
70
3
1523
37
1
39
3
12
664
4375
85
2982
35
2
14
19
10
8
7
2067
9
5373
35
6
118
2
16
6
28019
51
53
6
132
13
6
31
11
4993
79
190
294
510
27
126
94
2481
65
15
3
3091
2
117
527
6
77
3
19
6
3
4182
2875
5663
52
3416
247
2375
21
4704
63
871
1
46059
167
279
22
3030
2140
12
314
1
6
156
608
4988
4
99
73
37
526
14
703
48
1
45
6651
184
1658
1184
19552
4
6
101
4
11102
618
9
56
335
2
1
64
12515
11133
14398
130
1
970
391
383
16
53
2
7
3540
7
25
29
4
24373
132
6271
990
2
179
200
199
1
13
1
21
3
2
4
36
476
1492
466
578
3708
1
2152
5
2
2665
58
39
19
3
847
54
1
45
2
2745
129
42
130
2
90
144
5
3
3
27428
92
3857
1
754
1
55
5000
1
14
27381
2780
1
3
579
1
5
10392
1
4002
2
83
12
2
7125
1058
1
49
5
9149
2
15
272
654
1
64
4
4
4
1
29
17
195
4
98
1087
22
23
46
10
47
56
5
145
4834
3559
40
3545
1
1767
10
1
26
1
48
5
2
64
31
8
3
628
9
1
69
1
19
36
476
99
19118
6307
2
195
15
3
9
34
11467
21
26
6
66743
1
1
1048
8
2295
89
4340
4922
4
14453
3
5230
3
19467
3
340
1
4
3
4
1
23809
5
600
132
1072
3
2327
19
25
4200
14
10
7
2011
19
1484
153
528
7
10660
1825
1219
81
39804
1
3513
158
6
197
1279
62
82
15
3065
3931
2
5
12
88
8
2
2
249
5
81
2675
6
40
24
1
16
5620
6
18
13
34
21934
36
3
4199
3
71
32
31
1913
1
40773
54
995
4488
244
2
25
11
4
352
11
40262
268
2156
364
64
4
13
48
66
1
1367
753
396
3
154
76
16
93
240
22
1
2
4
356
8353
26
3
1063
1191
3391
1
2
1
5766
647
1645
33
4020
92
2103
12878
5
57
3
124
123
1006
853
5
1001
8915
2198
185
849
10
150
2
26
39
2568
126
1
1
744
29
1
2
2
27
10
551
4
1741
1
372
8
9
347
1
12
2
198
27
1605
1492
955
85
581
33
17155
16
7
1
2
3326
1
232
8
15772
51
253
2853
7
27
115
3
105
1031
3118
20
3810
2
46
12
550
288
323
3167
39
37
6
1051
1
196
30
97
12
16086
46
1572
3
561
34
4709
13
2
464
86
6
32
24344
3814
6
7
395
19
7710
5
27
671
2
1199
3
1340
88
4
13
9
13
1327
23
5
134
860
14
342
305
1
692
913
3
40
684
3002
16
126
3232
3
2
1
1343
74
1911
64
8690
68
1798
1846
60
598
934
27
2
4
5
7259
2226
19050
522
2797
133
70
1
1
5
7
13
501
3
6
15816
214
1
9
108
1
505
1417
8
1
210
1515
583
2
35425
2
15
1
14
15
2294
569
28
18
2392
7
2324
6
480
10
6
7
52
1
1
334
1544
1
10839
10
47
504
16400
3
13
83
1
8
138
14
43276
1
7
32
22
5
11
47
66
846
15
89
63
2
428
3
2
392
23
1
30
7573
11298
835
1
102
62
2
2
1
377
13
429
11
218
8
1
1
1
1
18
2
300
12221
1
1
2
1
2
1718
2031
17
12
9
22380
1199
30
2202
1
23
53
1
24
7
88
45521
16
38
5
154
834
1484
27726
28
703
2
1089
136
9445
1066
98
2155
3
19
157
33711
75
1074
198
309
17
7452
16
38
5
135
6
16
4753
157
146
4
4
7
4190
2
2
94
11608
27
45
22
1
4
884
74
68
1301
3220
4578
1
1001
2
331
2
2348
9
536
118
1
24
5
8
4
10
165
24
15
87106
8
11
2
1
6
1
2
41
56
739
7
1
3
157
121
648
2125
7473
1
31
326
826
1347
309
591
4
4426
1
48
5
43
69
4
1119
9851
13860
8328
16
2346
20
8
17042
4014
43
57
1299
1
48
66
7
265
11154
6704
535
2
1
51
3
919
1
12
1
5
15451
581
9
1
158
13
1086
204
2
34
21
10
147
88
69
64
7091
9
8528
76
102
2
7825
1694
452
4
35
198
5
15
1
12
9
10
1
112
27
222
1
386
850
116
23
14558
1
52
87
1472
1
1
1
176
767
5
1
2
6
2
368
11898
2475
220
9549
20631
3
7
19
8906
930
6
2
17
5
3
160
14118
1
5
44
5
5
7
2508
37
1005
32
2479
2
2
288
3880
38
15
1
1
4
284
1441
2
6709
41
3
20
6331
2
343
1
264
9927
210
25991
1
1300
1
3
1
168
48
1
3
94
17
16
42274
195
8
570
26
637
866
2
4
51
61
234
445
2194
4
53
1
56
2202
2
14
1
2
181
1
2
1
1646
403
37
1
23
337
2522
8
351
8
3
387
1
3
112
13373
5
49567
11
182
508
419
57
1097
57
6
1829
92
396
85
31
13269
4
2922
1419
152
9456
1
125
14761
1
45
9
2
15
767
309
50
242
11865
2
3765
2130
1
190
13
2
22
6738
2
3399
25
764
63
22
1
47
2
12
79
3
67
269
5520
15
204
33
12
1
18
148
3169
1446
82
10032
863
38
766
17
57
2
2
5524
2
2
4
384
4
96
290
8
5
1154
3
35
142
37
10
2
46
1
619
314
10
9
16
2
31860
67259
3632
10028
84
1
82
2
984
5
51
242
42
16
4353
959
6159
1660
3
14960
146
1
573
255
332
24
26
296
1
25
8
394
1
508
78
146
1
116
5
7
11
12598
33
428
4
1292
6565
24
3
136
1107
1
720
30
170
52
2876
347
2
4
1
146
46
1649
83
456
1
1
248
86
35
151
20
347
24
10
15
61
1
2
1436
5393
332
18
8768
6860
63
968
3
63
3
1
2
101
44806
4603
12
141
75
3785
934
2925
14
2
20
131
115
6616
6
2
1
423
232
7127
2215
2
624
1
6
30
467
75
9
1
23
18
41
3481
16
1
7
9039
83
11
1
91
37524
12355
1
4
594
29
1566
24
138
12
2
851
12832
63
21
1
1671
42
3
26083
34
2
27006
1
382
20
1
553
10
1
571
1872
4
22
302
24
2273
65
19
2
2217
4
18
1732
1
1
8
1686
135
647
535
90
47
908
2
447
92
7
159
8069
2942
3
4
1
1211
30
13
1
2732
13
3
6067
1
23
110
552
1
58
4
3
29731
769
10677
315
60
7
26
71
2128
8725
1
1
2
9
2
2
5
102
1
41
1
3
130
2114
2074
78
22
7
419
11
1
2
21393
1
80
3
8849
48
21
1
638
25
3
506
1
1
1
59
25
787
9
2
485
237
2803
446
34
24
8
9974
275
2266
2992
12421
3
1110
2
1
5979
35
6244
451
417
1
34
1
1
3354
4
52
10
7745
40
1573
869
11
9
19172
219
779
11
491
34
1
4
1
21
199
1359
39
1498
1
167
2
63
7
1
9
5
48
497
38
45
4485
100
12380
33
5905
105
4
59
298
457
36
3
2
409
1
5
483
8182
4490
101
7
59
1094
5
89
10
23
28
91
2
7
59
77
372
2
1
41
105
5
23
1
95
2
301
2012
3
839
19
1
3
30
10545
116
3
2
10
4
350
281
3299
14609
2
41
3
7
10997
27271
268
11211
519
3257
20473
15
5
20
4887
3
1271
1
693
1
38
212
34421
1
2
599
7833
2
52
23
11413
302
30262
1
493
1
2830
126
2
26611
5
996
622
4682
595
1
13
243
73
300
43
12
80
3860
5928
2522
2167
348
7
56
1
190
3
139
11
2
1577
19
5
5
1
24
42
36
1
385
9
4
9306
193
81
48
671
1
1
9
65
26
12
110
10420
13345
156
22
4
50
3504
59
22207
3
180
5359
472
3
278
1158
1621
7
1657
1
20
10089
36
28
32
5
29
21
1525
1693
14798
164
5
1
5
2186
2
377
1910
340
12
14
1
274
2
3
4
152
3525
2
518
379
1
1
84434
790
5591
9
845
91
115
173
4043
5861
11674
1
6
41
836
650
108
36
27
195
21
13
14
1775
1
8
6
1
3
7
300
27092
153
409
6
1
309
6178
5
1
1
2982
1352
5
2753
18
4
40
37
5411
886
2
1889
3
432
57
2
9
8116
94
19
1801
5087
2
16605
4811
4
323
7
3
48
3
9230
116
194
2
1649
293
6
62
76
29
3
24
49
5351
202
7
1543
832
10
68
12
8
1
1531
11
1
25
2
21
6
243
390
6
1
2
24
1
1
8
5
7
1
379
141
142
21
7
9
1
4
1
28
13
2
1186
164
2794
8
22
14587
1360
1
1
65
82
49
6
25
53
131
9
64175
1
6703
2
3
9234
61
31
37
8264
1145
38
1
13258
30011
12
1
18
4
45
1
83
8
2
1
89
1715
3
9221
25478
413
35
218
444
1
7
1
67
4676
246
41
70660
3
613
265
1
7
8
23
14
1
267
23
74
342
9
1
15428
335
1037
81
2
19
441
255
68
4
74
5
40
3
648
696
3
6558
1
9
15
304
1
374
5
1294
23
4
3142
1
964
104
67
20
433
625
23
81
81
2
557
12
5
2
1
182
2227
1695
512
5
469
1
344
12804
477
241
28
27
27
6
2
686
219
57
12486
890
3055
6
11
2266
4107
99
48
1
1347
1
8
685
12349
1
221
46
1
144
8
553
1242
1
46
25
3
4
8
24
34037
11
752
2
973
746
137
5
29
1001
1
529
9
1
3
38
66
1860
87
3882
2465
407
1
2
1
1
43
1
1
15
30
1
24569
5095
286
143
15779
16
257
1
2
6
6
19
1
1308
45
81
1
11
84
36
1
356
17
1
1
21
1
12
4
5128
1204
4
3
582
30
1
58
1981
7
236
3876
14
29
61
10
1
18
1
14
497
24450
2
29
1
877
40
7
91
407
24144
1
350
1
4
2340
2
74
23
3274
3869
90
10258
8
187
794
112
14
26
6
5541
7504
2
352
2454
1
13
1
11
250
2
3
3960
56
16
1
1133
66
32
1
1
139
7
23
52
17
574
73
6731
11
63
6
70
3
15
91
1063
231
54
2
35
219
6
21
1
1
64
1361
22
2
15
419
11529
2
34
439
275
2101
640
18
362
9
6
3
23
4
927
1
3
33
668
8
6355
255
1223
8559
7
64
21
22
9
53683
29
38
2
626
7501
328
1
393
15
19
2
56
1
1075
989
19
4
46
6
4
123
4
5022
13
2
1
26
42
37
7
929
12
4
14969
384
35267
2276
84
1041
16476
16
3
10
94
2
85
648
39698
79
1
64
1397
4
31
1
34
3
74
112
107
31
1
1
17
8
99
38
10
9
1
18
160
8
187
2258
2
2
59
54595
36
1682
72
73
330
4
30445
53
316
487
25
2
589
4
198
3
5698
19
11183
92
187
140
22
16
47
107
2
155
27
25
3
22
1
132
4
1543
6
6570
1895
95949
1106
3599
89
365
6
1
529
43
4
3
4018
61
3
26
35903
7889
1
21
402
2878
123
40
88
10
26
34230
1203
451
10393
64
8068
73
5
3
178
7
2
2
11
6709
6802
1
86
93
1182
129
1
3160
28
825
1
1
65
11603
240
195
39
10
2
115
2
6039
403
11
13
7654
1
3
16
1
287
1
1904
22
17
1
7939
1
46
83
17
164
3
23
1364
490
20
8
467
1
88
7
1514
377
1
24
24435
3399
73
24
21
325
28143
2168
6
56
1
2150
1231
52
3966
24
110
182
13
1
122
16
735
1
42
1
878
11800
259
1
39
392
55
5
705
77
1
195
1
2397
1
11
92
107
1
6641
68
2
47
101
84
2009
1
2
39
42
842
1978
1930
102
1230
18967
13
15
4
1
1130
257
1589
356
28221
5141
3364
17614
5762
164
1193
12
2
9
1854
1
1
110
3
2
16
179
228
105
9903
146
1
2225
299
392
4
5
854
1915
32
4178
4943
4
214
114
4
3
2
11
22
67
27870
3
3
114
73
48
10
4
1
1926
37
26
25
634
1
621
64
199
3792
32634
20
58
1
26
2
27736
1298
184
83
13
1650
212
69
2
3
13
35
3674
5
7
626
20
1
10
1815
2
3
4
610
475
18
1073
24
108
34
98
8
60
64
1994
106
3
22
2
410
118
2
165
15
103
28
66
2119
1241
581
8
3753
2
169
19
138
147
11358
144
19
5
211
7
44
1009
13
3101
2
1889
3
1279
29
17
79
7
643
137
1
1
53
271
905
547
2
1
34
88
6
1
1946
11820
1441
93
95935
2
2613
40
1158
6158
1
332
8
64
866
1373
2
41
70
17
1062
11
2227
14542
4
3
457
119
56
1
83
110
123
279
240
7795
1008
33
4
2
1295
5
8
44
3
230
2
1
123
435
39
2
15052
131
11
16
3
4846
2
99
5275
2
148
1
1618
29
744
2
119
4
19736
424
1
12216
1634
1
3
914
1747
426
32
39439
107
2
6
48
114
40
5751
339
77
552
995
34369
508
7
65
125
65
4
85
480
8
191
1103
271
46
1
2
36
174
1
396
6876
1664
3
14
133
58298
1
6
1
1
9
227
16
5072
1035
1
33871
6
94
3
813
3
188
10
294
69
7034
2
392
6
11
307
17
125
2105
221
439
9
429
5
82
6893
10
122
3280
75
1
25
2
348
1
2
7328
296
6671
2501
9
5956
849
1
55
31
11
5
163
5
28
59
5
12347
26
60
22
24
4804
117
1
6864
19
947
94
79
35
334
454
3780
8
93
5
180
13854
18
635
123
8024
5
487
11
34
3807
187
8
8
4
128
3754
33
137
1901
495
2
29
1608
2328
954
3
612
5
5
1
4
3
104
1
666
14
5463
1089
29
174
204
95
1
18
1674
27
4379
48
1254
1
1
1996
716
1231
28
2
865
1
1
7
4512
37
6
9
1490
2
5
3
10090
137
2674
1708
39
1
4
11999
54
1871
67
1439
246
129
4851
38
12
637
2501
8
11279
1
283
3345
8836
36
3761
108
12
4
24
1016
537
17
5
362
11
25
135
706
3
1
1008
47
350
1687
11
1001
7
1
5309
19
428
8
153
1341
5
232
4
2
2529
506
1
11
2
37
741
2
14078
1396
14
4327
8
28373
1
485
74
1
61
3
127
2
2
20
64
1
54
3
4152
70
9121
2
11
138
258
1
312
33
20
129
18
68647
189
1
2
1
23008
35
1023
3
3
2399
1094
11
11
1
1
51
45
1
1
92
194
363
2
21
55
4
79
489
8
26
3900
10
341
4
1
2
4150
873
60
7325
2
46468
9066
118
10
37
10
490
6
6
1556
4
151
3
421
1
2252
10
101
1
182
2918
4
9218
3919
2392
632
1
3
6
16
10
6
108
13
24
3494
1
3966
15
88
15
40
21
3
2
2134
50807
588
2
1
1232
279
34
19
7026
1065
12
19
11697
12391
175
453
19
1699
5403
37
56
405
1
175
4
2664
1
2396
3794
1
14
8
29825
154
2
36
12
27
58
362
1
114
3397
8
2569
277
51
18747
11459
5153
1986
11
2
2
3271
1
573
95
27
2453
103
440
2742
1
21
4
3
6965
2869
622
1
12
11
12
19
1
258
3320
5
3201
87
18
344
4807
4973
1
312
12
19
284
6330
1406
1027
1389
1
1872
2791
3
4
68
1
138
3
113
486
8
13
84
1
4
149
64
1487
91
649
6226
7
1742
10
1
94
32
108
829
31
153
18536
48
3112
1
1
9
5
197
38
2
389
40
4
25
91
3
2
5523
2
3
1
658
412
779
22194
4
276
15
206
12
2
4042
8
82
141
225
1
8
2617
8
280
303
1726
448
4
393
9
4
134
11808
21
1121
3
37631
17
15
111
7168
8119
31021
83
2
11
8
20
66
84
104
3841
120
2862
120
700
19
2229
723
20
1
86
148
11
3446
2549
10
69
12
1
2
1130
10
19
114
138
19
2723
6161
9
696
237
66
407
1
6
2
2
4454
1
3
1
34
2
1938
1
307
1
4849
292
1
59
388
1
10
839
33879
26
1
215
42
47
33
7
77
18
1
25
54592
435
7
3721
1
5313
3
3844
1592
1
4
9
5
1
8
1
346
7
799
2
35
66
2
328
3
5
568
127
1
16037
1835
25249
6
4
1
8
11
3
203
329
34881
1
61
271
43662
6522
443
1
4
1
359
274
7300
4445
1
14007
151
857
6
2930
2066
5703
8470
1
2
2366
61
16257
135
6
1862
5
114
5
2267
869
5027
1
781
7
2
30
18
20902
12535
413
3451
233
21
788
43
98
46
1
14
22000
1
3916
1
782
3
9
1089
3
10
4
2
3
11
4
1420
50
1
1005
10
1476
43
1
2546
22
13
7
5141
77
59
5339
2
5
14
5
216
4
6
987
6
1
51
1136
28
695
85
1411
10
3493
1
2642
32
39
1191
2
805
3699
4153
2428
3
24
1
122
1
827
25
63
3370
3776
270
985
1
1
19301
7555
65
4
7320
17
56
5014
17
46
10
20
121
3509
26
34
3981
53
1269
7
14165
25545
4660
23
53
66
8565
411
2
9926
684
1114
2
1584
144
173
1
13
1
2402
146
3606
9
21
5839
4
10
5
1
1
61
2395
16
1
4
136
3036
60
5034
10
10
216
60
7
75
38086
14
2
10
1546
6641
5
34
10
4679
3354
4553
928
5
1338
389
6152
1972
7
16
41
372
47
31
1
199
746
4
227
170
106
74
61
84
1
3
4
211
4
1243
657
19
160
7059
952
1
6
127
409
1
12374
15754
1
53
547
260
23079
12676
5359
2
19
4
15
3
5
13
1
19079
215
67
1091
1
260
1506
11
1476
878
4
17
36864
676
25
917
2
1
8
3
2
245
1
23
2
2
102
32
39
5
3500
1
3
1
2
46
1
56
155
4
23
8
54
181
12
556
1
2
326
278
62
436
2830
1
14
6
927
1165
10
4
195
8
621
124
1
2
38792
381
1
9
14087
3929
17
10
287
384
5
23076
7171
152
19
667
4
263
2
356
244
7
8
5
148
1
24
3841
41
214
78
163
4
1
36
7
35
1
8
15
28
21952
1304
124
984
5
1
10597
3
20
1
80
1
5973
1
1
162
139
19
36
130
8
66
3
60
3
2
3
7
6
15
94
12
11
29424
1
4928
2
2108
1784
2
2
647
4
15923
1
2
763
79
171
258
17856
3627
7151
26
2
5
6
94
1419
8916
1
2
3
835
3
8985
1591
10733
110
23
1829
2
52
9
3372
4941
354
5
2
5
2
7
83
5970
31
5
3
6323
6
57
4
6029
15
2517
233
1
1
1
6
12750
12
1
707
1
23
126
8671
6026
18891
210
57
2
256
51
441
228
1068
1
1
24
1
581
6
17
22
14790
1
3
3
63
819
7
2699
5709
248
752
9810
5521
2
3
49
5
80
4
355
1
6114
10
15
460
1
11424
479
431
4
2
3
302
3
18
22601
1
476
26
40
2
1
3
4
506
2861
2
42
1
1999
14
1
362
1713
100
1112
1894
429
2
4339
1
4
133
3
5
7
58
20189
814
14
6
123
1
27
1
49604
4
7
1
1
7
3704
28546
5
9
4
1
10590
1
8
88
9
239
1
1
1
294
3
2
1080
10
1
1
3
2
3
158
1
33
355
7
3
959
381
22425
11
9
1553
10820
26
4
903
252
8
63
4
2
2
2990
78
12638
952
5
20565
29
6
1
1
62
559
74
342
1
4
26
1
102
2
13
1
1170
9
156
9
18284
2584
10803
629
2
71
160
90
8563
5
10465
986
2
5
183
50421
5
1
3
1
23
1
578
5671
2
2
170
13604
9
13
114
3870
64
5
1
36895
70
4
957
694
327
3
2
4
6
50
3619
251
16
2
137
14
206
82
1189
18
7
176
169
100
1
58
4215
15
10
1
11637
34
71579
1
587
138
2049
135
1568
102
1
36
1
54776
188
48
407
1
22
2
61
880
3
13
94
206
219
148
137
18
1393
7
5
4
1261
1486
21684
12
1
41
24738
3
5
1
2309
468
1052
994
277
10484
1
1
258
3
10
20
5171
1
73
1604
614
613
1
1
146
517
17
1808
2
28
1
2187
13883
2
1462
1
5
1
1
12
1
62
8
2591
20
1773
12
147
36
2
1
34045
2159
4
227
257
1
154
5003
41
8
19
213
1
2041
14062
2874
10
26
3
6
72
387
6846
1696
1529
76
3137
2
2
16
853
1
207
4366
9
4783
1
35
4
1
762
3
1
1
27
8210
4751
2235
34
3
5103
4846
830
24
172
1481
5932
67
6
1
4
537
2
3
122
28
11355
62
3406
3
1
623
39
1
120
1
3129
72
7
1
29
293
2
29
670
5
1
7
7730
12
1
6866
610
1
7
12
20853
261
1
2523
32
293
4
19345
193
17
9
111
5
4
28
6
1
39
1
5
46
2801
72
7
117
6140
9
15
1
1645
7
179
5
2
1
132
11
70
6
2125
226
248
34
5
543
947
242
3
652
6
9
1
11040
2290
7
3
1
800
9
1
5
1
2555
3
14
3
5
4702
8
7653
2
40
2
4619
184
302
10
3
6465
8
310
179
1
1
31
2
6
1
2
87
3
60745
226
5
173
13648
2016
2
112
12
2745
2479
154
15
30
1
1
4
1468
175
2
2
249
14
44194
3
6
2
1159
16
2645
19
489
5
77
46
2
1202
31
8
128
191
12
13
14
36
12115
1
4
3
6
2
1
3
2262
5596
6781
6
87
1
1536
11
1060
471
2
4
521
214
1
82
6
43
24
17
1
117
63
20166
3
282
77
1775
7
21
132
3
62276
893
8
4
1711
1
7
3649
18
2054
225
8
867
12102
1
120
622
136
1362
225
10
156
1690
8605
1
2
1
5083
2
3
64
1943
595
169
1
14709
12
797
37572
1006
2433
67
137
13
4
2
3088
3
8
1588
1
2
7
27
411
54
458
374
3
3
835
72
2
62029
14
89
1
1
19
1
867
5502
138
1
6
1
1920
24146
9
23
109
11
1
33
42
60
2
2
5629
6347
1
6
7
2321
10
66
7016
924
1
3
7598
3
28
18
2
5801
23
1986
5
491
26389
108
1978
2424
7
12
49
51
1
45
1
1
4
10
291
31
1277
79
13
104
103
1
1898
992
42
459
28
10
7589
258
157
2593
2
30
43109
33
703
622
147
1
131
2813
170
1361
36
236
5
22
807
389
19
17
184
99
15
6
2130
11
30
1885
158
50
29
27
73
3
11
1
32
2
6
28
1
118
1959
3242
107335
10
5
2
6118
17
1
33932
5028
2791
10
5
1
37
2
1
335
3132
158
26
65
109
2341
1990
5003
377
358
38
838
31
756
1320
5
17
1
234
9993
22
87
659
1
25
772
14620
5255
15
156
1
20
2000
1
493
162
1358
648
523
208
18
8
2810
126
31
2
97
3
453
69
23
2
58899
8509
7
1
268
2
34
260
21
4738
3
2
7
145
6
197
1
111
4
4866
11681
31
9571
54300
21
21
2438
2
2194
2
8
6886
2
102
9693
48
1
2
85
1478
154
11
1
41
1
1351
3
1078
4
9054
5
194
2288
338
14323
330
31
24
136
727
150
37
5
8179
773
6678
4754
1
1
56
3618
21
4316
6
24
31
63
4
8
346
6
1
83
488
2
18
41
2155
54
11
34
5
70
45
5
201
291
4
2
3
3
21
82
3
1
20
211
1
117
11594
3
56
1605
197
331
2
1
1081
2
4
151
4
12
3
1
12
3655
7235
46
22
293
17
6
1125
13500
80
62
7598
5
30
2
732
4140
69
243
6503
18
11829
2260
9
64
8280
7291
5
4469
513
3
231
644
31
83
5
5
360
2
431
2
7857
172
10841
8
566
4174
2
61
67
73
116
7595
910
27
15
3
10010
1
155
9393
4
16
145
1330
15
111
827
400
139
19
479
9167
1152
369
1
1693
1
1
1
66972
419
18
8564
9
10
36
1
194
9
23
11
4675
68
3
2
857
10
155
3
3
15
13
3779
49
6371
1235
527
423
53
44
1
11
87
145
8
3790
14
198
1323
8
65
23
84
3657
179
127
40
1
1
49
1294
86
1
28
1400
17174
1776
103
1106
1
1
3
19
6
9
271
21
7
6
5
2
22780
19008
19
58
9
6619
938
13512
11
21
120
4184
4
122
4
8
94
2842
122
14
1
478
17
22
866
140
1
5157
5
3957
1189
6589
2636
115
1079
4
6
690
48
7408
48
34502
15051
23
4
62
3176
3
7489
469
1
42
9
2
1548
53
1610
2849
6
8015
3220
50
1
3277
36
228
7279
2879
6
4624
655
1332
44
3
3
178
889
3478
1180
185
1
1
69
395
152
157
3588
47
41
131
166
421
7207
1
271
26
2522
23
1
13521
5
9
1
5168
1898
18
19
2
51
2
18293
2052
4
477
37
285
11
1
25
326
191
4853
1555
6
4308
133
61
3
862
3
24
41
2
30
58
421
26
463
82
20
1791
186
8
2
8
16
78
8
20
33
147
1
290
107
76
103
22
4
19
4
75
96
542
2
3763
1
9
3484
3
11
24
633
1
31
53902
70
52
116
51553
17
5
159
124
211
156
2
5
5
5338
741
11
1
29
46
1668
340
1
19
41
95
1
3800
23
110
5
18
17699
230
3
6
26
14
3
2
1
1
263
5
2
4
10
12
392
5
3046
20539
40
1
16
5
2
2776
330
5
10210
32
3625
131
5
2210
2
692
35945
1146
1
25
28
4613
85
4
20
59
30
2358
5
1
1378
1
1
8
1
1
182
852
34
1
25
5989
884
2520
9175
550
96
37
1
6207
661
17
4
150
212
16
41
1
639
480
32
2283
4242
5
42
5
3
48
1173
10
1838
4583
26
42
19
17
2
2
8
317
15577
3662
1
32
26
4
1
126
538
1225
13141
143
10
36
1
3
42
1
7
29
11
8790
19
1
20477
1
2
266
12
379
50
15
2
47
156
821
5
14
3
792
1
1
9858
5
10
15
5
2
1
261
28
613
13
1
2
1
43
1040
2
5
39
167
1711
2
58
11
12758
445
396
1767
2630
1
3
3
61
1688
190
1
7493
179
8
134
10831
120
876
211
9
5982
28499
3222
30
399
44
24256
981
19
10082
13704
42
1
1
8578
1
1
11445
490
55
1
819
1
267
290
16
296
1
12291
58
5
485
2933
5
818
736
4676
175
2380
2573
3
77
425
6595
2824
3
5
4513
1
6
2
2
1
12
1
58
4469
1
2125
3
109
2
1
153
258
1
1
7
138
5161
41
4
11627
815
22
3222
1485
12559
2307
1
6
15805
8
532
2
30099
30
173
5908
4
15
4
1
417
278
2
726
53
3462
5421
1
100
2
4
4
6004
4719
2
6
665
1112
3
14973
723
100
10
15
9312
3
2
298
26276
3641
750
18
26
5134
79
1
2167
2
11967
1098
1
9783
1
4
5
21
295
1
157
77
193
28
77
27
21
83
4
489
1
78
1
117
4
1934
340
1
1
6987
3
5
184
23
1
2
17
2
1828
20
4
54
376
2
16
3864
173
209
807
8389
77
19
2
2599
1074
45
1
1
2
133
2
7468
4
2
98
5324
8
7
516
1
4306
108
8
287
1
1
1
11
6
3
2436
71881
1
66
12137
191
2
43
421
95
231
57
46
3187
1289
2
2
13
17
2
8
2
3
11154
2
44
13
9882
155
1404
787
11165
1
5
3
1
134
50
2252
95
56
1255
183
17617
36
5695
3845
2
13
10
107
3511
215
17753
1085
28
1
1
7665
4
31
125
36
11
41
10997
3
23
960
8
1336
1
189
921
4
7
42
426
12
1384
21
5
841
459
38
7
13045
13
5441
132
15
1
214
10296
2
1618
44517
404
1
1
26
337
31896
2
4
36
2355
243
9
1735
1
308
4
1374
102
32
2016
7
2
395
292
1484
3018
12
29
4
2
12
13
42
19
583
289
803
138
4
23
7273
369
155
1
22
3650
1758
59
945
26146
1638
13
43
3305
9
107
93
1
12
54
31748
1
1011
34
354
33085
50
6768
24
69
1990
1
5
3
41378
7495
1
2
11
9406
2
283
1
2
103
7
28
46
9255
1
4
308
508
1
1044
17
9
3665
39
22
24
1
7128
16
4037
183
8547
3
1673
292
2793
1495
15226
1
42
4667
528
2
2
19
4
2
52
11783
136
21396
54
158
10
9
1
68
2
95
93
1204
1471
663
306
12
62
42
667
606
5
1
13052
1856
1721
307
1
29
13210
1
125
14531
10
1234
319
17
3754
24
710
184
3
2
3
8
13
445
8
28
5
1
54
2593
3
18
2
13189
19
10
37
18587
17358
281
581
400
1
19301
1
6
1
191
404
1
253
94
218
165
253
1181
74
40
23
100
1
2
125
35
13485
228
1
1
5209
3
18
6
3
3
126
49
3642
15
1
801
963
2
37
9128
2
11960
638
54
675
1
849
144
688
230
24
35
3
9
1
1
45
4
4230
7243
16
21301
1
36
2416
2
13
69
8
279
29
98
292
752
187
3695
63
4453
2359
214
98
2
29
534
607
5078
2643
91
104
2
15
1229
28
232
18
6487
55
844
1
19
409
4
1
71
2
402
15351
82
993
53
6
1927
99
10
122
82
8503
12
1
66
4317
1065
644
3524
199
1424
4
9
2029
75
86
2493
1520
19
2747
96
7
10005
985
6
276
1082
36
4
26
9
612
44
3
14
7
9
151
8
2
4
10
3
2
1
1
11
4
4
6029
39
118
3
27
311
2638
205
40
1
3270
2741
9
1058
4
7
143
2
49
11896
14
215
284
2
228
1
3036
93
7045
24
53
52197
8
364
1
165
17
14
1
25620
5266
25
125
1286
54
10
1756
3
255
11468
54
111
331
20
5
13773
238
15
87
4619
15
1
68
10874
618
1
1
36
1439
3212
2
4
235
1
83
1388
10127
4
200
4
1
78
491
3
11
5
1574
26
2
285
378
2
94
951
66
443
5
1
4
5
39
64
27
73
1
292
23019
2
2412
1327
388
4765
62
3
3594
31
5
6
7
2
14
20
784
4379
94
2
242
7901
4416
2253
391
5
1
826
1
5
172
57
286
68
80
123
14065
1
1
5
1
221
38
136
240
97
1065
3
21
1
2
40
10474
622
1
2
7742
808
727
789
2
1131
14
5
180
19
1
1
337
805
21
247
391
1
68
7381
5558
1
210
15
28745
5
5
2
160
23762
3016
142
1839
1540
37
1
2741
1
261
56
1
10397
276
71
21
80
4
6
33
10
50
119
21
275
3
33
58
7
24
1
6
6
2369
4
7858
9342
7
15
177690
14
608
212
8
3
2350
2
1628
16
683
6617
1
1
78
1
29
296
54947
3
12
253
1947
3427
10
51
5
5
9
33
47
39
106
288
96
8
6
70
44
3
2
21
1
1841
638
36
13
9
3667
18590
2
41
106
5
619
2584
3
5
154
5
31
30
15
21
15
13206
5
2
26
4
550
2493
7
507
149
72
20
634
206
5
167
1536
7623
20573
18
639
18
68
86
6
7970
8
2254
12
1643
6
53
25
1340
11
568
46
322
10
61
26
254
86
35
33140
49
17
162
5
6
3
13408
2395
14
51
40
3
53
5
5535
382
3
13
169
4
125
2183
60
54
10
18089
121
12
64
44098
694
409
69
7855
226
2
5383
37612
1
1
145
4967
151
135
1
6523
1
13
182
26
301
11
5
410
892
8
158
47
3
14
1
76
2
490
1
31
262
2
6
31
37
226
7
2
3
4
6018
17
51
18
4
1443
2
203
196
9
926
262
9
14
28
5050
59
1
8
10
300
1
191
568
57
772
1288
1
9
4
4
20
211
24552
1
13
37
16002
16283
1
7
1
1
982
6
31
19
6073
5
25
1661
1
8
18
816
3628
1
5
1
11052
23015
9685
361
4121
9
116
7
3
1510
41
1292
5
3
35899
31
5274
1
1154
3
5
9
5
42
2
271
14
19
2
1410
5
3510
2
14
1160
22
806
12
1147
40
1
40
223
948
639
6
7
407
907
1
689
10
24
8126
585
861
5881
1
114
7
6
7317
288
26
17
1
410
61
2727
9
3
658
116
2904
623
17529
1178
575
6
2191
188
2045
111
181
1
134
22
2
359
5989
5
5269
5
2
3
482
1
69
1
6
191
29
1
4
11
1
2
14224
6
16623
3
34
4334
24
6
18
807
701
11
7206
1
7
30
167
25
869
4
12
1
3
142
1
1
12
193
88
1
104
210
211
3
6
4632
2325
1
2
273
11601
36
3
15
3889
25
135
692
6
3
6003
48
13
575
82
1061
2055
12
3
26
1
1
500
2410
1
168
8
14210
11
32
3540
12
77
75
1
12
318
8432
60
3742
7
1
4
5
2
13
4
10392
1194
1
170
102
25
1
30009
2
84
20
134
423
1
2308
1
345
29792
2720
1
51
96
3
30
7
12
3
8
570
84
32
57
24
345
73778
7
11
7
28
1
38
3
283
4554
8182
65
3903
3
1133
3499
81
39
191
3
61
7
38316
2
4
272
222
1002
23
369
19
5
1
2
105
183
14
16
6
1
4
6
15190
3
117
2204
24
10
9803
8
3
10
219
14328
49
4
221
427
3649
1
4
1390
7
705
1
21
3
136
27
1
3
6
351
21
4
12935
3
68
2
9065
1284
7
66
9
5
33
1839
11
43
2
1
47319
188
188
1
112
4
600
58
168
9266
5093
68
18
16
32
4
182
4403
9008
7
1
1119
17
5966
192
1
41443
207
1
1368
495
18
1
3685
888
1
20
3
3451
2
5
1
171
26
32
5
13
2848
33
729
268
370
886
2
2
4361
1
2
284
1754
220
5721
8291
1
892
6463
2
3
916
170
2082
358
338
267
352
15
996
3
1
23
11
743
1404
1170
209
27
38
944
279
2230
1
2
2
2233
5350
1
1395
11
5101
2238
8
22
8
3
96233
41
11
1
12
150
3082
1397
6948
1
14006
2304
1
2
827
2
21
4
31
76
16720
1
1281
86
8
53
140
6
10484
947
2443
700
855
9946
1
2
335
11
30
661
3073
2
57
1376
426
32
884
23248
286
1
14969
162
1
47
6
1200
42
90
1
120
2
5
19
27
1918
121
73
512
94
22
4736
1
443
9
24360
7
2502
559
209
1
1060
209
142
3377
13
3003
1
75253
6948
211
15
574
4
72
19
2
58
6
395
2
10153
326
888
1
2023
1
7
1
1
1
4
301
11
1
3
1296
2
3156
4
445
7
1
11362
97
1
2
23427
3
1
1
1
31
3
43
1
4906
3
3
713
4
1
96
21
27
12
93
7
5737
3
300
1
3
148
28
420
996
65
149
794
4
106
6
15
1449
2
20
587
23
716
1
1
44
15
17
535
4
2563
359
2400
1027
34
266
326
9129
27
193
1990
15
257
7692
274
4
54
1
174
10
20
8191
12
2977
199
911
20171
2
24
14
3
50
13
5
4682
21
229
2128
57
367
17
38
69
10
10912
6802
19335
1
3822
1
1
438
281
1
8
4827
15
23
90
18
16
1
500
6133
244
402
21369
215
3
1
100
620
38
437
1
4056
45689
236
36
196
44
841
14332
3
60
1189
128
31
185
1849
9367
619
1
5
29
3
207
14
5
10
130
6
8
796
273
10
55
207
1
27
50
86
6
19196
3308
36
2824
204
14
1447
1
67
26
2
7466
2135
2144
1160
30
266
26
604
15
3270
1
1643
7670
2265
4170
2
26011
57
749
1
2
2232
41
885
240
2958
36
20
3
2
3
1
258
472
1
1
459
28
44
2599
9001
539
6
1
690
1
3917
27615
4
2
1242
1
4504
8
9
38
9
24
9
5
2
273
272
3
1555
2
732
3
212
45
1
126
3
32814
764
17
125
37915
10418
5
11
4
32154
42
216
60
38
6
15614
80
2
335
8927
2245
2472
34
1396
655
39
137
2
129
10
3868
1
2547
3
1
68
15
28
1
75
4
7
18
21505
2
10
310
1
15
44
679
57
12
96
1771
173
130
1283
26
1
13141
145
1525
5887
10
24
50
11
519
3010
4
10542
9
1465
3540
18
3
1
179
2
392
3679
11
52
14502
2
17
2
4449
1115
2
580
2993
3729
81
3435
6
1051
1
5866
1
296
11
1
35003
67
2
15
2
1851
126
1
2317
4425
238
7
33948
375
4
50
6
68
4490
1
41
43
1880
429
24
179
166
4
1
190
1
1362
9
83
4
4
3777
36
807
2
441
1
6400
14953
2
121
7590
3
125
4
107
56
8
14
817
180
34926
2
8
523
4927
609
9
4
43
54
1
13
3
1
6378
1
157
53
157
4005
3346
1489
2
2554
67
12
4
110
276
1
16
10
1356
17
1
249
84
1045
4
17846
16
1
1
1
8
4116
6
2
4
42
26
1
24221
2
6
10
104
135
22150
9011
45
24220
3
1322
12367
2
1
41
509
1692
66
1
2
2
744
6
37
1
1
137
4
2
4
41
169
2
19
3
261
2037
6
1
2
22
31
468
1276
2
15053
8764
1673
154
1
1
1
17
3101
552
12
137
6541
4
1
41
6905
140
1
26501
830
28
12
125
1588
141
8907
1
53
2320
6169
222
137
1
99
6239
1434
7952
2
560
130
71
11175
156
175
21
1931
42
175
11627
1460
4489
2
56
14
129
365
2
1584
1
179
226
11
24
408
5553
22
92
2323
2
5
849
2
15
121
16240
189
1
3
3
41
7
3
14590
2567
267
1
16
1478
44528
4
15
1
34
353
272
22
39
187
6
48
15631
35
1
15085
2
150
1809
11
15
203
378
19
9
2
12
9
151
4
1
7698
4
25
3340
6
2
3
20687
103
74
386
414
4
5
28
8497
3
1
23765
3971
265
1
2
3
3
92
29
87
5
56
1
2
230
6321
443
3656
6220
1756
769
11373
6
60
14
3
9
1863
1
94
2
2
4561
4
11
11
132
5
3231
2
2
3
4
18
330
6
115
2
13742
144
1
77
3168
89
2
230
1103
25
15
3908
4
60
18
299
1
193
1261
13784
5
2
237
22466
1510
4
67
343
1361
21
2
1
698
15
1
2
46
69
10866
41
60
5090
635
1
7
1148
4
18
11
41
8
1
10
942
363
2339
23
27
658
5
67
2
2879
4
4
144
8
6
1
34
67
9
28
1
1
907
77
52
12
9
1005
4830
52
1
2
137657
2
2
23
2410
2
5670
6
2
1
13
2
463
17605
20
11
3
189
1
45
1
2889
166
3967
11
4
384
2118
4
6
2480
248
24
2
1
1899
4
226
143
3
545
1602
2
1372
5
1460
4
15
7
26
176
13
11026
2830
1
152
4329
2
2147
15
38
3192
71
11
44
4950
1
241
3
267
134
9
5
208
292
64
55
616
2415
1
2469
27
1454
29
2
1
918
1
2
4903
1
1827
129
4
3611
35
95
40
52
2965
3
462
231
1
1
1
350
1
66
4
1361
1866
9
5
12
13019
42
155
1070
118
4
1
322
66
5
132
273
79
333
5
35
2
1
2
27
122
58
189
26
196
48
130
2411
1
1
2
23
20847
113
2
1602
1
2
2
1
11
44
24
711
2034
137
3735
19874
2
113192
88
1
2
9393
11
190
2
26
8538
1
1093
2422
5045
3050
127
1
265
15
127
300
1737
63
8
20
31
4311
10
743
2
2
142
37
76
1
1658
26
105
136
31
64
95
117
82
262
11063
446
5
4
133
35
2
10
1
808
1
8
19
15
2917
13590
3
1213
137
151
8758
1
373
395
47
4
320
1
8350
45
930
36663
2320
2
8
78
16
281
3
13
45
46
916
6663
3
3390
57
7
53
3578
89
437
42
7944
13392
20
3467
263
32
6
365
1299
11
1080
5081
231
27
11201
8
1
1347
86
1
35
5
4881
185
126
29425
230
42
106
628
4
56
9
1213
17
21
11
27975
5901
18
2
307
4
11
47
2
372
1
3088
299
2388
32
1
1
1
9
1924
1621
33
1
3
498
20
10493
22
3724
53
46
1
10
4
2360
130
1366
17
1
3
5
2
1
2946
2
118
1
3201
4863
17
2
563
32
644
160
6
44
43
172
102
27
17
23509
78
5
24
3
442
2
3290
18
1
1
1
1
1
1
19
2
450
145
64
2
12
9723
1
5
26
361
1966
17
2
67
36650
1127
24
2
6
234
10608
97
950
56
842
1
2
135
16
836
1
6
8
38
151
7
691
9069
13
2
13
2283
1822
2
115
1
4
3
1
3
22780
20
10
24165
942
7
741
54972
1307
12993
1
38
1
540
1
227
14
596
56
3
12
4794
36
2863
2
4
1
878
6
3166
38
1
635
1
29
332
1
295
2
4
287
1041
4753
12
2
9
3
93
6
6
4
8908
763
14
1
3
16
47
7
5080
4
8120
862
21
14449
43
13739
31
84
4
3381
1
20
1
13
210
158
23
17759
1
15
527
16772
58
127
31
5
774
7
2
7849
489
13
1
39
5696
3
79
436
217
1
24
5
2095
260
91
21
24337
3
1
9312
1
26
531
3
4
7342
6
412
15125
14884
28
2
207
2779
1
1825
206
51
1
71
8884
29
4539
1463
1
4
4
7
6
1505
12
1
713
25
3
22
158
1582
1
37
1
2
290
628
18
8
10217
11
24201
1
1325
5
9
20
3
217
779
1
19
1
5
33
8588
127
1
19
54
26771
6839
8810
3
28
8
3
5
21733
95
8
1311
7175
2522
2
8
26
628
5
77
2855
116
510
23
10191
41
47642
1941
49
255
2
12866
568
101
1
32
95
40
59
8
34
2755
13648
6
4
11
569
49
19
1
1
5439
11762
7
415
15
13
1823
7831
17
6
8
1
176
5495
10
4898
29
6
124
33291
102
106
2
176
139
7
2
758
38544
15163
300
398
733
635
638
594
3091
34
8
12
7
14270
100
47
8
7
814
4
10
132
33
5
50
1
1
284
79
2993
1
452
8
5
43808
3721
5
247
1
6540
3
1510
24080
604
14
1
55
866
950
2
22
1
655
19
3
2
97
3
1474
8
56
5912
3
9
3
1
173
28410
18687
4432
5
546
27
3269
47
16106
1
277
2220
38
2
1
27
26015
270
17
450
2
29
2
703
2284
411
5435
8
212
922
20
2
167
1
8262
5
1782
1
1839
25056
275
12
2
33
1027
1809
727
147
8288
1
121
9
2
7314
17
2450
1
1
4
21
1
1
13056
7
29
1
5534
6633
24
1
3045
1018
1
95
1171
2
1
2
1
1
637
4827
266
2
1
734
5
11
1064
1682
658
13
1
819
1
8316
18
16
2142
1
5
210
5833
22
3
18004
2
3
12
1687
12
270
440
3
1207
1
6053
3
873
124
13563
22
180
15
2
4242
1
2
4389
3167
1310
24
7763
27
2
21
815
26192
2
930
3
2
46
291
1652
64
7679
9
186
265
67
10856
3
784
16
3
36
55
988
1770
29
1
128
1
14027
9
85
10106
93
6
6030
2
3
1
1
106
14764
39
13912
176
9630
2
4
18
733
18
2
1032
12
5194
4
43
290
4
5
1
22
4456
6739
1
7
4
3
195
424
6
8
1
8
26
28
10907
111
347
556
201
80
6
93
6
13
20
612
107
45
1
1328
2
16930
3
20
10391
4796
9
67
121
126
9
4
1391
6
5
3
78
18921
25202
14
24
3033
22
95
2
15
36
1
2
1
3
112
359
2186
14
1772
3
997
4972
53
62
4289
2
1
21
8
4
3
4
2
224
23
283
898
7575
18
53
1902
35
32
717
82
1
4
8
200
1811
378
7890
4
2102
44
2
2260
1
58
12818
4
126
7
535
397
5
22
25622
14
4
3
910
2
7457
2
33
40
2
1
7
95
3
1
646
3
5
2
253
11
9371
75
48
136
2108
6
25
7561
695
5
5310
5883
9
707
18
1
325
1
4
1
1
756
58
4
2
65
20313
26
207
18
2
1
53
1
6
10
71
8
2521
2
917
4
4914
517
3
4677
6
318
229
1
22690
1
337
5647
6
634
3
20
22
15
2807
17
3
104
6
69
2
1
9
54
1
2
389
179
2104
733
308
80
2
1
34965
2
1
804
10
2
5
1650
1051
2
3
1812
233
175
4
5
4
24
1698
16
9582
134
4795
1572
25
6
4
49
16699
1
1421
2
1
18
45
1
50
64
14
19
1
533
92021
2
1
2
42
1
42
1
1
1
15
456
2412
286
733
40
60
24867
5
607
124
41
232
221
862
11
26
6
4
21130
3389
2
20
67
106
4
22
29
1092
7
10
1
7166
1
2
7
18
14
10
141
23
14
1
3
6721
9571
315
118
2
20745
2
3517
287
1380
21
10177
1
3
877
5647
497
8
18
42
2897
260
40
20100
36
1
232
11
4423
2
2
892
4
14961
7
5835
2
1
15
2181
1
351
2
24
56
1
21
2
82
1
1179
575
1851
3
1207
20
167
21
3349
1
37562
8588
19
2086
293
12
12
42
47
3
6902
10011
17756
1
4963
3749
62
10
6071
32
126
9023
178
1070
1306
253
14
3774
3
2555
1
18254
59
5
40
545
99
617
97
19
45
4
2493
1312
543
498
1336
4602
24
4
8698
2
2
468
1
2926
4371
43
8
2
461
4
16
12
156
12
238
1
598
9
23
2115
286
176
176
37
5
1
1033
2
45
2458
1
160
1
181
1
1
1
8
89
1515
5380
2700
32
2
32
368
28
119
53
531
1677
1
21849
4
1
56229
1003
2307
2
312
130
1
21
9
7
63
9
1
184
8
18
4559
155
26772
83
1625
703
185
42
1
30
18051
85
1
11
2401
28
10
1
165
1389
27
1814
277
1
225
3
1
600
114
127
72
2046
29
96
3835
848
11
2
2
196
1
5
191
258
1
133
6346
1
12
24
11
7
7
3
6
2
16
13
51
2
91
1886
6372
207
30
4
3091
12
2
17
3102
2179
18
10
105
245
16145
4186
7
4
2
5
30
268
4
469
754
1
9
2
4
133
17399
82
1
51
2
2
14927
1179
22
337
1
51425
50
1
6
10
726
3212
5228
2
87
6
2333
1
1
59
1154
776
1346
30
4
22
2714
11524
16236
25
62
1
5856
17135
6
19
3
37
4
1
1
225
20027
7280
3491
1
102
43532
3023
327
1
1
10
55
4
1
106
98
3877
1
380
12
70
3853
786
12
1
403
1
319
92
8982
1315
805
36
373
5
104
1018
33
1626
1
7
19
34243
66
1
118
2
532
1
105
4
215
962
120
98
5522
16
1
24999
1
15
65
6
281
7
6853
926
9017
1
2
1
3217
16
333
398
1393
1
1
745
22
41
4
420
6177
28
24
1
52
20
1665
42
17339
569
21906
6
728
109
18840
116
37
7
7149
5
5
5
3
9
8981
118
1
1
8503
1079
367
20
1
1
2803
56
21
17
204
14
6
8
1000
57
12
19238
487
4
4644
4
7
28
5827
1
1
2523
1348
68
530
4
20
3
1824
976
253
17
31285
3178
2
19
2
2
1
3
170
7
771
9913
5713
790
2163
179
35275
1753
1
24
2
1
3
1013
20
2627
1703
19
51
3
337
91
2893
28
5
453
419
23
45
1
293
1
55
307
151
148
2
1
313
1
11
11744
1
8
114
8
134
48
4928
16
2458
50
6
11
1
7596
253
3
2179
1
2
7
70
26824
16
4608
21
29
5
2
13
3302
1
38670
8
7
3
291
2
2
34
82
393
3760
300
74
215
2
1117
1
2
12195
4984
10
4901
1389
244
19138
320
9465
4
1
6
673
1908
7
14989
226
236
1
2169
5
934
2
101
795
31
2
10
635
7
99
136
737
13
2
1791
6466
35
64
31
4
205
11
28185
14
31
149
2130
755
4330
1
317
2
43
33
42
5
31
43
1
5095
5139
1
134
5
3
32766
4178
4015
2
1
2
1
994
321
2
909
244
399
19
1
2776
2244
3032
29
2
569
2
7171
31
2
10
7
3
42
1633
18
5155
1
291
78
1
26
8927
3
38
811
22061
2434
7078
22
3
1941
31
132
2
6
54
2
8
6
11
5
790
1
6
651
47
106
1338
197
2540
9
677
20
29
28
20
46
3
43
4
113
6
2
23
49
85
19399
1
98
16
238
11
1
3104
10981
1
168
209
26
11
1
942
5252
5
1707
6
10022
4389
205
787
7
347
2
3968
16
188
12
29
22
21105
134
2
10047
17
24684
1
21
9
56
514
5397
946
118
6
3852
8502
178
144
2
15991
13
198
1
8626
4812
40
3
58
35
2
63
29
20
24
33
23
2732
16
1
3306
140
16
2
5
3
11
5
2
9
8
649
2
4
6
1
25
275
174
49417
35
8
7
437
14
2
13
7
1
836
3
10
14768
5
1
2
2188
1279
4
1191
13
1
1
6
1090
5574
15
9
527
87
2
130
9
6967
20
5558
91
16568
286
61
30
189
62
2755
485
1
1721
103
66
30180
344
214
635
2
1142
30937
6
2
6
541
4
12
4
5
239
8527
65
3497
8760
143
2
14
2
30
2
35
1
3
1
257
121
2221
27
1
415
9
98
5
1
3
1
32
3232
18
1
28
164
3
118
771
3
167
21097
288
23
3
3
61
13
5
388
395
8753
3531
148
2
2011
489
48
2
8
400
7529
1
134
23
4287
1
60
3776
3
4899
8
54
240
79
69
11
8
81
886
38
577
41
1
1798
1
8
1
334
501
420
862
4
2
301
88
5103
45
2
22
6
3
2534
48
1019
22
1715
1175
1629
1
1248
152
2
162
6
158
121
1
2
39
2
89
157
24
1723
4414
1652
1
4678
4
26044
19
9
58
99
39314
4
76
2212
29624
5214
3
6
1
328
159
9
1571
235
46
8
34
5
388
27193
10
11
9670
5
1373
1
1096
6
662
71
132
54
3
286
609
126
1
1941
4
3
2
2
41
6301
8
268
94
12
6
1
2
38
9622
41
51
4144
2
12
14817
48
54560
7
26732
676
329
7745
31
21
430
8
2
16
4
3
37
9
8682
38
6
36836
7390
226
1
814
37
425
27699
25
1
73
50
4
7
1
2
55
279
18
1
451
84
49
600
3
3
1
1
1196
2
759
1
878
9828
4
20
244
9
2
1
2
3
47
28
31
4
3
17
13058
354
4
47
14152
20
16
17
6517
9
152
9
1
192
1
33
7
15
10
8565
1088
3
108
243
56
10
6
34
38
373
9
95
8
174
6
299
186
659
7592
1
18067
1196
14
1
1832
1531
3
4
2
4100
9
1
40
10
407
68
838
22
27
75
71
837
1297
4
75
18786
2
185
14
5
166
36
2
5
1013
51
964
6126
1464
43183
1
24
1185
2
1002
8
197
504
36
9019
9
3708
5413
161
1
37
1
1
191
1
5
1
4
53953
105
6
82
2278
32502
7
2251
6315
4
66
1063
6
1209
230
1075
52
98
108
8
48
2
3326
28
21
1
39
23
4
1
1910
150
170
10
61
7
10
11
556
6
7906
2545
1
1
37
20
2899
2
79
48
8
27260
11
78
1301
21
1
20
206
125
116
2345
1
31
15568
2912
16
5914
1
2
1
2
67
151
5
337
16110
216
9
34
1030
4
3
4
9
3
1
4
374
1
352
94
122
6
10
3159
1
232
4
5697
269
4
330
132
134
45
1
801
18378
4
5
60
76
2
2
5
2
2
152
10352
15357
208
544
3546
62
13372
9692
258
2
30
189
10
3242
7869
8
135
2024
332
1
1
3508
1
26
16139
1773
9970
1
125
5
1
26
535
5491
2
502
5
2
1246
11
11
18333
74
25
7
1355
1093
124
942
10060
1
216
1
5
32382
2714
789
1
12
8
83
66
1050
9527
3
13333
372
68
1028
1062
1
7135
1
11801
1056
314
16
65
2
102
15
104
145
1194
303
20
14
276
1
38
1708
4
9
1
15
4959
6
199
12
1328
1
10
1
7
2
4
17
3
29
206
15
7
1
196
1
1
403
40
717
193
17
162
1
2
629
13
736
3
244
29320
1
5
23
29
3
484
3
1
10
3
66
1516
3645
202
6997
8818
647
185
2
6
9206
2
990
1
11
243
3
2
8209
447
1849
1
332
1
17
1
1
3
24
14030
486
18
195
3
29
7
1884
4
1
1696
6
1
7
1
350
3
1
19026
5
21328
3
778
595
2
8
14
3
8
525
14
12
64
45
4
3
4598
5297
441
433
116
6492
1
14
41
4
2879
402
2
434
36
209
5
2135
5402
13
19
15
482
526
473
321
30
9
3
168762
25793
25737
4
2133
1
533
85
303
103
227
29
1577
260
322
3
2
354
5145
7228
3
171
3471
7
251
1886
1
496
1
8
13
25
1
418
79
3
2279
361
7804
3021
4
530
770
2
6
355
2
23
726
53
1534
1
2
196
4
1
4
52
3
8
31358
10
1526
2
100
351
4
3
1858
26
4
512
375
21
5
37
75
5982
5
2
9
261
2
24
81
2
1133
53
158
2035
1993
14
4346
10
3463
761
2
87
2658
3704
316
1
2086
37
809
235
7
2
2050
49
45
2
11
1
7078
41
16
1680
1
60
81
4
15127
1
2
186
196
1
192
2
23333
115
4
8790
9
681
1
3
902
1
53
72
332
436
1
50
6
877
7
45
6
1917
129
2
133
12512
7
711
46
2
1
638
7982
49
5
11
480
985
25032
83
6
681
101
5
81
1
25212
539
596
1018
2090
1051
76
3
1987
52
50
25
2
31
7
77
142
87
622
14
2
95
6966
367
39354
18
16
51
24
20586
1
201
1
4201
1
275
1
26
111
119
160
42
1
5154
29513
3532
95
2443
9
2
8746
925
16268
72
96
106
34
1
33
137
215
2043
4
9004
31
1
35
8
497
154
15
30
2209
95
85
23434
11
508
101
214
4
500
5
1172
17
290
522
125
3
13672
1
3371
9
14
6042
4709
48
2
34
1
1
511
3
2633
64
2
1
1
6461
25
4
2063
221
1032
1208
1036
17
22
3
2812
63
2
177
29
6662
362
52
45
1035
15
1786
1393
322
465
461
8
761
1
14
2
171
28
2450
14500
1
82
199
66
674
2
9514
2
4
2333
12
2
5
356
1
1
164
19
2645
1114
803
30
39
4
4
104
12
14368
7
1078
94
1
14
29
36215
4817
1429
3
3
8
76
19
8
66
8
3
4
57
42
421
10
6094
2312
294
8
235
2
89
4
6
1
5
30
798
13
45
475
103
5846
3
2
1
1
1
1400
1
444
13
3630
3505
2
23
2
20
13
3
17
2
3
11
2549
3706
240
3
1653
997
14
281
1
87
8686
44
1383
7
60
6
6928
290
621
4
46
104
91
549
491
10577
12
405
643
73538
38
5
1658
42
2659
28268
1
1
13
2234
15
1
6
14353
2
42050
146
1656
211
407
410
7
1220
115
1
38
31
71
362
655
3
292
17
2
32
3789
5845
8
124
127
8
46
3585
1195
16921
8
1
1
9
3011
550
158
2
38
60
1407
4518
392
1
516
5
1
4884
29
43
2
67
5
9277
5996
101
63
13
48
6
3
1955
1507
84
2
593
4856
365
134
13
18
155
19
20
26
4
33
21825
21800
7
2356
626
393
403
57
1595
66
1
29
645
52
16
1622
18263
7
2
207
593
25
21792
2
70
1
653
1584
166
15117
49344
1
2
53
2
1312
3590
2288
1
3
3
251
16
1
11
45
441
17
1942
1037
140
36
6921
1
3
20856
34
7
5
27
370
693
5
161
3
9
4924
14
18
207
596
301
313
56
10
19348
6
2
1
2398
3
9281
2
13843
2149
198
168
1
8929
72
175
43
8
855
32
12583
141
3
2252
2
9
163
2
8
2698
2741
1
13
6
919
177
19
9
16464
290
149
11
1
58
67
13941
3
3082
969
1
1
3
58
249
282
1
4707
1
4
2
5187
59
10
2935
87
1
13
6
4
1
113
3
1
34325
4
71
7
3
698
7
9380
30915
2620
64
18
23
2
2
1473
26
61
2
75
2
2146
15
76
2
3
2049
8132
6
11480
63
976
2559
155
1
2787
9
15918
12592
35
21
61
1
9
3
68
2
141
54
639
5468
626
1
9016
88
1
2
129
5
1192
25
26
82
8622
1
20
6
936
1
60
2
1
14
2
262
9
8141
2751
2
10
6
116
48
9984
307
3
299
81
3
1
100
3
2
226
41721
4
1565
537
109
22
4
30
17
2910
2504
1256
118
71
3433
4
1
9
218
1
1
1
30
2652
21
1020
269
7105
159
160
1
1
31
24
17181
40
96
3
864
42
1
20
1
32
8
782
7571
13163
215
1
1
1
239
6051
2077
4296
26
2527
48
1
4
463
204
2
2
29
13
13258
57
10
409
212
21032
279
29
337
8
2
7
139
14
1601
150
17
3
716
254
663
8
150
5264
1
39
213
4407
1
27
14
1
598
2443
6
235
627
1996
92
1573
2
1
355
5
1
546
2
134
122
1
3
81
119
8
4
5639
40
192
9
1571
1022
19135
104
67
14
2
2259
4
3
6745
37
1
9
68
1534
367
16290
14
1
116
743
1842
1
16097
398
57
142
187
1
58415
779
8752
3520
2
5046
415
25
60644
14
44
998
5231
4637
15
179
16
126
109
6
26
1
128
10149
8
103
201
25
24
12
36
68140
6
2
5
739
2
13
29
5
1
177
1
337
9
3
39
2211
16476
37
1827
720
3
2
18598
129
398
1081
160
40
2
52
2
1940
2
2379
1
17
1
4732
388
1
845
9
2
26
11848
1
11573
747
68
10391
4317
33505
86
105
95
7
1
13261
117
2090
1
1584
101
7
2
4
29
7
83
256
68
3
31
7
1590
159
253
70
225
136
49
10252
1
8
31
92
2479
2
23803
1
970
4
1
426
4
4
8
22
1
12
15
1593
1
496
8
27549
2
1015
388
148
21854
57
1
129
3
46
40560
833
2657
2
572
1
27
2
4191
2
13
1446
1399
2
5
85
1
13225
1685
116
19
2
1
3
21
762
273
329
172
23
7140
4
890
102
4
34
4
2
2
436
4
3
5
48
8
1
18
918
8
280
2
123
7
3269
1397
4
36
7
1979
1747
139
1
6
34
317
1
4317
1
7
1292
5
917
21
525
7
12
4214
20
2
3
4530
4232
680
1
870
6
30
93
20
457
1696
31
9
2
199
101
3004
31
92
6601
927
54
931
684
272
21
73
5
5349
3
3
1
715
121
13
3
2
16
5
397
2942
66
3
282
6
284
1342
498
396
7
11
400
27912
52
2
1
1
1
1
661
1
496
286
23
346
4
4972
82
1
204
30
252
8
4412
844
556
1
11
6527
17
16833
3
6
7
10
414
40
69
3
16
1
2
2
1
4035
145
5
13518
1357
9
12908
4
929
1
1
13646
8598
73
2
4
198
34
477
474
37
35
766
19851
864
95
6
951
2064
14
89
7114
2815
232
4
4
1
31
1
1
3
2
9
6
9
1
21
6186
16
5519
16481
1939
7
500
349
13974
1
115
156
81
3
813
312
2
20
30
12547
2
25
11
913
114
3
398
155
3
1577
7
6
16699
2
13
49
54
11
64768
230
9
14
4422
1
18
53
213
5
17
563
76
2468
1
243
4298
1
11175
1976
1
6
1
94
6099
2
15
9800
3808
15
69
486
15
16
10
2
12
38
8
118
21
54
5
3
8084
50798
16
8
46
5326
4
1212
23
80
901
4808
532
3
2086
21057
215
2
1761
8560
2936
1
631
9
6073
3
2518
14
992
925
4069
875
40
46
15
37
77
12605
37
2
14
2
2
60
471
28
1
97
57
1
17
42
13
8
22
5
13431
25
26080
1
2
185
12195
9
221
9313
493
21
73
1
25140
18
3
1438
4592
31
9
5
3
898
6
20
721
951
162
117
1524
1915
3189
3784
18
669
15
12949
3327
99
163
515
26
1356
3
20
5
1
1
3
5
5
6
10750
1836
5
2
481
1
12
1
1
83
1666
292
9363
1
1
12
4
1
4295
673
6
1
375
52
62
4
5
39
57
1
6673
82
4118
17894
11
167
8320
5327
24
3
627
11
435
4
2116
3078
638
88
181
1
211
1
1
7
3
6
66
4
520
315
179
2
4710
41
2
63
26
23
49
68
9
33921
3
935
2746
8
1
536
3
17
13
44
15
1
3
1172
406
13643
26
19
1334
7977
2
674
1
49
3739
5122
13762
6473
19
1
24
17
3
24
21
17
89
371
8408
15090
4
790
289
456
17482
287
48
198
257
941
1
54
377
22161
17
8
2
6233
1
1
32346
7
18
7
301
3
25
1
10
320
212
1
4
2017
394
448
67
51
2
5
6
9709
123
3
1
19
20
9
3
3
1804
19457
1
9
1
2591
1
6
610
278
14262
14
100
11
14
45
109
1
19
16
23397
1
182
13
83
1
154
324
3
2
9
894
294
20
10
41
1031
29
13
2
10
3
292
1
6
1579
14
126
22
2850
1
27
1
156
66
7776
6678
205
49
1558
2971
1559
59
1
11966
27585
170
114
1215
608
1318
46
320
2
13
8410
1
131
19
31
215
13581
5
8
86
8
133
667
281
3
12
3
3821
448
301
414
127
2
5665
89
52
25
1
288
1
31
1
64
21
111
632
318
203
25
4
67
12
27
39
35
14
42
118974
1514
2
1
421
170
1641
6
12827
966
48
977
12
18
7
5
19
7
5
2
2
4
2150
66
10040
26
2
2
3
72
1230
5
86
1
3
1
121
13598
1
32
2451
4
4558
5
741
2
553
627
650
106
259
111
1
2338
4433
4317
520
910
11
4
12586
2
12
4
12387
17
3160
1987
1584
47
46
266
6
1
4662
1194
3
4
25
213
3
5723
1
1
6
1
7
43791
6
196
1
12
291
2
90
1899
225
2919
1
562
29
466
2
94
6701
118
848
5
2
23224
36
22994
36
44
8
38
65
16
38
62
6425
53
1
1
32476
1347
926
6
4
12
66
1
3
1864
19
3
5
4040
3
1
3
1253
2
75
1
1
5608
1836
165
12
347
4
1
244
2091
589
101
2
4
4
9
11630
3666
15
10557
15
184
836
40
53
19444
2
5
2
459
9568
1286
3299
35902
8
1834
1
5397
438
107
24
6118
9
229
1
15
257
1490
1
93
20
1
10
2
3494
920
3
1
4
6249
11
344
183
1
1
1076
53
10532
7034
1
18
3701
4
425
508
39
15
366
66
4
13644
3
2
12201
128
5116
1
3
42
1
99
2232
3215
3656
4
1
205
187
1
95
115
231
15
2269
46
1380
4
1
109
106
7
4
2710
1
303
1
4376
3151
7
3
12745
2876
5
9232
2
2
7
34
1447
112
3237
234
2866
2543
9
277
8
65
1
2
1
76
46
13
6
35
431
15
181
15
310
1
61
42
1
43
2
7555
4594
17
7
57
14302
7
1
278
9
2037
348
3
42
1
1
9768
945
3416
183
189
1
141
1750
1946
3016
20
34
7972
70
2399
374
10335
91
1
31
2491
2
2
14
1
1
810
2
6718
835
1
35
10019
7
198
1245
3093
40
3
4
409
6
16
1442
3
8
329
5000
615
307
523
1
99
10
12883
45
287
22343
51
303
620
9
2681
572
173
1217
3740
1
4
10
38
425
341
1226
7943
360
7
2139
81
3
19273
1
417
262
125
12
4
23
560
9130
60
1
200
6315
7
794
5
3598
28
4
89
91
146
1
2
1
916
17
63
366
3
3823
28
82
17
1
1848
7
587
1176
74
1
8
1095
143
297
2210
21
2
4
8
163
243
5
84
417
7
9
134
1
207
4
4
3
1
56
10778
2
92
1
3
113
14
6
1
9815
15
648
1
22117
16554
1
22
40631
186
5642
61374
1
387
52
17826
8
234
10299
57
3
19
2
1013
112
1
9
6
2501
694
2
15
130
1
39
15
25718
1605
1
75
20081
4100
11
1271
4
67
487
3259
1
89
1326
53848
1
90
232
2
92
8049
3
17
27178
1449
39
2
5
1
146
7639
481
988
1828
1475
69
1
1
27
3
7
25
3
18
203
2
729
85
1
892
27
266
44
1
2
352
423
268
254
31
12494
2654
47
220
4
1
16
1
2
48
4294
80
2917
20
84
221
1
4025
69
392
30
3219
1
3346
13
12388
511
32
1772
6
886
14
108
2594
486
43
46
1
421
4
20
25
3
52
226
2
112
1406
1
29
82
1
4
30811
2
94
25
11
7
5
491
49
196
1532
5
4
114
229
156
22
196
1
2
1
1166
2
138
607
42
8
2740
12582
1
1
2
22
995
26
101
120
5
265
48
14035
6381
14787
38
2
643
1
2
103
1
196
461
12
8
5
1
2
156
1
65
1
48
630
631
4
20
6723
24
1
24
229
8167
185
13
40
2
124
1
24
3
5688
23051
22847
1
1337
53
7
1
386
565
8
1
37
1
255
2352
603
2529
872
1646
58
9
130
503
3
5
1
407
4
826
1623
3
12
1
229
71
1
3
17
95422
348
562
51
27
5
36
1
33
782
12
16
9
1
6
41
81
191
2
22
1
38
5908
264
19
12
28
10
2398
6
150
9
1
8
2159
3
1
1439
5
3
1244
881
1
232
120
1
5834
229
1146
2520
270
99
78
11
5
9982
5
2
58
1
1294
65
40
2
8
24445
2
76
10
19
12
7236
205
2486
130
2594
973
63
393
7
124
2588
7870
22
110
1
1
2
635
2376
19
28926
953
182
12
9971
4
6
1
4
615
14
13
13935
173
28
3352
46
1
534
1
2
47
66
4
2841
865
899
160
14
2
988
158
32
67
84
1
6868
45
10646
5
957
2585
1
1
104
18
202
1
2387
11
28
46
36
1
287
36
1387
1
39
10
15
12
92
44
5
122
2
3
88
490
963
2821
51
268
13
535
58302
5
1019
24
36
5
2
8
1014
447
9606
4
4906
154
1
5
71
2407
3
169
98
2
93
4063
10
1829
5
120
37
10
1
2
1
49693
14325
55
521
54
12
1
448
1840
3914
399
485
31
1466
1659
21
399
5
19
6
3116
1
3
4
1
13
23728
26
5062
2
363
5
3425
2
5
213
7
15
332
118
1
6121
700
219
2535
5
767
3055
8066
6
6
12
18
1
35
18
109
41521
817
1069
16
5667
11141
1
265
802
3
776
968
1
3225
261
4
6
229
124
49
7
47
13665
42
14623
2
53
1
811
9319
2
1896
11
2
1185
38
219
37
5441
6
120
4509
69
1671
7
200
1
117
4
216
3987
43
26742
8
1
1
22832
2227
1
1
4
24
1
9
35
50
2
25
189
1
11005
44
203
200
1028
398
6
823
570
1
8
2
4361
3
603
11
144
273
68
5
4
412
45
581
6596
1
1
3608
1
434
136
7398
3
341
5
17
93
13846
2
6
1416
6
51
2
150
17
14
4
16
12857
11610
927
22
61
1
4928
107
262
2
79143
270
1
4
715
112
2711
3
20
3430
5
9573
2
5
598
6281
45921
55
3
150
564
7
65
80
38108
86
3622
8
341
1
4867
2003
4104
1
27
317
136
2
1
12190
26
2
342
1
151
1946
30
7501
550
46
24
15
180
1
35
418
609
25
61
885
68
2547
2230
2653
29
770
154
34
4
253
103
137
18
7
463
2
4
21559
287
38
6125
288
45
1713
7
514
190
18
70
2104
178
11
4
13906
66
8
22
2343
40687
11
879
1774
22464
58
400
89
2340
6396
2
1477
14
1
12
3
701
4
15
16
1195
41
1321
1
47
7
1499
2687
2167
5
2
353
117
6
3644
49
23
11939
292
7
19
345
366
1
21
403
1755
11
10
1
14
940
7
1
20
841
15
5
71
2515
33
9
4
15
407
88
1
2
501
99
2759
194
36
2
46
2074
2
20
5067
15588
114
2
2
3456
1
4
1
2
1
1
2
32
1
1389
25
31
3
1
19462
10
73
1
7
84
21744
1432
5
6
6148
9
73
2
477
10
14
152
4
1
34
307
882
10159
2
7
10
4
99
5
6
137
20461
133
10
21
21
1
558
1
39
192
11
67
37
5
2
177
2
3
17487
198
606
125
26
10229
2826
1369
10
22577
1
10
3
494
41
17911
265
33
9
42
10
1
3
63
4
2
218
137
76
2
1230
1
1
9
692
31
1161
4398
5
19262
1930
33
31
62
330
12629
1
868
23
21
22
26
17094
19
41574
11842
4242
1675
1
6817
1
876
1
1
1
2
14250
43
90
1281
1263
1
2
1
69
15
702
2653
10
6
782
17
1585
13
4
4
1444
80
3
9
103
33
850
49
49
14822
14
130
6175
6
58
12
21586
1
1089
31
929
1535
6
11
1
19
163
1
25
35
10
3
3457
3
52
23245
12
14
1
2634
2
2
42
1
3
905
82883
12
1
8
2
2006
666
4
5
9
1
1753
11
1
142
52
119
255
1389
12077
44
1
4
50828
182
15
59
38
3249
1
43
20
1135
37
41
1641
132
49
32694
213
2
90
127
13
9
3
4
1
58
4
21560
1729
2
1
27
31
8282
70
5
11
1705
1
299
1
12
10
326
2730
4
8
52
1
1
5250
10
14713
2
49
448
665
149
238
94
32990
12258
1
2
18
196
1048
14938
5
5
641
8
38
5
1
29
57
950
27
7
1
62
67
13692
1553
515
1012
6
19
5624
166
1
7093
16
3945
19
32
5280
14
2
4910
3
88
4168
16656
8680
172
23
15
1
6
3
871
10570
1
1
1
355
1
22
1
159
1888
7443
3
2
1
6
3
892
22
97
335
11309
1
27
271
5
134
86
4
27
7
2
98
8571
78
51
179
8855
4
1
121
8
1
2
4
3
6
75
1027
27
20
645
6639
243
104
9123
2
1217
12
13949
1
39
207
5904
8
120
37
11
31
19
7
53
1453
213
254
23
3225
1062
1
3
3
1155
4
6689
1
1
10358
29
2028
13989
1
17
26
1
17122
9
6
5
9420
3
2311
1
4
103
1427
99
91
26
614
1988
6734
2
1060
10674
1
338
378
2
1
2
1
19
207
43
2
1077
8064
1365
1763
22
5551
285
556
83
20
18
14175
9
2
6
1
2947
283
3527
3327
1
1
56
1
523
249
25
6493
6
2366
5
1
3
102
4094
122
7
13602
10692
221
6
8
89
16
2085
153
743
17
11
10
151
4459
2
1
15
5977
786
2
1037
2
11
23
1
737
107
566
33
24
95
3
134
163
1513
151
13
1579
3774
3
2433
112
18
223
5581
360
94
19
10719
570
18
1073
46
90
1
2
12826
976
6
3
12
644
9
2
106
3126
1
427
9430
39
11
7
776
7465
29
169
3
9
9
10
7
2021
51
2539
1
4
61
376
3
746
2401
1
1
8947
95
107
444
153
2653
3
14
1563
101
267
93
2
23
11
15
88
1504
290
3
26785
367
1
483
1447
10
2085
3
1
2364
36
9328
7
3
2455
1
2
2
6062
45
16284
20
3508
1
68
13456
4498
12264
42
71
14
11
163
180
2
85
619
2
1
1
1
98
1
407
2
3
3
1280
12599
123
6905
713
66
2
2
6535
30673
6
33
17
2631
25087
1014
19894
85
239
89
1
5
116
2
2
43
583
1000
1
35
3703
2260
1
5708
3390
3
6803
159
304
722
20
80
5972
1
144
458
2
3462
1251
94
4585
54
616
1
56
876
35
747
173
65
8
1904
4
3
333
4
207
17017
21
3527
20
3338
35
6
771
6858
1
3
19
9
1
19
2
2700
6590
2
683
14
19
2
6
10
120
2
7287
1
1508
173
1
1651
6669
1
323
10
3
1280
7267
2
12312
10862
6
7
72915
52
39
2
110
1
8
19
19
47460
1402
8
4
45
14
2
2
3776
2
1
180
544
18389
41
63
101
5
159
4
403
1
208
2
3
8
11
31
1
43
2190
42
1
1
55
3163
243
409
1992
27
139
60270
3026
8884
6
2
21
6739
7
327
58
1
1227
1
783
6277
2
92
19
1798
1690
17
327
62
1151
209
1
62
8094
3172
52
290
2
1
28
83
78
21
45
125
2
9
1
9
2
6
1
2809
6547
7
436
131
33
25
1100
2233
31
213
5
693
1
1
1
57
8
20
1
489
3
14
104
611
991
70
151
19187
55
1434
678
11
10833
61
165
76
4664
56
1
198
1
27
262
1
3
41
3956
1502
35
2
21
1
167
2
6
34116
7
2756
928
57
2
15
116
1
1042
516
250
6
2654
54
8
5
1194
54
4011
2292
590
136
91
1
118
1362
854
14
74
7222
111
31
2
9
42544
10
23
940
1183
1
6391
6296
235
1914
16
2
13
3050
280
7047
4
1
1311
1
19230
45
3
53
12
2112
1374
14
512
2
54
23
391
377
1
3
1244
17095
10
2
3
49
23
1
89
1
646
1
8
111
10147
302
13
255
1030
29
5
992
1309
1222
1
8761
333
4393
2
1
58
10
691
187
13476
43
2448
34
8
392
2
1
2801
2
4516
10
570
6601
129
9132
57
643
3503
1
20
9
163
983
15
1
138
449
6
18910
21
5
6
9
59
517
250
43961
1
270
1018
18519
358
36
1247
6593
151
1
26
19
1
4
4
13869
7
32
7
22490
25
8
23
164
1
1
2
5
454
2617
14
35
15
3
1
21
831
45
11
5957
648
1458
416
1888
2
41
91
178
3
606
1904
227
1784
1802
303
3
9
662
7
47564
105
2
1049
17730
2067
4537
230
2748
5
395
512
1
9
1346
2
114
20
1301
4
1
3470
6
1
1
12
2785
1
10
6
3
36534
98
145
3408
2417
4
31
33
2
8
1
27
1
1507
7
36
2192
24
1
9638
84
4
1022
2
8842
145
149
22
59
7
217
48
60
745
293
1597
2
1711
55
318
743
96
249
1
21
1
92
9
1
92
7251
2826
902
347
323
8147
141
1
1
10
29
296
12
170
4843
5
9
1
17154
1
332
145
1706
26
772
251
472
1
32
57
350
4
381
178
1953
9312
7757
6
48
570
8705
49
7633
6
110
7416
100
13
1
2
1484
21
39
13
374
59
11613
1
23496
2
679
30490
133
1
71
431
97
407
8691
105
92
34042
32
16
2
4217
1
837
2
4
72
386
1
589
2310
1
57
25
38
1
284
1868
5
19
1
1
9504
50
116
25
57
555
68
4
4
12
65
25
2
9
23
389
391
173
2
14
13289
7645
81
3
34519
43
21
4
6
9
120
483
176
7650
16548
1554
199
590
64
20
703
1
1
442
12844
12
15258
6511
516
16
44
1
1
19
560
32
147
104
4
15368
4335
3
1
59091
305
45
197
2452
418
7
3
3
32
604
75
7
46
3
166
237
1
3
1381
964
4
24960
411
136
11567
103
42
14
244
16
7
4
702
6
2
4
5120
716
400
2
2
2
267
26
5
18
1
10874
5986
1
2
35
59
117
1
41322
90
4681
200
312
2
4
247
113
3
271
12
40
9
2
14
2542
2
8
3
280
5552
1
5
983
6459
281
74
1
63973
700
99
198
207
19
3029
26
10
41
2
1
4737
279
4
5
2635
36
8909
6853
44
20
17
76
24
283
119
7
263
52
230
101
1736
3
1
2
55
15
51
3373
4107
2
7
11
11
197
20855
1
213
1859
2
16045
7
1
3926
5
77
1
1469
104
2
6830
4
3
2
724
3
1
89
22
4219
65
359
1
15334
19
54
152
112
7
4505
2
33
58
91
1174
6
1
15
1414
3
1189
11380
1
4001
108
2
9
1069
12
563
65
1
1566
1
7
3
49
1
228
1
10264
10
3
600
46
9
13
599
31
237
24
371
1
7
1
2
461
84
789
1418
3
3658
1
40
462
914
491
1
198
23
12
4
273
9
151
1651
7
70
4295
3762
1
1
3864
97
1
33
85
131
5
12784
51503
68
2
17
1
17
12643
15
1
12
11589
83
56
279
19
1
3
11
422
2
2354
3
2
5
56
255
15
6
2
9
2
1
886
12
924
1
1
2659
18
6
85
911
281
922
5077
1
3562
631
4
121
1410
110
1
2860
17
26838
10
11
968
477
1
66
38534
3
350
70
1
426
1
1567
1102
226
1
4
12
9
1
388
2
4061
17
1
1
3
3660
10790
607
3666
76
14
121
967
44
2
38937
24
15054
182
147
1
56
1
376
1
81
4067
4
1
172
1
4
3
8212
12797
17323
4
302
1
128
41
678
1
12571
72
7
921
11
4456
1434
3
2
104
146
10667
115
635
3655
609
229
64
2
468
16
23924
10254
236
2717
13379
1033
1250
1904
61
9
5
1
4
256
1
285
3113
1
2969
10
442
6
2
1
2
3
16
7
2
1
1
1
13592
730
11
90
2704
70
6
1143
23
1
16
2
1
7
28
17
1547
5
3
192
31
63
3
84
8
1080
49
2
13
1
3
13
2031
58
1
2
280
435
1742
4
36491
529
5
369
1
366
6105
517
62632
7
2
1
319
2520
5
17
1731
1
1
4
3
43
439
24864
18
10
48
1
20
2508
7
93
769
2
2
12
97
13
46
24
2401
5746
1199
42
191
8
13
2
2
1277
3
12
2
571
1
3834
18
42
1976
171
946
9919
2981
242
4174
449
4193
2
1
17
17766
27
4
1
286
2837
69
49598
4936
327
14
76
31260
1
3869
489
1352
67
23
10812
1
2
17
115
14
2
1
10461
96
1
12436
70
8325
20523
6
3
2
921
31
47
2936
18
37
2
55
461
1
21
14
3
37
4
3
618
19
51744
394
18
6865
3744
279
3
7732
3
1557
54
5
30900
18
2
41
28
56
32
228
1070
17
4
2
3
7
165
4257
6
3
350
3440
76
8
21014
3551
45
8
9755
104
2011
20451
58
1
101
62
170
79
402
31
869
41
8235
413
3
7
17
46
93
203
70
1432
556
587
7
1694
728
3217
1
10
95
6
1
1668
116
11453
43
269
20
2561
81
206
20
1
3983
99
10
18
9074
799
4
66
89
1
6
1
5
5
2
52
9219
1
1
12
432
319
14
5415
16
8762
18
9
1
173
2317
5
1008
3
708
26
13
1
21596
4
6
392
58
1151
467
1
2263
1
7416
103
26
32
4
714
1666
2
15
28
87
1
76
1
1
1
36
688
9
18
67
114
275
273
462
1
2
12445
3
7110
111
9
10624
1
1814
2
1
3
1
94
44
22
948
7
43
1
1647
2489
2
12817
1
465
188
13207
2461
2
6
821
2
4
2
76
11
4
22998
592
36
2
122
236
4
1
528
85
5
33
7
34
27682
1
10
29
9
73
4
3
368
3077
3318
1
35
1
172
531
63
2
24
2444
1361
1
1
1473
254
1
18
368
2
19699
3390
1209
2
4
2
1
1
1
358
31353
39
19405
360
1
7
1
2924
27
12
1
97
6
13
49289
4
8683
123
8
50727
2696
2
22553
1
782
98
28
74
2200
1
100
1
2010
11205
13
28
577
44
45
109
434
8
10
26
19
211
95
4
65
1
2
1365
1820
12737
5
26
6
108
521
5
19
2400
6
17112
1739
252
3706
5
1
1
1
855
7
70
3959
5
37
31029
1
3146
103
83
118
198
9
1
4981
6
889
1
1059
7
1
1
253
16
21
64
187
13
6
750
26
273
12
913
1390
2450
3
6
40
1
15906
1
408
658
140
2870
16
129
2
1
12
14
26
40
123
1
15
318
43
1
2063
262
224
7
2988
16
2536
4
3553
15
41
5
2
181
52019
3
1525
54
490
9
868
2501
160
10384
135
2630
1
1
8455
12
1
371
4
3
31980
820
5
514
60
537
49
2
6
28981
4
19
12
5122
5
43
30
219
4075
1
727
67
1
9188
29
6
374
123
485
504
1897
8
1012
19
30
4020
5
1348
9
15
7107
26
56
5
7
391
1246
2
6831
208
1
34836
17
19
7496
19
518
3686
1
182
6
170
9792
70
1109
2
7627
1497
307
267
4621
29
52
3
1565
2
1890
11
591
632
67
1
70
3
240
1
26197
485
73
6
11
250
97
1
1
205
4
1229
2
2
33468
3485
931
7636
11
71
2
17
2
14
11
36
9976
1
243
692
2
867
3
8
38
4472
1932
1
1
6226
13
9
8
175
412
2
1
3
67
6671
51
3714
176
5
20973
3
83
3359
2
12
732
380
10
1815
1773
2
8
902
3049
1
123
13
278
1917
77
1
1
21
1
9
2
9
2178
21045
2
5
263
22
50
435
1
2
32
2010
3
738
1353
19
12908
268
4
1
3
270
6
35
173
13
532
174
1
1
2529
6
72
21
271
6
11
22
4
111
7
22
454
3
1
1046
129
5
17
26
1
20
2
23696
15
94
1
8
17899
2
69
1
4
1386
2251
261
42
43
460
1
43
1425
55549
148
65
2822
23296
26
26
78
1
110
51
319
3
3
177
5
10
762
46
1585
14
18
728
2
21889
386
1501
5290
21
1
80024
5
183
1
5
6441
3
1126
1
26404
562
1
3
36
541
151
201
10140
143
2629
64
17
4
16
9
197
4
6
4
7403
244
12
2
17
33
2
1061
5
76
37
1
1108
2
93
176
15
61
9
65165
31
1
5
32400
1
8
13
80
111
17
306
315
82
56
360
1
59
141
837
187
564
97
1
17
11
73
33
47
390
5034
4
6
78
2
39
2
389
4767
324
2
42
20
71
20
2
475
2
5
1
16
528
4
55
100
64
1
1
1
25
38
72
2
1852
3
23251
1637
25
54
2620
3664
16176
9
56
13
29
3
61
2568
46
1101
254
1
11707
51
2889
6
4
4
5
212
8
6035
5
57
1
1
2
459
36
17792
5
1
12
4
2376
692
12
389
12017
327
177
75
13509
33779
1
121
71
1548
1
25
49
159
1499
3
10804
5235
602
3
522
880
4
10456
209
321
2
1
1
206
464
88
25
2482
1
3373
257
9252
39743
1582
870
1
31
1
140
9023
1426
4605
846
6638
153
27
37
5412
9504
53
1
204
5278
80
973
3
85
2
188
12095
313
2
35
1039
13
60
92
5
4
332
6
11
4
3133
250
435
3
2
115
357
321
23663
5422
7
14098
1820
12
2504
13367
2
1
8
726
5
274
3
25
63
263
13
69
634
27757
50
41
1293
41
659
1
4
614
9
1088
7
865
6
3
11
3
6882
2
8
128
17
295
13
6
2
45828
2
3
1805
21
11
19
359
868
337
7
1
2
64
4
1023
2
933
614
3
762
5
1178
11
2303
83
2
686
340
3
5853
298
32
231
2
55
5114
693
1
10692
19
11
1433
18
12
390
3
2
19
9
110
1
2
1042
12
1520
7409
141
2691
29
1
8
36083
9
3833
5470
6
83
9
11
1
15
2
1
1
1
49
858
13555
8
2
207
2
2
3
4
10
2145
15243
5
8
18
5
20
65
3
238
23
51
3
158
1046
4
127
1707
1
550
238
109
149
24
31577
204
36245
2
1
91
94
4
164
691
2
586
285
604
161
119
1
8598
17
734
4176
3
95
106
451
126
7
16
457
3733
76
8
109
2
169
19
7171
13
63
7397
6271
16690
15848
3
2
1
5
19185
7
1996
6
516
2
13
39
26
1115
86
9
60
940
15909
37
7
3
1
259
4148
98
3640
33
111
7
449
3
230
4
26
1430
26
9978
8
2
5692
8
15
1
1650
6
1
1019
11
67
235
6
31
1
2790
67
82
2
60
1
28
7
4
27
24
2170
960
5805
27
25
1
34
57
44
33
30
10
53
1
2
3
466
94
1
2
13
1
11
4
562
6006
2480
1
158
49
5
3766
2
5
2715
232
1
2197
1619
5
95268
9
5
30
2515
1640
21
1
238
41
89
70
1
45
3382
8662
123
88
2
12789
40
2
40283
4635
16
16
4
1
38
35
1
4329
1
10
15307
15
2117
136
1
25
12
5807
2
400
8
590
17
2
922
715
8
2
116
1
1114
231
6746
4
504
3
4562
6979
2
2
2
1623
10
440
150
4177
10240
834
94516
3
53
1
67
4
8
2
24
11
109
2356
2
17
20
120
13892
3357
16
10
23
5
719
31
7
184
98
146
9928
18
2
1300
229
29
833
407
1834
1
280
259
4
132
16
943
1490
24
2986
18575
1
1
1
4
6
11105
5383
373
1
5818
2
645
42
337
4
1
8
1
100
429
24
6
5637
1
522
2
20
1
19
10432
10
1
76
1
624
19
30
7591
4898
3
25
3525
1
75
28
12
49
5
4821
68
1
1
14309
2
66
129
52
940
14302
9
39
6
298
2568
118
192
903
1
40
2
7
1
14
11
9595
89
2676
648
11590
956
12
1
440
1
7
1887
222
11145
1198
4
20
1
1071
2
6
3
8
49
26
1778
8
1
7024
21
1
192
333
20
15
17
2
61
5
3
19
1
16
1
3719
133
661
13
1
1
270
230
2
3
51
5
3
1
136
5733
4
44
21
3186
925
15
2355
14481
1
15
22
171
259
2
2
2
96
4590
5
335
38
19
4230
29
14
5
11
229
1
1586
681
34
1
1
4
80
36
2
1
281
3
460
3
1111
1800
6
12
71
324
43
2
68928
2
195
5
1206
1
4
4
10142
1
2
3
46951
2
14
52
495
5
963
8
2812
3
16
1
13
5679
867
636
3
1174
3
5
5
55
28
6
656
7
11
2
135
2
2632
6
3
3
138
20
89
152
2
1
4
6
59
297
18
3
497
1161
7
2
62
309
11
895
2
2937
4
10
1
2
1934
1
2
1
20
1
612
2250
50
17335
1405
93
10
159
2
468
36
125
6
838
2
183
11236
1209
1141
92
57
9
18
217
4
7
13
22456
1
5
403
4
2560
44
7
899
2258
695
55
2
446
55
7695
1
1
2
482
7
165
104
16
99
4331
44330
4
1366
2161
4591
4705
17
115
307
22
37
13
5
8
229
3902
117
12
48
16
4
379
377
1022
322
1869
737
37
72
57
186
4
9
17
1
33
4
146
4
21
6
299
1
372
4
3
3
4836
531
10181
3892
1
18846
7198
13
436
63
7
78
1
6
188
18
53
55
13
2
5
22
4616
4
948
1
1922
26
158
27736
59
93
56918
9
519
2
1965
107
194
278
45
2
2
2
2007
5898
381
8
103
1
1
63
254
22
2031
1
1
2
511
391
37
19546
5
13
491
46
2949
49
1092
2
72
2
177
68
391
2
15
5092
1
2
56
4999
2204
214
1350
1
3
2
65
23
14
1695
12727
106
6
67982
42
295
8
3695
1255
15516
28885
9
26
43
26736
14
626
1638
2883
12
138
16
11
6911
32
5846
327
1
4548
33
3
351
216
5
12606
1
11
1956
165
16
4
40
1103
1
9
1
617
2
9
480
3635
790
7866
149
2802
25
24
1
4
2
2
6
2
12
1508
1
6
5705
2
15
154
129
50
2
6294
1
8
1632
36
1182
1
9817
5
2
19
188
2
2
5
24
299
630
496
3
9
36
227
961
39
606
30
43
4
17
5
3
13
300
24
12
12
443
5058
11
7
14
1
298
30684
27
6
7
947
3200
1104
111
6
2
2
294
217
60
2
45
1
7
10
54
7186
21
1
19
6
11
28556
10
75
40
4
2
2910
5
1
4
248
1
29
2
39
10
204
2295
2
19047
15
151
76
6688
1
16620
172
500
10628
3617
1
1938
57
2724
4
94
3
12
19
6
1
1
4481
21
6209
221
5
347
560
210
1
1
1496
4
64150
937
1
2523
3055
172
148
20
8108
10
3
15
3687
5696
1
11
2275
115
138
1
106
1172
11
845
770
15718
5970
13
2777
12
581
57
65
292
8298
3566
36
2
2
15
5804
1
52
62
1
3
4
69
10
109
27
1
7
1
16
11782
4937
9
209
19
2
5
1074
50
24
2
1
30
1
57
90
1
73
4407
4211
26
2031
4
2092
1819
7307
215
24
1
1
912
1552
8
13
4993
6
10
4444
2761
3071
2854
1408
3
863
3
2492
253
570
23
4
1
2057
3
1
47
3
1
390
145
6
12
16309
16
3
144
6
13
26
14
25
2
920
55
6
1
129
6785
4185
7103
4
6408
36318
74
348
1263
4
40
27
412
20
1
11
1
1
3
1
1
1604
2709
116
47
986
11
11
1360
967
101
9523
35
15
1234
1
376
1
959
2480
1475
4
20
4
3908
1
1548
716
37
118
10368
3
2
1
372
1
54
1
2375
8202
3852
87656
2437
1338
12
23
77
83
41
4
3
47
1
324
16
4300
8947
33
2463
578
5260
2
6
38
180
12
652
7
1
12110
5911
1652
11
24
4
374
75
1769
6
28220
554
11890
1
21986
5570
34
166
3
640
1054
453
3647
18
1
1590
1324
8059
1
50
4
68
65
4
7
2255
2
295
8
28
197