950512
6
7
162
224
2
1
6
1786
194
45
292
2
1223
11
17
167
1245
1
109
2
678
5
104
138
1663
306
1846
2
146
4
262
219
4
2
1048
1
7
12
21
279
1328
595
1766
1129
6
17
9
2447
6680
145
20
1471
13
65
3
1
14
21
217
739
171
14
56
2450
49
187
8
50
48
358
920
6
16
9
8
1014
38
2
930
1
3
1
10
1
90
2
59
15
359
8496
1
5
145
1
62
24
48
1
11
414
166
27
3
3
33
815
30
1926
381
67
9
8
6
2
3
440
444
1
3278
343
129
2
1425
6
1
5
757
646
543
1860
564
1
1323
169
4
2
1
1
640
39
15
305
5
59
800
122
350
3
93
711
1
1178
85
55
3
25
11
1835
10
85
313
15
152
1342
7
15
224
21
18
1509
3
5
20
4
818
13
54
2
47
3
1950
3
9988
15
4
232
385
6882
1
569
11
2
3235
177
1827
45
11
289
2
313
113
3
340
2
1
35
3
1556
1
1389
1
110
2
15
81
143
46
580
6
7
190
198
7
22
1
20
1344
23
10
1627
242
249
6
9
2
1
7
23
4129
46
17
3
3
1
1458
540
2
5
10
128
198
1031
56
2344
2034
4
5
11
31
35
18
16
417
60
1
11
241
1215
269
1
9
14
1197
1
3
16051
7
4
958
21
12
257
56
3
1
8
175
1
112
27
35
390
7
50
1
3
52
1295
9
1
6
5
27
19
92
13
114
133
18
1639
126
2759
3591
1
2
4
706
107
26
317
4053
292
31
238
14
95
15
238
383
6
203
8
93
1
2
2
7955
80
424
144
153
3358
538
5
1
2
15
86
19
4
25
1
1
161
1410
420
84
115
55
148
69
1120
12
5
2
6
2
550
22
8
3033
33
1
30
1
40
15
14
2
56
54
1
1452
3
9
3
844
2438
8
21
60
1
930
243
962
843
1264
1
1
45
1489
74
95
1
4
1
3920
86
70
23
2
1368
55
3
57
396
61
2
21
44
122
2237
14
59
54
1
43
3
962
85
1339
253
1336
196
467
1
56
17
1
1828
14
17
3934
4
18
91
3
133
37
415
3
9
6418
9
3
2
944
212
2
20
224
7
55
147
273
15
13
2
1
2155
6
2
3
1
6
395
18
1
3
1119
6
92
540
9968
30
22
191
6
79
35
4416
563
9
7315
269
236
887
2
1076
57
1
30
318
313
1
7
8
37
2
1055
1508
8
1
2255
237
8
1
73
259
3
1685
2
7
87
38
48
24
39
523
18
4
74
1
614
24
382
22
13
1
254
1308
1
2259
7
595
1
2
601
2
155
7
1
656
5
2586
513
7
2362
1106
15
45
19
1
1
11
1
1
72
3
1
2188
334
309
76
2082
32
496
753
14
5201
1
409
2
96
255
4
108
4
3538
7
4
80
34
3446
4
5659
7
3
4843
23
31
10
1
1
43
23
15
44
588
79
1540
8
23
296
1293
2
2
136
22
2
808
2513
3
43
18
2
654
335
1478
188
10
74
31
489
20
1
2
85
18
1
5
52
1705
197
301
96
896
17
36
1
415
19
37
62
1
20
810
37
817
5
451
1
4
614
1
627
70
1
644
321
302
85
66
89
39
43
158
46
1628
29
1
18
8
3
39
9
341
2
1
5735
8
3
10
1921
38
1
1
1
630
18
106
1791
1
12
1047
4
4776
11
1
190
17
171
13
1
21
19
3
5
43
1
1
2
4
82
3
1
64
10
22
5570
3027
7
18
417
2569
1
663
3512
37
913
12
662
17
72
37
1
10
1089
2562
9
2
219
30
273
5
94
12
35
1
9978
7
55
64
31
28
47
1
320
25
17
64
2
1
1
810
3
287
9
1
5
89
1
32
272
15
1860
3
1
59
28
1
3
3
27
9
13
1
8
3
17
7
4073
409
3964
148
2033
28
76
28
10
5
1
996
126
11
13
1046
1508
1507
4888
37
5
3
679
151
1
1901
6
1180
525
2
3
1
3
89
1
457
1
3
2
72
2
1317
1
3613
5
469
18
38
3
1001
126
485
123
2778
639
473
123
891
40
264
10
16
4
4100
39
49
114
334
29
23
1384
1
82
16
25
33
2
9
5
1
3
106
1
3
115
72
105
3824
8431
5
1
22
3009
51
4
620
280
39
18
3
1
103
1104
1436
415
1
52
1
32
74
713
2
3
14
8
297
20
5
1
9
3
2680
19
15
4
2
21
26
23
19
37
1
42
2811
7
8
271
1
9
1
242
10
3
30
84
57
925
199
15
2374
1
6
10
35
1
2
2
3
21
466
10
1
511
330
2086
273
7
6689
1
2
5
4
1632
1478
1618
6
34
1
1185
227
19
11
4
2
19
1011
69
11
13
143
36
2222
1
23
224
48
2
573
202
35
17
116
4
36
972
12
596
2567
90
1
1019
15
28
10
2835
340
20
3
1
155
2
1
1
84
847
230
13
2
25
5
2
675
1
898
1
20
60
532
1
247
50
1
8
4
2
2
40
39
21
4855
1
2669
1
416
15
1
523
58
5
1
6027
1582
16
92
7
1
1513
1
1
26
211
71
5681
4
8
3
1
3
1689
161
1
357
2748
1
102
11
401
64
20
286
2
5
1753
1
9
51
447
60
3
251
158
164
3
382
120
9
1
421
2
6
1
2
18
1657
1571
1
18
128
74
45
330
117
2
34
20
1104
27
1136
1
3688
9
422
9
1
9
5
43
2
11
1052
175
3
36
4
621
15
59
9
642
350
4656
8265
83
53
73
5
1
42
115
3748
21
16
83
4
1180
9
1
75
2020
8
1
45
78
6
30
33
19
16
11
67
82
30
37
5
55
1348
89
2
124
23
1
16
35
790
113
4
441
1
100
1
17
1
13
1
65
1
18
4
653
507
385
847
1
791
5
201
23
28
445
59
37
60
49
14
70
60
13
1
67
1
26
2
36
3
37
11469
3
2120
22
2522
3
544
3
4
2
96
4
7
34
44
1
46
7
94
2018
3
345
727
452
642
4
400
2390
307
60
29
3
182
2
2
15
2785
52
3
14
1394
188
2
2597
21
3
27
5
23
633
114
1
34
4
1
468
2
1073
3
13
1
9
1
7
5
4
5885
697
9
6
1089
48
99
1
238
1526
2165
2
46
1078
642
14
2102
1
2
12
15
8
4
1
5
2
60
71
2840
5
142
687
14
1124
16
728
405
522
5
4
354
2
1
238
5
1
1084
138
21
2
25
1
3
377
2562
400
1
9
472
364
135
2979
3
11
203
1
13
42
814
3
1269
14
1
1411
2382
4
160
2188
8
3
22
846
1
2
3
238
135
5
557
104
4
3
17
324
136
5
36
419
40
1
1
59
8
1
16
22
165
267
74
24
9
2
590
2
884
103
1026
37
2
53
805
4
29
9
1241
1
70
11
1
36
369
2
8
15
6
757
248
5
1
5
70
1
31
68
88
892
6
1
40
5135
1
1303
188
1
1729
477
46
445
3
3
3
403
3
1
2
27
1049
186
7
21
2
1
1
1364
319
5
3
28
51
17
45
1644
14
115
117
1
59
9121
2
1
1
1459
113
12
2240
6
34
375
3
220
104
4109
43
2
4
45
1082
22
1715
1031
216
3365
1
1
316
107
225
11
35
1525
304
123
1
27
135
340
478
7
1
29
530
1
235
3
1403
14
29
33
142
14
574
116
10815
9
20
166
4
150
877
1
24
487
19
5
1
1462
5
1
4
3
1595
872
38
1
311
24
8
8
1
14
22
14
1
3
378
379
1
1760
12
1
229
3
1
378
3
6
1674
131
56
32
235
97
235
71
1369
2
2
1
231
44
1113
7
37
15
76
28
61
15
3603
696
1625
34
16
179
492
11
1
88
2
19
6
3
6
1165
1023
320
2
66
384
6
254
437
54
2297
1409
21
13
1
35
185
76
12
1222
5
4258
1
242
1
86
2
440
1
166
1
1
1
2
23
4602
39
40
11
228
3
133
14
7
17
5
828
1064
1
11
4
10
431
126
6
4251
102
4
1876
233
57
322
2502
70
3
4513
34
1248
9
239
137
36
1
46
208
1
15
25
272
17
305
4
137
16
2
11
6
159
2
944
545
1
192
202
3
3
1356
1
4
10
9
66
624
885
25
34
2607
168
6
48
2
33
5
14
23
3331
2
1
4766
562
1275
1
2
1
3
133
17
88
29
1481
36
508
1
4
14
2
2403
2
210
2
8
3
21
5
36
249
1146
4637
129
9
229
3
42
48
2051
331
1
6
7
9
14
321
29
6
2
4154
1
5
9
268
333
5
4
110
1
2
346
179
751
273
1
85
1
26
1
20
1
1930
81
7
47
1847
30
1
20
518
5163
390
6
52
3
195
1
9
25
187
29
1
19
4
3638
14
33
274
1
80
15
52
4005
10
2159
91
4824
1
268
23
297
445
25
3257
1
323
850
160
49
1
1
66
1
541
491
48
1643
305
42
1251
502
1
362
3
1067
1306
311
44
2
226
9
13
1806
3
9
1380
1
3
32
2
1
104
11
92
9
24
38
2890
3
4
1141
47
1216
6
281
19
12
4149
1
179
12
4
13
494
513
20
1
1336
79
743
4
10
1
1
390
744
139
1
196
77
12
33
43
63
9
4
1
45
6
2865
4
74
3
2337
3
83
1
14
2
537
186
801
7
4
4
6
83
668
472
2404
4
18
85
103
74
626
16
1
27
762
3480
48
1
229
885
51
757
8
1825
5
89
1
252
2
31
1
4
1
1
1488
1
1
1
3
77
4181
1105
5
1706
34
35
13
6
52
5503
75
319
46
19
564
1
106
2534
5
11
4
11
2352
2
188
218
125
93
2641
38
1
13
1
301
1
6
4
2123
1
560
270
4
2389
2
26
1
3977
4
1
1
112
587
1
6
322
9
2443
986
2
1
9
371
8
34
158
1453
3
44
5
3683
19
12
46
6102
218
120
6
151
1
117
31
161
218
98
330
1
7
51
3627
5
1809
27
22
8
2
31
531
45
134
6
21
3
4
292
1
18
40
6
3
11
1941
4
14
56
660
25
5
1
17
2
10
1
322
38
2213
9
295
43
36
23
10
1
191
289
12
1263
216
25
2
4
2361
51
70
3
1
12
10
2
437
6
1
5122
191
201
254
1
4
14
10717
306
1
539
11
1079
3
243
97
1
338
3007
235
2
57
7
19
246
5
1134
217
7190
499
8
633
1
583
206
13
17
38
324
24
9
9
372
357
1241
1825
3
1
203
1
79
1489
15
6
2
60
1
1
5
17
11
3
43
1
1
3
332
2
8
246
16
1
126
4531
3
10
26
52
2
13
3
3
4
274
1786
1
6
181
4
70
2
5
3
1
2
6
1
14
562
194
5214
1261
124
2613
1
4380
8
33
432
109
1731
105
704
42
5
49
4
89
573
386
840
5
23
43
7
3
571
1
22
1
6
358
4
3
1
314
2
18
22
4
1
3
5760
1
1
151
12
19
2
371
81
107
39
16
565
116
210
4
8
126
913
70
1
1
3206
1
37
67
9921
132
70
2292
64
6
9
33
355
1
7
29
51
70
1
261
535
13
3599
7
14
25
2327
4
11
1111
966
57
6
1
39
102
4
68
42
5
13
5
202
2
7
430
7982
4
1
797
1
443
9
308
5
4057
797
15
366
2062
121
2034
1
28
215
1
624
44
53
69
1
317
4
223
1
3
235
21
1
1400
17
15
54
12
43
1489
263
1
3
25
365
2
430
2
77
17
18
23
35
87
103
4
11
693
2845
456
63
4
2292
39
1
11
231
49
3
4
2
459
179
1356
2
48
1884
1982
48
24
34
601
1
176
1
6
4350
15
378
12
26
3
13
471
41
152
13
5530
1
252
2
2
3
15
1
27
20
6
48
7
74
11
1762
1489
68
297
2
56
8
18
788
1127
577
2
20
5
1
4
2
2
17
202
710
12
10
1297
3325
10
1
3
1
562
20
25
212
3
2
18
118
2778
2
2464
9
2
5
60
28
184
2104
41
33
2
162
4119
1
52
9
1527
583
33
49
35
1
1
1
1
2284
1
147
3
850
53
1
6
921
865
503
7
36
27
24
88
2466
2
10
93
1
2
3
1510
17
1627
685
2282
8
82
2
15
3
6
23
4
127
7
520
3398
5
1214
137
1670
1
2
968
2
20
2
107
1
19
4150
1
183
325
10
89
15
6
42
42
9
2222
720
6
1
18
1
1152
610
2
1389
66
58
30
69
542
446
3661
1
10
5
13
32
9
12
5
2
2
41
300
10287
7
11
9
392
220
2
320
7482
3
15
2556
159
10
1
2
2
121
69
1
1
25
13
290
19
122
517
3210
122
9
262
7
3
645
1643
3
1
966
368
61
32
79
14
137
25
56
3
667
1543
1
1
4
800
25
1
5399
198
19
4126
49
4
22
187
2
1
3
1
4
12
5
1
10
7
49
402
1610
1799
1
3
1977
157
4
7
972
4539
1452
13
9
95
7
254
54
260
9
54
1077
35
470
96
9
674
145
4
3
1
339
2
527
268
1
1986
47
318
17
72
728
353
18
17
387
251
137
2189
2
253
180
1
17
530
2571
126
791
57
251
50
47
13
127
24
104
56
172
1138
443
1315
212
537
73
3
2874
3
1080
141
8
1
32
9
148
5
98
1029
12
1
9
17
2505
1
2
1469
1
1574
1495
1557
682
5
3
23
245
1
137
1
10
6
2
3
1170
5
627
1
3651
2
1
2
1
507
25
1036
110
8
16
1
540
355
62
2
71
6
7997
1898
5
113
2792
66
1
1016
58
816
2
6
2
6
7
30
70
1465
12
3
12
100
7010
95
111
7
4
6
248
5
1
2
987
6
6490
1052
1
93
2
24
1
579
180
2
2
1
933
38
2
5
5
1334
80
1
151
2
5
18
1
92
6
5
305
33
3
3
26
6
3024
34
1136
147
13
8
3
8
4
15
880
3
2260
7
2381
9
3016
29
2
626
667
7
212
2
1
275
4
14
141
326
31
29
41
21
19
1
3
2
211
958
357
77
6464
218
1
22
2
3
3
5
459
5
213
66
2301
1
1
59
7527
4
1
7
4622
85
45
183
24
873
115
1166
17
7
1
155
364
1
2
1172
64
26
55
14
515
2
742
67
21
121
201
714
2
904
5
10
6
2
5
3
1530
1175
66
173
10
2753
14
131
95
487
18
1
828
65
43
4
7
470
13
42
4
282
2
30
9
1241
6144
384
485
8
63
1
12
1
14
3
516
12
38
382
2
1311
15
2
3
321
369
12
344
17
22
28
503
1236
290
1
97
50
10
2
129
5026
98
534
222
51
282
40
2
1
76
5
1
24
89
26
7
3
2
2002
1
1
25
6
41
73
1
18
1677
5
5
17
2
181
7
623
5
5
2331
1
358
10
5
118
1
30
132
1
4
1
4
248
56
3
338
184
257
4635
1
2
63
3924
3
1
1717
33
21
1002
2
5
5
30
38
11
7
181
4432
3863
153
6
1
1
5
918
228
2620
22
3882
3
10
28
35
362
241
1
9
1
211
2
148
530
18
782
48
9408
30
2
21
14
393
157
139
51
2226
19
1871
3
22
611
3077
16
1
139
9
280
11767
234
3
2
34
4
9
42
29
16
1191
1
18
20
165
4
2375
205
22
15
19
1
67
71
563
95
21
34
8
287
3344
4
767
316
870
2
113
4
1
11
1
16
53
138
18
124
1
1434
429
1408
1
50
4965
45
2
44
9
2
1
304
2
406
209
1
5623
1
1
38
1
82
317
1
2755
13
103
2
25
7
1
13
308
1
30
1
51
92
10
95
319
1967
3051
3
461
6
59
1
9
25
12
9
68
637
10
93
3
4
7
167
11
28
189
8
7
2
361
373
198
496
23
2313
1
1
47
3100
682
70
6
43
803
1
660
1
76
1302
10
73
67
69
30
3189
4
1390
1122
2
711
57
45
7
3251
3
2
938
171
477
6
1296
297
22
26
123
7
1
1
17
2
242
2389
1
1
49
1
1119
3
2
212
42
1
24
100
7
4
132
11
237
2648
1
7
7
1
941
149
5
19
5422
168
31
2
14
6
428
1
112
568
513
27
2
36
2
847
13
1
6
4
1
5
124
1
24
12
1
48
56
5727
1243
2
7
2547
1
4
706
463
3592
267
1
132
63
15
382
32
114
2005
5316
5
75
1
2677
8
4
304
28
46
3694
320
1
2
32
1
22
1
1218
2696
4
1
271
4
3
13
9
18
2
1
446
177
26
487
189
1
18
13
106
841
34
1
404
3
3
326
172
2
6
377
118
9
468
1
6
266
11
264
976
10
15
1
201
1
41
3
1
4
1
24
2
49
4932
18
116
14
28
533
3837
407
3
324
17
5
2
10982
1
435
47
41
66
4
6
5
5
1
72
166
46
940
687
1
2281
362
16
1660
243
1536
3
1
101
71
7
1
3
14
82
972
4
22
19
35
751
2
329
210
6
187
3
1
20
3080
1
269
6
57
22
2
1
3
1
18
3
861
10
2556
886
9
2
17
114
8
1
988
283
4
7
1201
1
308
28
6
2285
1835
1
55
3299
38
7
207
527
1
5
121
8
9
355
13
1
57
1
1
1
1723
43
219
6
1340
6
35
6
58
1
23
14
160
791
12
53
32
3
1
1145
379
2
5
7890
669
111
379
20
2
95
233
11
384
24
3
32
1
37
14
4
738
574
3
1
3012
3693
1
11
2569
10
1
166
1
65
1
1
53
1
1
2
4
16
411
66
4
33
4
15
85
371
8
68
42
8
1397
649
6
130
17
3313
4
222
104
2
3
2
3
2
22
9
1
8
12
319
1
2
14
479
5
1214
3
108
1893
81
542
48
1
711
1
4
149
345
1
8
3965
1845
24
1317
14
2
17
133
1183
160
107
87
1
121
2
67
3
1498
1
55
1
10
4263
1674
279
44
486
18
24
1
193
51
20
20
5009
34
1283
4
847
3
72
3546
4
2
182
69
5723
90
18
25
34
1947
4083
1492
20
41
346
645
25
19
4
38
8
618
7
488
1049
325
541
25
1
13
7
16
1584
4
2
1
2116
191
7
31
6
4
34
186
10
145
19
1
30
3
3
21
7
4
23
906
1044
1
1783
1071
671
1
533
2
26
125
880
1
3
17
5
1094
52
26
5
1
2
863
6
5
1
3
131
5
4
3
5
892
10
4366
1
45
104
14
428
7190
61
1
2
8
239
109
3
4
959
577
68
106
5991
3
452
2
16
5
10221
23
77
40
945
1759
10
49
3882
1
10
18
2796
60
461
77
130
75
766
3
32
47
4
54
4680
16
608
2
1
3
30
263
4
350
221
5
319
349
126
2
13
7
17
118
961
19
193
8
37
7
1
1923
712
327
3
5
14
215
2
65
20
227
115
1306
226
1137
41
2475
370
26
28
24
26
38
4
44
8
91
451
223
1506
1
203
7
3
185
271
2
14
335
5270
925
1
302
4142
15
1
18
73
168
90
1
39
2434
11
11
1914
56
2
60
2
78
2
108
29
2392
1
13
196
249
4
2
48
386
47
1852
909
9
6
2
1
272
24
4
87
12
23
752
211
8
213
1
9
2294
1189
4
1
1
3
47
1
1194
736
2
2
371
1
3404
1096
64
76
8
255
42
8
98
2304
2316
1
123
3197
46
1
41
16
1647
1
1
1
2
6899
27
146
130
2
407
15
23
1
150
5
936
3
20
1941
30
10
1
1
14
46
441
7
2748
1
3178
237
29
29
20
7
2
11
14
51
814
13
2
5
36
118
153
19
4
396
3057
2
2
1
1
2
2
8
1
63
1867
1
2
1
2
1
303
372
10
2376
62
1
48
3
1735
14
2008
5
1467
7
14
3
17
38
1
2468
925
1
39
7
162
303
5
11
934
434
96
529
1
623
11
401
1335
149
109
235
1
496
212
166
275
5
196
7
635
5
159
660
3
2
13
1501
335
2
14
3214
2243
2
1496
32
130
61
117
189
653
5
4
145
11
1646
180
136
9
58
1149
1
1
31
8
1368
4
1334
2
72
14
1744
284
42
288
11
19
3682
8
3
71
1
1
6
2
1700
911
2
3
15
295
31
44
1
26
68
262
42
24
1
2
4
19
2
46
9
1
1356
6
203
41
2
1618
4
4424
2818
424
10
3
2
8
43
198
1
122
199
36
149
637
70
2
683
5779
2682
17
48
604
52
9
1
107
9
4
4
39
16
7
26
31
36
5
324
6
1
2
7
1
111
522
2
817
13
1438
632
4
282
106
32
2
848
117
6
34
29
777
430
126
152
1524
4
91
213
3
579
1032
26
26
1
239
612
6103
156
11
5
105
2
6
55
3
8980
33
59
1
447
1
38
18
6
9
1698
4
230
310
611
843
9
2
3
29
638
62
756
367
225
422
49
89
3
1
1
3821
20
6
3
1
5
2870
1391
5
5
87
15
69
539
650
186
141
3
63
1047
1
1
29
79
17
851
13936
414
1140
396
16
226
491
3180
1760
909
10
1
130
2275
109
478
906
5
91
30
6
3
584
6
2147
3
809
1
3
43
1
132
8
1
1
20
1
1452
10
451
1
14
481
17
1
1820
6
889
10
1
404
1
31
1
711
1487
26
5
10
3
2088
4
1557
89
20
200
472
187
162
43
245
40
603
1
2200
10
363
858
937
16
117
317
25
3
7
14
41
356
3
5
23
3
17
616
1
48
93
366
2
9
6
4
556
6626
33
1983
20
12
20
4237
6
1
52
1344
110
23
1
1
271
68
187
726
3
1
4
24
38
4250
77
1
21
9
593
11
119
32
15
14
4385
191
3424
6
48
22
1
164
4
9
1
2
987
182
4
26
48
20
1
62
1
1
8
8
543
1
1
46
2806
1
119
504
28
27
3
509
1
11
2
3
376
155
1
82
202
9
225
1
58
39
24
13
17
2582
1
441
780
52
3
6
1
10
7
412
6248
352
117
506
1760
3
73
1
107
17
208
55
8
1
35
4
45
3901
3
46
8
1
3
180
2284
497
1295
7328
190
1
6
7
6
23
1352
375
192
2048
18
671
1
14315
82
4
124
1
3455
14
1
1
2
49
716
3425
22
11
190
470
2708
1382
4
5
1
88
1
900
7
369
3
3
26
1
868
998
88
152
1
283
4
12
49
32
1436
442
2220
75
332
1
3
46
121
149
103
30
36
825
8
15
1
4
130
85
1
444
143
932
6
9
3
705
95
79
422
167
1286
181
2
214
831
7
169
196
250
1
3
262
4
27
1682
15
5
2
447
3
1315
551
2
79
106
1404
25
96
1
386
67
203
3565
166
1036
4
1
469
1
4
2
881
2
50
834
990
4
56
1
630
19
3
299
34
1879
28
7
11
440
3364
2
36
1133
31
5
70
125
3
1608
1359
13
18
507
1
121
4
576
1
21
3
391
1
1825
472
2
16
2
4
2
2
362
90
1
6
5
1394
19
2048
1440
3
15
1
19
75
1841
2141
31
16
1
8
1775
55
1499
7
30
1
64
2
28
1
38
19
56
2
20
1173
47
4838
104
244
15
1
1
40
28
4
14
574
3
5
1689
6
150
464
1
1382
181
118
1
38
4
10
2
68
1
1
1508
1
2
2
302
54
25
337
211
14
9
116
1353
44
55
1
1
209
3836
3
2
47
8
79
97
14210
220
74
183
1
274
122
2
15
1
4
185
5862
25
95
4
228
2
748
24
1515
1
1663
479
952
181
5
33
1514
789
3
3
60
1
1
60
189
7
99
17
65
6670
2
128
2
27
3
1
1
2137
601
4590
18
6
174
2
28
400
2
422
11
5
21
8
1
1251
62
178
134
98
3
2
489
20
4
8
33
30
2195
685
165
1
2035
333
381
28
35
1
16
170
509
38
1
13
63
4
1
4
12
1
158
1
39
902
29
304
512
10
2451
2
1072
144
2
2
335
1
242
107
1044
125
29
682
3
30
485
59
4
4507
3
1
65
3
29
3136
9
420
10
12
271
174
8504
2
4
53
5
1
2214
4
5
1952
182
65
169
120
250
40
2
1
1
20
4446
1459
13
4
290
12
150
1
59
1150
3
1
1853
47
41
302
4302
1176
18
341
121
70
1
18
12
425
20
914
11
523
6
32
4141
3
32
257
295
2
2
22
2
1
29
2
2
4
3
5
3729
9
342
1
14
64
2
4314
39
193
9
13
1
19
5
150
4
72
340
280
465
3
2
196
2
9
1
2
1201
5
635
40
25
70
1
13
7
5
7084
26
122
239
2
1
255
103
18
81
2
15
1058
4
24
1
2898
3091
3906
15
5
51
154
107
7
1444
2565
288
2
1
72
68
152
4
463
45
92
1201
4
1
4
1
3
41
11
19
114
1
7
7
1
2975
1953
52
22
2
2141
110
145
392
39
86
4
55
12
23
179
3
210
60
1
208
23
243
75
685
1339
1
12
38
1250
5277
1
8
247
7
1
404
1
4820
5
126
62
81
2
4075
1
7
369
1
108
5
486
22
549
1812
500
1
24
31
55
2
83
26
24
3
1324
1
705
210
4
178
23
31
92
12
23
72
7751
878
1
259
1
547
269
5
127
1
8184
1
42
63
68
17
3
423
1
31
386
1559
10
12
177
6
25
264
1
3344
1
1680
3
1
295
33
2
34
5
144
2
1
3
2
1
9
12
2
860
861
7
170
9
1
1
242
78
192
138
32
3
4
2
1094
1236
392
4
424
1
982
124
6
129
552
1
1377
22
8
3
32
3182
921
1
1
20
75
1
32
3441
4
597
42
30
226
1661
179
10
12
13
504
61
952
1039
3
1
633
25
163
2728
1
231
5
20
35
137
40
1153
211
15
32
595
3
170
9
226
1
4562
2
1700
75
16
864
167
2
1
1
2097
3
40
14
416
10
259
1105
1
100
1
32
79
380
56
92
10
34
1655
763
29
1
3
10
3
24
87
11
3
57
1
43
3
20
316
3149
90
1142
1
12
3392
34
31
1654
806
5
2
1
45
20
29
49
4
7
2753
1344
122
31
69
14
3
1
42
4
5806
795
2
119
11
414
32
2
15
8
25
56
224
1798
41
450
206
1471
17
174
33
3
3
477
25
487
2
1960
205
1
599
1088
512
2
6
495
82
699
75
22
217
4
1466
550
1287
1
63
2
15
3532
195
397
2
44
888
2
98
7
188
441
1
22
7
2
1699
58
5
11
4
158
1
131
1
8
56
16
164
1
37
22
6989
1
2
65
321
1
116
2270
216
1
276
5
78
990
1
8944
147
5487
1
78
3
136
3
82
130
36
1388
7
34
2
14
2
122
1
6
2
6
2
3
2214
1
481
240
7
1
1
49
489
8075
195
993
6
970
5
695
57
2380
30
19
455
1585
463
1
229
313
4
19
28
153
22
68
1
9
1
37
731
3
2
367
64
1270
4
715
2
49
1
2449
3
54
4
1143
1501
30
3426
196
17
1272
144
2
2
709
15
1
9
105
85
2
10
10
46
6
76
4
4
188
9
2
3827
10
18
1845
11
768
3
2
3847
445
11
577
38
281
113
68
509
2
5
8
25
36
108
11
1
18
1905
73
570
4
27
1
1
67
12
725
413
220
1785
229
46
4
1765
47
4039
1979
21
2504
1432
1
38
407
2
14
195
787
12
2
2235
9
156
1357
15
646
2
448
3
17
292
294
9
455
28
940
10
20
1
28
5
534
1
578
1838
379
22
8
2
61
1
398
1
602
19
2
22
4
303
1732
352
89
615
565
1382
902
1
189
238
193
24
2
12
79
267
275
511
128
1
25
1063
3
3
2
4
5
2
118
2
452
1799
1
32
2
4528
602
1
11
1
552
2064
211
11
17461
130
1
8
7
5
22
686
142
37
2
1585
2
41
271
1942
1
223
22
553
33
51
85
1
2
169
1
2
15
651
197
3673
83
109
1053
6
91
168
3
45
161
23
10
1539
7
1
2370
35
97
1047
559
648
1
2
1126
2
67
300
9
1
7
8
17
21
26
135
1
132
92
196
17
27
117
3
13
2500
22
5
112
2
63
626
2
200
14
25
2
194
11
45
1427
10
4045
9219
894
1443
160
44
2
53
2
6
2704
1
6
6
18
1
4996
55
15
570
77
2
1
197
8
148
309
1
2
318
643
14
4
40
103
311
12
76
94
4
10
255
118
1277
16
20
1
3
1
25
8
483
43
67
1117
727
2
1
650
4
29
10360
2
19
100
42
17
1672
150
147
4
1051
15
1
415
82
1180
524
131
116
10
28
242
64
591
49
325
1
3433
426
160
156
168
7
42
12
118
1154
1
1504
4
154
232
53
3
42
1
69
389
1
13
1298
68
534
2
17
393
125
3
5999
4
1080
1
60
7
287
231
1
753
492
17
286
9
30
1
26
670
852
1381
581
27
8
104
3
62
113
2
1
6
2
1
28
172
170
3491
405
44
2
189
8
2
16
12
3
33
1
769
2519
1242
2
659
1
11
57
1
1
730
2
1021
6
7
3317
3
4
192
2242
324
2
20
2
12985
124
36
203
30
34
28
2
5
14
6
16
14
15
1
1
959
14
1
612
1
2
6
166
1042
136
24
40
5
1
4806
1
1
3020
3
1247
4
1
1
1
105
21
154
2
24
264
13
88
1
8
2
488
5
1
208
3
900
3
13
11
1
462
114
193
7
8
83
3
18
2032
637
35
9
4
84
5
2
552
7
808
2
1
1340
183
88
67
40
776
147
1240
1
38
1
8
118
4
8149
9
4
3
5
8
108
82
716
158
142
16
3
2031
1743
417
300
37
5
3
118
9
34
1482
1
2
548
1009
41
14
11
428
7
12
684
1844
1952
1
9
90
74
4
131
1
663
1
1
2417
24
1
5
1
4
45
2
87
257
2262
1
447
2
250
1064
13
176
1304
3625
56
277
1
536
28
201
3
7
9
199
72
1861
1
533
833
28
1
110
4
20
2
101
23
2485
1
1
1
138
1693
44
1625
4
5886
10
3
166
1259
144
22
2
46
1
61
8
73
1
1460
61
22
839
720
16
1
53
3876
18
298
108
4
7502
9
2
15
34
6057
1
159
10
147
151
7
2037
1
1638
49
23
2158
9
29
3
145
382
10
254
265
593
9
2
58
52
10
2
1
3
4
9
39
2745
120
1507
1
30
2
3038
1973
267
981
130
6
2
5
31
136
127
39
33
420
3
4367
115
5
3
23
207
1
1
15
4
11
1199
105
65
24
7
2
1977
79
561
1
28
655
33
22
22
1058
105
11
8
60
12
28
5
141
80
433
258
1
1
4
5
370
351
183
4
68
17
1
2302
2
16
491
4110
25
2
4549
18
117
982
5
1
321
5034
142
412
1
106
1235
1345
2
27
4
395
1
7
11
109
2
9
7
557
19
751
65
26
84
9
16
6152
72
1
1
1
42
4
14
1538
1691
17
21
230
1
107
1
52
135
293
2796
82
12
2
7
3418
34
6
5
5
248
16
311
455
649
19
1
1900
3
64
32
149
18
322
10
262
97
1964
13
2
123
16
18
1
4
68
2198
211
873
54
736
22
43
18
3
2
174
6
22
1922
1
31
6
18
3
5
778
1
1
590
239
75
1
3
1
582
2813
20
9
1025
59
6
634
239
20
36
12
4365
1466
209
4
105
2
174
1
26
3
40
191
632
48
7
135
730
305
31
38
5
735
5
4
10
13331
476
146
59
7
1
536
4
260
6
376
1
1464
1
1078
5
179
15
1124
6
117
3212
3
646
2
10
1800
6
40
7
78
163
1
4696
6
1661
5
469
7
5
52
77
218
14
2
558
1552
82
7
15
7
2175
906
357
48
114
248
2
86
19
20
65
168
4
1
16
10
100
6
58
37
30
594
16
2265
33
2
60
1
1
3926
2
24
1153
326
2
259
1
31
236
5
1
1414
38
2805
5
285
7385
140
57
32
139
234
8
5
1
2
1791
2
1
548
58
52
18
77
5
29
154
7
431
891
28
20
31
1103
1
2
895
2
318
26
2606
8020
2
1
209
17
267
3
119
5
1
12
16
2366
12
3
2
37
10716
3
10
123
87
24
2498
2
284
28
181
1
28
9
3429
9
5
4
1
61
1
9
78
6
1320
661
59
1
1283
80
1415
78
6
213
1
281
145
681
6
1
29
871
16
3
1
33
151
8
10
1
38
22
134
222
253
1
1
2
1991
5
426
14
2
14
67
5
6
10
489
2751
3
6
189
56
3
4
15
9320
15
12
672
5
3
10
1083
2338
236
67
1
82
1
54
42
37
112
206
32
11
7
154
26
340
22
4529
12
5
82
313
41
6
461
1775
531
1
139
4
26
1393
483
32
2
11
191
170
4
1828
4
5
2
1941
1
2110
25
9
547
215
3
474
198
15
210
8
1693
10
17
34
885
2
33
1530
127
11
53
299
924
1785
73
4132
1486
9
510
12
5
9
2260
1
1
4
20
4
17
114
116
8
178
133
298
790
2102
12
11
213
668
21
633
216
189
6
18
125
1
1
4330
121
1
73
7
71
125
201
2
4
7
1
1
116
315
9
7
298
11
3
11
1145
1
11386
35
9
8
6
6
4
482
6
13
29
1019
42
8
333
10
105
36
4
1
13
2
1981
1
51
8
1938
16
1
39
56
245
5137
22
2808
1
2
23
5285
12
1
2
254
1
29
3
29
50
6283
172
2114
27
186
1869
3
11
47
11
239
6
413
47
66
22
273
9
353
1183
52
8
1
576
114
2627
32
38
1
59
6
254
397
238
4
9
1
2
41
277
412
1
8
3478
1260
24
2
86
138
3593
416
4
1003
20
63
3
185
5
1222
844
90
27
3
186
448
925
23
4
20
1
719
5
3714
133
555
11
48
2
306
10
9
44
958
463
2
10
9
237
302
3
6162
4
532
7
33
1
485
4
3
134
530
1487
96
111
41
1035
63
1501
125
1
2281
302
68
2
1752
160
12
36
59
5
13
2
1
1
15746
1
4
17
1
31
83
66
1
67
897
18
1566
2
4
18
3
3
2590
551
1
7
2120
31
4
10
15
82
5
274
28
38
48
3
2719
2606
268
74
4
2122
137
1
281
22
45
2
41
5
24
12
55
34
3
13
2
2
3
411
29
9
1
6
11
29
1308
34
53
622
72
5
1
1499
5
74
3
66
117
8
62
1
13
37
5
56
2792
3
169
11
8
742
479
2
749
3948
1
88
533
1484
66
1
6315
7
817
3654
12
2
1
567
91
1
3
1
3
10
2
1922
12
1
50
30
9
1
1
416
16
21
8
27
9641
5
140
20
1
74
9
278
144
11
32
12
42
259
149
962
1
123
2
113
513
2
4
1
47
5
98
507
2
88
433
134
610
138
118
12
2
6
106
17
47
588
8
1
18
1015
1256
1
111
758
17
8
29
14
2
69
86
6
3775
58
571
3
2819
12
3783
26
1156
192
39
84
8
1
1527
11
5
12
3283
67
3
1042
7
146
356
1
414
2
106
205
24
7
20
5
457
43
236
620
128
1063
712
9
116
38
3
187
5
3
1617
3
117
1380
11
73
2436
16
8
2
3918
35
2
362
1310
5
2227
6
23
1441
663
116
2
37
182
1332
3818
5
1
1
5
2
1961
142
27
2
18
126
10
84
1
4
5
13
291
1
2
42
1360
8
4406
528
460
5479
424
43
13
90
55
26
115
515
2
2
4
689
10
1
1
80
101
1
2957
1
7
32
717
9
46
1
46
952
3
38
95
4
35
46
131
2
367
9
14
388
88
131
86
492
8
348
1
3
7
5
2
229
128
1
1212
47
1587
6
26
5
307
4073
38
72
653
18
29
280
51
1
1
1
70
451
736
1
21
1
358
190
60
840
3
1
603
235
21
305
5
8
3
7
58
12
15
3738
1
2
422
1445
3
1
2
2
8
144
5
389
1179
12
61
8
13
38
496
38
5056
184
162
467
1463
74
1
456
340
26
28
5
2631
1
82
180
47
126
480
1591
10
126
9
2
8
19
20
43
1
285
2
18
1221
6364
3251
51
1
4562
263
180
15
892
1
1
2
157
270
1
3591
181
22
2
3
6
342
35
91
40
11
11
1837
46
1802
975
3589
33
60
25
1
611
17
5
8
13
551
9
4
15
104
6
305
1
6
59
2
115
2
1
380
1705
6
452
28
161
4
2
157
40
21
4
1
1
1553
18
1
1
1
17
352
315
1
207
1764
2525
2
80
4
5
181
3333
4
8
481
1
40
311
44
11
355
3
71
1
2
140
37
11123
2099
60
4
141
1
8
1
1332
1012
663
860
5
14
204
11
6
3
99
2
116
10
1020
3
9
89
130
1518
1
1
2
84
788
1247
6
49
7
2
2
39
18
838
1318
54
26
16
173
2053
1026
1207
397
3
497
373
1738
1
318
345
41
771
638
283
1
1
3
2
1
2
1
12
979
4
386
85
17
9
1
13
5
1
2
1
694
200
386
4
7
7
259
161
15
23
83
367
44
6
5481
4
11
1252
58
490
3
1
1
836
2
10
1
496
371
2
71
6
940
1
958
2727
4
10
1366
32
744
1
1870
8
927
856
15
125
2
4
2
1804
85
68
64
22
1593
228
269
5
51
2
31
5020
7
264
4
407
1661
2920
5
76
39
18
4
17
2054
1235
54
16
1
1
234
8
17
33
1
4
16
56
128
2
819
8
1
2
461
127
762
111
2
6
3
390
355
1758
1
12
1
93
325
16
100
1169
1357
70
8
51
3
1
16
9
17
4
10
1
1
84
751
15
3
10927
84
56
306
264
366
1906
3
274
6
15
3
66
246
161
87
1721
2
1
323
36
2
1
4
20
1
35
25
1
22
2
1611
83
131
170
13
2
355
8
3180
30
99
22
209
2309
14
7
6
15
1627
6
428
297
17
16
117
7
300
25
641
244
1
207
210
35
24
96
1
508
1
808
50
6
1359
846
10
41
4
1119
91
869
8
8
14
24
16
3079
9
8935
1
4801
25
96
1
1403
5
59
1
46
441
47
9
3
248
6
128
430
6
114
235
672
448
1
43
702
2
738
1
20
3162
617
70
78
4110
1
1
37
34
72
37
1994
176
245
5
12
356
892
22
79
1
116
5
2
29
413
21
1248
19
76
25
118
1
1
2
8
1
11
2
141
2
25
265
14
6825
765
388
2
464
5
226
79
10
3
411
12
1
24
1549
1
286
4
1
133
71
2
1456
4
2
2
340
2
6
15
1
2
4511
2265
23
30
14
2
94
4
103
118
1
1777
9166
50
4
10
1
407
760
9
4061
27
83
1484
59
142
16
12
171
823
246
3
2399
11
2
2
2
14
8
4
122
1186
1
2
3
1
28
1936
17
12
2345
2
9
4
1418
8
42
3124
174
409
2051
30
2
14
44
17
454
78
744
1
142
52
566
6761
28
272
6
735
7
543
1
25
128
3
54
127
26
156
666
19
61
1
2744
16
566
239
1109
2
11
1
501
5
243
121
25
69
57
1
351
5
6
508
4
18
444
2300
122
11
6
5
134
2183
147
1064
25
701
22
3
13
2
135
4
1
14
35
2
1
3
1
1
71
3
82
1
6
1075
1
75
335
534
324
103
2
18
5
1
921
270
655
428
31
10
8
5
54
12
20
4
1
897
55
58
55
3
1
39
12
5
1
3
51
318
2
968
2
8
13
1
1
9
57
42
2
51
15
1
2
170
1
20
50
3895
7386
1
27
1
4220
4
67
46
16
25
4
15
81
3076
270
283
1
1950
2
4
105
11
46
45
3
1869
21
1
1
65
8
14
639
31
1676
37
6
183
54
7
94
1
3
5
35
12
251
8
5551
5
38
13
156
2
204
9
1
21
12
78
31
1
4186
73
301
24
3
15
258
39
31
2117
87
798
15
3094
8
3
394
1
4
1303
131
2087
1290
4
4189
191
446
517
2
6707
6
5
1
287
10823
1
19
9
2
293
1
10
76
566
26
94
4
32
80
6405
1
1264
143
1273
4
1105
1
33
8
3
23
2
22
4
24
8
2
2
22
3
8
9
1
1427
54
44
17
1556
378
27
2753
15
322
1
93
4377
2
323
436
18
11
2
6
40
4
97
531
1
2770
4
2
82
191
8745
51
2
13
25
3
866
126
4
3
479
1
2301
56
3230
1
4
3
15
149
1
23
17
1
4
6
772
617
973
88
2
6
32
28
66
1
134
2857
3
4
26
1
3
1
578
3
25
5
8
43
28
61
4
990
343
31
192
230
2
4
4753
150
2
47
126
1
58
2456
2
107
6
913
1
2
15
1237
56
18
13
2
2
492
3
26
128
40
275
1673
49
49
1
31
18
3602
17
2528
4
963
1559
6
526
11
6589
98
62
116
20
7
11
269
5
383
208
9
4403
683
52
848
1
94
18
11
194
6555
33
77
2
2
187
2
730
23
132
5
141
1
49
3
136
1
1
4
801
80
1
34
63
9
270
1
97
2
27
1
28
461
2
459
176
2
3
2153
710
44
4
4
14
3407
5566
2
1
10
1
36
33
461
4092
174
1823
5
2
105
1
2604
783
2
378
82
1620
7
902
11
14
2900
1
7
468
286
2137
38
20
9
19
7
41
4
74
216
2519
3
503
23
5
157
1
506
5
349
156
741
2181
96
123
11
1
3
1
669
2640
3
1076
5
41
2
97
73
171
16
1
1
18
684
376
12
1459
127
3
239
968
7
416
193
1
2
380
1
12
8
425
17
11
25
7
1
21
268
4
93
22
5425
668
96
67
8
1109
7
25
191
3
3125
8
130
9
3
7
28
1
514
69
2
2
98
612
1359
81
37
1
352
2