6107867
3
83
11
15
283
3
22158
1
166
1
837
93
7
19
19
1
6
11
107
238
1556
11002
7173
9012
98
3
18
287
1
899
18
47
2070
8
8446
915
1
11
2078
10
1
1
1
1
3992
4
1
9638
35
2
6
1
3
6833
58
117
11
93
2
30
35
4
164
23181
3357
2947
2
39
8
217
7
14
1
9
2217
8
3
9
354
7
100
1625
6066
27
48
798
786
72
87
2
6460
106
36
8
27
1517
1
1587
2
179
2
63
230
19
84
169
68
6
15943
926
74
2
47
240
7
1763
8529
93
128
1
132
78
102
33
15
66
2328
6
1
2
150
2
6902
156
8
433
357
2
33
2422
14
2
24
21
5
7
1456
402
90
14
3
18
1600
9
11
5
12
4261
69
133
2689
1
1177
59
527
418
2
5
325
101
1
17
24
4
3
188
660
18
9
195
727
2
1
1747
1
418
1
1263
36
1183
3
18
162
10
546
50
6
9
50
13
26
13
10
10
3
2
3
1
2710
7438
4537
357
7
94
1
24
5
147
4
12
6
260
3215
510
1
2994
3979
36
486
17
32
300
6
3337
1
1289
1
33
8544
5
4796
224
11
1140
43
9826
9
27
206
121
810
133
24
692
15
92
12507
5
1
250
12
82
99
248
652
1
95
13
327
580
3
6
7186
2
56
2
1
2
16
3
498
57
67
1
5
175
3
5
432
1
42
4
8
3
1
2
27
4840
6
1
14
1
5
15
3
445
124
9
51
12191
5
37
65
345
84
118
1
1
1
5784
3
43
1
3
131
691
1
5
880
8877
1
1
108
53
8346
264
8
2
9
8552
2269
8
16
2
5
20
3
37
6
1294
6
46
2
11
2
2
21705
1939
901
41
12
1
2813
1
91
220
1
7
1
3
930
37
3
3
21
2045
2723
4
18
6
16
1
1
116
28
2
3
96
183
2836
1018
6878
643
36
30
104
4804
5639
15
34
40
296
12
5
459
9
1
2
693
14
181
117
18
27
27
11
1268
27
15738
212
1
23
724
28
8
470
8
127
5
1
1413
2850
46
11
12
5
3
161
2
14
940
777
124
39
35
1
99
44035
2
254
2
23
8476
50
3
82
345
1087
94
13
1
1
1
1
15
333
26
259
25
4
8
557
55
51
3
73
262
178
7
22
20406
225
90
2850
8017
1
201
20410
1
6426
14193
262
6
2095
2
4
33
52
3
2
1
579
1
305
1477
8
8724
2280
32
2
1
1
802
3
1
678
109
3
2965
3715
1607
224
91
4
11
4321
53
3580
4
141
332
3
220
7
2982
6
37
1711
14
3
24
103
218
85
13
2
19
4
6
5
5908
27
24
295
1007
777
1
1
1638
3
15
10
11
19845
5
3
4987
174
2038
176
1
40
4700
18
1260
13291
1886
675
1
2
1
1
79
56
2
7
1
1
193
4659
2
6
101
2
5
438
7
709
10825
4
2613
30
1
1418
8
9
3
1478
186
13
949
7
189
11
569
46
1
2
876
54
1
232
1
9
11
4
4
51
3
3
1
31
1274
1
341
88
6616
482
42
409
5
6
61
5876
34
3522
1
28
2
8
1
3
42
1
11
43
140
510
110
45
48
49
700
9
1
1362
5
1
354
1814
47
2
2
1470
97
3862
44
114
285
78
1
402
30
11842
6
140
1
1022
2
4823
1
1
82
10125
16702
1
112
445
1
1876
271
112
190
1
601
5
3155
626
7
1
91
11352
6
2
15
1560
50
11749
334
151
106
102
6554
14
1
1
3
644
143
5189
18
10
1
2
2
3443
22
14
110
1
7
4
186
36
388
3746
4451
638
1
5998
116
231
2059
50
4
10
50
239
2
5
2196
3
20
6391
2
94
382
1
1462
151
55
102
183
224
21661
8
5
357
3
126
4
1
42
21
2
70
11
309
3
2
106
6288
2989
1
209
49
810
1
111
7362
2
2
2
263
38
5
910
26
28
22
31
751
948
67
23
2
7
2749
21
2189
274
9
3
76
217
165
1
8079
7
2
409
8
2
1
2101
5
675
4
408
14
3836
245
5
750
64
8
4037
2
79
1725
3933
108
71
5
10326
10405
25
1
1
105
202
26
1
1156
9
1137
2071
16
44
42
3
1
2858
13
3868
1
125
1
2
7
3
17
8
6
39
1
2
1
97
6
88
5166
1
203
10
3
248
148
148
4769
5
349
2
470
5
2
29
1522
9
5
85
545
1137
2154
154
8
7
3
263
209
58
6
44
105
617
4
3
2731
80
7356
3
322
8
151
1
1279
13
3
7280
40855
14
1
631
242
17
529
1717
24
6040
10
15499
55
2
46
181
1
2
352
6
24
3
2
11986
5885
78
3
24
14
8
397
124
383
568
4
18
2
133
1
140
15034
451
33
255
2
5
24
21
1
54
1615
1
223
11
2242
67
1651
1614
1
5816
166
3214
1676
39
1118
21
5
179
464
63
566
30
1
16
833
1716
46
250
4
1
509
1
1
6
8104
4143
16
20
956
757
8
1
1
1
4
6
439
1
53
33
1
376
66
5
4
2005
3152
2
45
160
4
1
6
328
8
4
3
34
1
690
1302
52
32
2
10
7
15227
70
1
1
7
2
818
2
1
3295
7971
130
110
1
6586
150
6
9
61
39
517
2
59
1542
1
1
6356
234
1
5017
49
76
4
77
8735
8
50
105
2
51
1
3
51
1790
96
4
3
56
6
9428
1
2
13
343
3
4
226
45507
1
306
2
192
1583
232
8779
16
191
17
4487
53
1
69
20
2
7
1
4490
24
1936
13
2346
101
3
2
205
45
236
16
170
19
159
3
133
25
3
8
238
1329
22
29
478
59
1
2666
9188
4
3501
91
3
28
1
12
3
127
6
449
85
20
1185
354
1781
2
931
230
1
41
104
313
959
1
444
1
6
1036
289
5035
2
3973
275
1052
2261
110
700
1
388
31
1
12
14
1
34
3
886
369
4
70
703
4971
64
1
576
23
88
1029
11
13
3664
5
18
34
45
3
1
26946
263
15458
201
27
34
925
247
489
112
368
1518
157
1
8771
837
2576
34
10
7
148
4
297
6972
5506
2
75
18
10
2
30
11
268
1
98
292
12
4
20
25
9
17361
6
136
71
7
2
64
5
240
277
1
1
81
47
1
33
9
2819
481
387
8
4854
681
5432
785
807
2610
1
8
49
1
2
1517
2550
4948
15
584
11110
371
452
4846
26
7
75
1
1
3
1220
198
2094
5
15
10
3112
33
2566
2640
1
48
31
1
255
1
43
6
515
141
11787
275
38
312
3
1176
7
3039
2672
190
283
6
3
4588
97
971
299
2
784
1
9
30
1
122
6
11
19
158
16222
88
4
22068
6
3
7
1
19
589
269
5
21
2
4734
157
498
41
110
11
187
455
54
847
1
186
811
446
102
1422
12
152
271
1
32920
279
89
1
5
3074
2
391
9311
3
17
1
6
69
44
7
2
5
46
826
15
129
975
22
26
1
40
9
104
191
8
10
18
10
1
342
148
42
6
2
2
1
3
237
38
16
352
7
3
50
681
1
1320
1
17
533
11
6
32
2140
3
8624
7202
327
421
73
1
7175
1849
212
53
6168
824
29
411
3
1
13
14057
264
18
753
25
954
21
241
9
33
4
51
1
6
2
3888
7
3
53
53
394
42
35
1
3661
104
283
140
3
5
1
90
2869
2
10
2
3114
3
2630
23
42
44
9
174
53788
1336
88
6738
132
1
1
3664
174
2
23
10
11740
20
64
45
15
3
49
41
8
82
12
4
311
5540
13
630
614
211
5771
5
56
1
1
1
159
27
1
57
17
250
8376
2
9
102
1
16
3
6
8
67
4
1
6411
2
33
28
2
2
18
333
73
1015
499
4
889
4
2
9
6
2
135
312
24
3
2997
3880
8
4
3
2
3
4
1
7700
1
5
1
36
3
612
676
1499
15
17
2
37
119
2349
5
21
99
209
3
2448
23
16
1
8
2202
10
17
1
239
5051
129
8
1015
4
317
112
35
2097
1366
5
2
521
235
2
2
9586
13
251
1773
1
11612
536
12
33
1729
8
23
17
3681
154
1
4
189
3943
209
13
2408
61
2
28
286
38213
1
754
235
62
1
2291
2
2
1
3542
1801
3337
402
811
4861
52
158
1
33
3
66
12
41
480
56
31
27
9000
8
33
127
101
7340
4
1
532
16
7309
1
343
3
2
55
26
183
13
2
2
6
1
24
15
1
8
1331
22
5555
4
1067
2
248
203
2
2
186
1
470
9308
148
78
12374
1
1
9
12
29
137
702
4625
7
4
1
20725
1
21
1684
166
576
8
8
172
64
3
1056
21
1
1842
3
243
4
608
1
797
4
1
1
677
22
17
4
401
2
3
4
4430
1
1443
31
2
13
4
1
348
119
420
50
43922
2
738
5
5
70
8
1
37
891
21
12
6928
6
1
18
30
536
12
782
5
2
132
21649
6
48
749
1
30
7
2300
212
2
222
393
66
1
1
3200
26
26
1
1
11481
65
1884
39
1594
3371
86
4384
4
293
1674
707
4
38
738
38
1068
97
3058
77
1350
1350
20892
10
9
23
347
5017
374
112
143
27
176
213
1
10
6
1804
8
800
36
514
3055
61
30
271
27
10
44
63
7
9
5009
247
96
20
120
1638
2
25
133
12
7
5
178
1
9
2
449
12
23
2257
12
2
301
21
14487
10
533
4
125
1
1
2
1
11
26
45
262
3163
10
454
1
72
1
562
47
6
8
1059
73
3182
45
550
20
3
5
9
3436
13
1
1
9
612
47
4
108
4202
17
119
49
3
1365
173
57
169
4813
206
1
816
237
2010
1
2409
9
3085
129
99
1
43
6
1562
1
7528
1
6685
10
1583
35
2
3520
1
7
269
18
2
19
1
4919
1284
1091
228
25
1
22
41
8
583
209
88
1
5
183
555
15
15
1
2
3764
2
41
681
56
31
13
40
2
62
16
27
3
7
7
1
97
351
13
490
4
9401
1
8446
4
60
3324
1
27
2
6
3
8
2
27
5
3220
121
2
13
175
561
4739
34
35
4
102
2734
7261
1
3
593
2
10
11
1050
51
1
396
15
249
307
479
4
17716
1
1
3
1
568
3
20
8
51
4
17
426
30
60
1
5624
2169
19
1
4
74
1
1
251
57
356
114
49
669
104
143
1
602
5
564
131
18350
392
110
918
3169
399
2
31
188
4
361
1
6
6
110
1
37
62
9
2
123
2427
2
15
59
3004
68
1032
100
1
109
1
581
35
18
10
10
87
7942
1
3
616
1
1
286
197
588
802
54
387
1
74
4
1
8942
47
2
112
331
58068
2
19
82
6448
1348
292
1220
343
5
233
5
3
140
13
13
15
1
878
17
3859
6
63
476
1
2270
832
2779
8
49
21
1
351
201
117
25
4152
23
634
8743
43
1
8
20
322
785
21
2
853
2460
54
43
1091
3764
63
8
40
2
2953
5625
48
7
100
33
275
18
2499
2
696
290
1
6
11
78
9
175
1
2352
183
234
291
2
79
295
9
5774
48
58
19904
216
254
308
3604
157
3
7296
31
1
1580
47
853
3
54
17
7
615
38
1235
967
6
2
844
122
149
77
929
1
446
85
2
8
6681
1
32
26
126
30
6
42
7
2
338
372
200
79
958
855
3375
346
3
12563
1978
1
139
3
410
78
26
42
9
8573
307
65
26
19305
17
1
1
989
2
1
518
5401
198
4
6
136
8
325
284
209
850
2
2
151
153
214
14200
3
1
1506
19
1
16979
789
1
268
1
14
6090
173
72
618
123
322
23
17
175
2
777
165
8
11
2020
1180
6
323
2896
121
12753
2779
14
5
51
1
4
229
27
4
6
23
292
2
9
3
1853
9
5
6582
117
813
98
7
1503
16179
549
86
12
2
724
671
70
6
19434
1
14
3
18
52
4
400
14
1
1793
118
1195
10884
1
6093
3
478
17
2
349
259
78
4
18
12
85
53
41
466
1428
84
3
271
54
277
57
192
2625
109
1127
1882
6161
14
74
180
2
51
142
40
4
781
53
4
799
13
2342
3
56
262
84
33
1
2
1
3
1
18
2
11222
35
5
45
4033
835
1
6182
9
179
1
56
89
5
113
8421
370
33
20
2
3
3
34
2743
57
248
1
44
262
13
1
1
47
7
125
270
25
591
5
19545
1
30690
6
61
7
26
1
593
101
7
37
2
811
2
2861
8
20457
22
676
1
1710
3
2
19
105
10
50
50
3
7
191
2
18
14816
67
1075
1
69
38
4
178
61
25
1
72
84
15
106
1
3
4
134
7
48
6
20
1
1
337
1
7
16805
3
1328
8
1
461
41
682
131
28
5328
3
4
244
34
205
21
5
5
10
20
642
11690
4
19
409
106
43
850
2
7
4
24
3
601
50
13
39
11
1255
2571
138
736
1800
2
36
4382
4255
3179
282
1
21
20425
7
115
2
5
43
3801
24
1
24
7
4
26
27191
1895
209
5
481
47
1
2
9
1
78
2044
1864
271
647
604
43
1289
1280
54
334
1502
162
392
105
77
2
122
3210
2
4
801
6555
8
414
125
239
844
52
183
1
202
170
1
39
52
2549
1
1
2
82
58
105
2
37
10
98
12112
1
173
19
40
859
117
2
156
1
12
124
2
129
14
5100
12
17711
6
1370
1
2433
63
25
8
245
1764
104
302
8
5
1016
5
117
1955
3
2353
26
47
55
807
4410
21
2
3
15
2721
2
97
2
158
2341
62
1
1
2
101
3
7
1
1
3
2
79
14
26
6314
2122
1854
8
2348
613
34
1389
15
116
1794
9
4
1
130
1
36
66
44
666
18
1042
11
30
729
17
2
1873
1
6
22
1
20
6
4
22
117
8
1
512
1974
16
2
18
9
1
94
32
7403
180
13
2767
2
4303
1
168
1261
3
11
46
5
334
142
40
1
10
157
2
16246
117
1
24
3
2322
5743
26
2273
2
371
2515
24
16
2
9
1028
757
7
32
18
2
3658
3045
5
2172
3
30632
414
3
6508
3
1946
7
14
64
50
3
486
18
60
2
1
265
399
6
33
38
460
28
2
2
20
4184
1
2204
1
597
490
11
12
106
1
1
1621
1
1170
1
1
12
1995
4
2
55
3325
16
1
3
80
6
1
85
21
31
2
777
3173
296
212
345
2
7
5499
223
3183
294
100
52
39
1295
1
2
9
9
326
10
25
1
1
1041
23
376
1
78
2699
452
21
12
21987
119
5
2
4
27
11
899
1117
846
11
118
1947
27
45
1139
591
47
290
634
2
69
680
346
106
4
91
272
2
180
4
2598
36
319
5
2985
2
445
613
8
129
415
2
5
6
519
135
654
3
5052
14
4
1074
10885
1
299
3518
3879
4745
536
202
7
644
544
4
16
334
6237
4
81
1
181
258
5183
2
6
149
2157
2
169
2270
24
282
16586
1
28
32
293
336
4
101
30
63
1
17
569
2
25
1
924
272
1
1
13
32
676
20
6510
68
101
10
2645
80
32
34
2
784
234
2
1
2181
6534
890
34
1
6
10
278
13495
10
52
207
2
1
385
13
227
224
6
204
41
1
1
41214
1
106
886
3355
2928
280
252
8476
9
6
1168
47
1
433
1
1
41
286
996
209
1
62
10
554
518
184
11477
6
4839
1
43
1
6
48
8
78
17
1522
109
2358
8603
2483
901
948
98
4381
1
717
46
3
33
482
2110
147
10
3
4
471
16
15
411
5998
72
950
1
76
4
1
5
261
4
10
6
3138
221
110
415
1
11
2718
78
1
572
1096
12
82
330
1
1
273
231
259
19
1726
7206
7
9
16
2
1917
7407
1
3
26
9
12
996
4
222
9
1
842
3913
10
4
9894
91
5
3
6
1261
972
23
2
4769
767
14
6002
3323
52
203
3
970
4102
17
12496
2346
595
282
3
3
90
86
2
4972
14
10
283
2
4076
1249
174
613
4837
286
4
2340
1996
28
32
7
7294
420
16
157
2
3
318
2344
170
3545
421
855
355
9794
130
84
1
56
58
5
444
26
301
557
5
1
1432
1
4140
865
13137
25
2
9
1
430
788
3
970
3
572
280
61
28
260
493
1
7135
789
3
26
4097
1439
1
2
206
16
15
10
14
1194
80
3
630
5
5
1
587
2
70
16
9432
7
210
486
1
48
1203
2615
2377
520
5
75
2
1134
59
3
33
8521
305
145
609
357
1
2595
181
12
16
2
9
269
1
1
569
9
21184
2
560
336
6
8286
116
17
17
7984
352
915
31
4240
4
1174
764
3768
1905
3
4
10
7
2447
3
1
23
3371
126
3
109
1040
7331
24
2
1941
7
2139
81
1217
1
6340
28
1
3
6
1
15
1
512
7
40
3655
1
38
20
1
7
325
183
1
113
778
3
130
23
27
2
2406
2
1
29
2
136
134
460
4
1
1
1537
9
45
13
6092
2667
2
167
85
1
5
182
20
59
661
4930
848
87
394
145
1
1
405
56
2348
482
1
1
2
1
19350
661
3537
27
732
1253
2217
2
1671
65
2
139
279
11
122
9
2
269
14
872
344
139
1
188
85
12
4
223
27
24
30095
53
1
1
472
82
1
381
7
746
3
4
23323
184
2316
1
3234
2
12
129
1507
1540
1766
1
14
811
8
68
1038
2
5
188
1554
1397
15643
840
23
20
2
785
4
1741
984
1
457
47
205
1244
57
1305
112
5
266
356
1125
8
2
136
2
249
10957
1390
1527
627
268
1
53
1
3
3
107
21895
1
3
63
23
30
417
110
1
128
1215
244
1974
5
12
7
146
2176
25
2
1
3485
87
5
1
10865
6
6865
4
42
6
2
6
1
188
786
1
1
5
15
400
13
4727
1
2567
266
286
136
5
28675
20
191
4
2
42
6565
681
875
14
4
16
3
2
2
2862
20
1
6479
1
1210
5
4
23
4
1
2
29
35
18
6
323
2
18818
21
238
9810
1
13
13
1
62
1
2495
121
2
1863
1
2
1
687
2613
958
88
11390
835
3
3
22
1
4
3
7
138
12
18
16
8128
1
2420
191
77
1
1
6
1
1
282
121
19
18
428
3
4
26
1
2
8457
9
4
2
1
156
7
183
1
4
4
173
5
1
45
592
24
137
103
4140
59
179
2
37931
5
138
1
5144
6
7
23
131
24
125
62
11
2
554
9
1
1067
2483
494
1
75
3
306
29
15
1
856
12
5
2
3288
101
98
960
10
73
10888
3110
9
301
2760
1
261
86
3640
9
2
17
1
1
29
399
177
38
465
51
3321
2
2
4133
1
84
2350
596
253
3282
2
1833
582
49
1
15611
4855
17
3
7
3
1376
2
4
1
2169
94
4213
486
1056
1
2
868
3466
5
218
7
4
982
47
2
13
473
22
2
4763
7650
19
10
14
6
574
16
1358
26
14
5
6
654
3
1
310
9262
795
216
658
3
4091
196
4
12641
1378
65
183
254
2
173
998
2
1
160
68
11
1043
7
1
1
59
23519
1
503
322
20
133
15
408
6
8
70
1
1140
26
27
1
9
3
6
12
49
64
247
770
53
767
6267
6
23
13
3
62
1
1
989
15988
2963
8
2
4
11933
3
17
2
67
3
5
6821
205
337
606
1
26
320
3
3
11
2
39
2
4827
5
18
6488
64
44
139
1208
209
10
65
3
2
4
734
2091
27
4
119
2
3256
31
1231
674
7089
8
2617
81
9
4
15
40
41
1718
9
24
526
349
400
505
2
60
4
1930
1
17
35
195
1
1151
308
696
286
1
296
17
1
5
1
415
509
107
2
35486
15
4
9
442
1
23
142
21
37
111
1
287
2
2
312
1
2541
19
1
1
1
35
7
6371
12
45
12
146
10
9
31
29
571
342
1
87
7
59
29
504
3642
27
4
272
310
6462
2
119
35327
36
127
3
22
17
1
228
4937
558
10
5
5
297
42
92
3
2
1731
24
17
323
105
11
3
745
1
648
131
301
8131
8
135
2
203
117
1
8
43
4
847
38
1
142
4
33
9
1
1
936
20
466
2
4
844
501
1601
9
2567
758
54
130
2
8
1373
1
13
198
1327
50
53
1062
10
280
25
1452
21
522
5335
4
1
599
9
3
43
3
2142
2
2
15
2
25
1
5
5
2558
1187
7
1160
1
1
8140
389
39
284
153
47
26
13
7813
8174
8
14
1
5
826
315
99
48
2
12
41982
109
12
2
244
3
98
13
1
1
73
2
22
2256
7505
11
4
29
3
16
18
347
3
2209
7
1
8
4
5
48
3
1565
2104
174
640
225
8
7212
58
275
2456
22
4282
113
3
15
65
610
54
68
24
2
10
2
480
49
158
277
4209
10339
42
6282
1
2166
5
4130
2
34
4
17
1
7
1
3
742
1156
12
37
1
4
11
4815
336
4267
2
5
1
1
14
4
3
34
14
368
28
2
12
17969
5
6
593
3
123
522
63
6
2680
82
30
143
4
611
9
28
12
1
5344
1158
13818
515
2
28
2738
2011
8
17
3
83
31
45
38
980
2
7
1
7
10067
82
5860
12994
1
5
3
57
1
21
9
1699
16
976
53
2
27
767
106
6800
921
1722
15085
2
1054
123
200
1
3
5
844
25
7
2
2
1295
188
22
1
995
34
241
553
190
2
34
91
7
9
5565
1179
19
1
329
304
452
4
2
8401
6
2
2095
1
141
5
11
1045
1287
33
39
1072
579
2
273
43
1
4424
4
133
397
1
5833
13
6331
1
1
1
45
7
933
19026
8
2452
169
1198
112
1
7417
9153
997
263
115
983
1
3167
8
22
3193
528
28
1
27
80
3823
80
3553
177
26
1
836
8701
16
6
4496
264
237
98
2
79
2340
4
4
1
1144
662
3878
1
8
401
7
1
28
7565
8564
2
7
5
23
1
26
8
1
83
174
1
221
3
44
98
22019
9
4
350
463
1
2
30
10
6
5
69
650
2798
6
9
20
7
1
4
8
1
1
7359
10
23211
1437
42
29
368
15
10
337
168
768
4
5
1
9
740
29
7642
9
1963
3
88
5
237
147
1289
6
53
190
116
152
78
2
4943
15
6
56
10659
28
72
4
1
8
7
2112
3
168
2
10117
3
93
331
13
3
37
4841
122
19
29
11
17
1
104
10
4586
32
7
2
225
10
78
24
16291
8
1285
2984
34
9
20
1
47
50
4
4
1169
2
3
49
3311
18
254
96
1
3766
2
2
402
548
48
3
110
48
1
17
1
3972
83
20
12
3390
4
28
95
4
8
707
2
171
427
3429
3
6
233
4
403
558
38
1
8
33
11497
4
42548
13
26
20
2
3
4
250
96
4
37
15
1
25875
5
3
84
212
5
5954
129
1
66
15
1420
9
4579
25
3874
12
7
1
1
22
6
13
2068
1
33
3
51
4705
14347
1
5
2
272
46
4
90
194
1880
644
203
51
30
38
60
15
1
77
1
2
9
11
287
20
5654
4
15
2052
36
253
88
207
5
3045
16
11
2
139
1
27
53
3183
94
3
85
1
1
112
30
1139
2
23
768
2
102
2539
2931
2513
9
1
16
1
108
529
2
1
18846
6
2362
4
11
1
78
67
29
154
313
877
329
2
4
77
406
9
10
15519
39
3080
9
5
24
119
1
34
27
3
105
333
156
413
1
307
14
285
234
245
1
4
6
2
269
420
228
9
11
176
436
269
218
10
1
3
2344
169
4
42
1
2
278
158
1542
1
2004
52
4
9
332
1
8
398
40
15
1
1
2
1
308
32
52
3
2144
4
154
14542
498
95
18
1
1791
1
44
1179
225
1
53
4904
2
35
310
21
1
14361
2
225
96
1
193
1032
1111
14
21
1145
30
588
19681
3
1443
88
7
15
3
515
14
1
463
33
25
9792
1
1099
22
6036
8
143
199
119
6
23
1038
21
1
1813
74
2527
115
27
1
908
1851
330
20
66
1122
3
5869
3707
4
391
3
1471
230
28
1
48
354
30
153
4163
1
2068
1
590
1
46
348
541
40
15
11
22
7
811
175
30
650
1
1741
949
41
7956
3746
19
10
806
22
1
5750
2
5
3
10
41
235
1981
445
3780
5872
1935
7
422
2759
448
2
4658
443
11
149
4
8
1
1168
4
464
1
2743
81
139
10
1327
120
4
625
2
92
6
443
68
488
10564
625
67
37
1
12
2415
99
19
58
169
35
52
385
135
1
4857
1696
26
574
363
5
2
4
435
215
66
6
32
13547
20
11073
334
12
184
12
1109
83
28
11467
2
336
51
271
1
5
21
2
3089
6144
14
42086
1
1
3
4894
71
15
109
1912
2
67
4790
3
441
7
10
8
11
1223
5
18
19
57
7
1
178
8
6
20
925
581
1
529
253
7361
9
3
1
132
14
87
22448
5
1207
2
105
4
133
65
67
8
807
2
30
9
10
8
6
41
51
6385
6
4
966
59
4
4
24
2
14
4563
1
1
197
11
51
1
139
19
8181
148
262
4
8
2
1
7
115
6749
472
306
8
9
4489
2
225
3
35
78
1
1
1
1162
13
44
2829
1234
2165
2246
446
2
61
6
32
410
3547
158
34
5710
4842
7
1
9
8
3
2285
155
81
8
155
5
2059
1
2263
1
51
180
1102
3
620
2550
10
977
949
22
867
59
2
193
3
81
1052
8
27
1
1
1
14
1
47
1278
250
1
1140
2
33
1314
195
11
2
61710
12
1
3
21
2
1
3
88
4
129
467
70
19
90
7
169
565
2187
11
1
3
2397
1990
2
21
1
7
684
692
4
87
112
3080
80
1074
1993
1547
3
1
11
2
8
1
33
10675
60
624
1
32
8232
3
50
886
31
2
6
5
6
4
142
1
1
1
6
42
65
601
3
1
2012
24246
625
4
169
10
1409
5823
432
570
375
24
7867
802
1401
1279
30
358
1
12
29
3
6
2
85
519
18678
7
2728
218
173
259
81
1
229
34
14
319
18
27
3
66
14
1
1
263
12
1
2
557
4
5387
4187
6
121
45
11090
300
11
27
55
117
2273
4
633
19727
60
4
61
4
32
2017
19
49
1
1
5
20
8301
86
2
18
32
1910
1
2
372
1
3585
96
50
75
15550
33
3
80
318
366
6
141
3
3093
2
3
27
4
11
1
133
2
1022
1
219
8944
75
80
700
15
38
834
5
3
2
168
2
5
8
2773
225
62
5
18102
32
1
2123
2
1136
3
196
8
2
36
12
117
4
8
206
12
175
17
19
97
1
17
389
3
92
76
1
16
18
96
6826
10
12
23
14
1
3995
35
334
5
3
29
48
13
20
6
1
3
478
3
10
1
6621
1824
2
9
588
83
6
178
7
462
54
383
729
2
84
2
1
147
1
1
3
84
51
45
29
1
22
8081
14464
23
1
3
363
368
47
55
29
151
7
531
17
2
1
444
67
612
13
23
12563
1
1
878
1
5320
1341
14
74
3
45
28
27
665
76
519
229
59
42
115
11
1
265
887
28
2
922
24
2
328
1
80
3
3
18649
231
4
6426
3
4
1
14
17
394
1
3835
1
230
66
333
38
14
1
109
18
1867
5
7
1
5
8438
71
500
144
1
7138
1
11
7
3
13942
2
32
46
1
8
2
22
9
6
624
3775
1
11
952
205
107
1
30
147
39
101
5
8
2
11
3
4
63
638
8
516
894
13
7
37352
746
8
1
129
125
6706
47
28
4532
1
455
163
265
23
9866
2267
2
16
7
1
7106
2330
3
462
7
122
107
41
157
3171
1
95
1153
4
1
2510
348
151
3
1
28
6
235
2844
9
206
1
1
8
57
405
33
6027
16551
775
2
166
7553
3
1321
53
98
2
5174
2
11648
92
3879
53
3721
36
32
568
9
12
18
11963
19
8
2953
1
1
21
15
6
1923
2
1
1587
188
2
815
1
1
8
6
5
12
1
1745
1887
1
1
3367
21
113
75
1512
1
13
3
22
3499
2
399
17
2
475
1
2
12
1655
1
3
9
1
11
942
18
183
218
140
1594
10882
3
2
1
2
3625
5
5408
5
7990
1
238
9
9942
2
32
2
1169
3277
2
398
8120
124
64
1
678
2
1
2
4374
16677
1
125
1373
658
6
1
1030
1693
992
1
553
2
37
19
74
3021
1
27
48
2
1154
3
1
75
2
159
493
17
2390
9
84
26
8
35
11
269
123
1
22
65
1
1
1
4521
2033
608
23020
77
234
148
1
1
33
744
15
41
102
441
2
4
487
2411
4394
42
455
4369
1
3
2112
16
1
17
11
57
24
38
478
8459
2
20
1
6
982
1
42
44
64
1046
959
8
135
3
327
1
7851
15
360
162
6
13
104
10
43
411
1015
13
25
1
149
17
5
3985
2
6707
88
23
21331
3384
4
25
1
33
790
9
73
2734
3
5
4
32820
811
1
1656
6
14
88
394
702
3
3
3
2
1181
134
23
24
4
2601
2
137
28
1794
3
42
8
50
2734
6
830
12748
160
1
6
2
2
1752
42
390
12010
24
6
11
3340
10
196
44
43
261
920
4
1
352
3205
60
7
1
26
50
382
1736
9
10351
50
1
3948
190
97
4
1
8395
55
4
10
35
659
1
6436
1
4026
436
14905
1950
3378
269
5
23
25
16
3332
98
6
826
24
40
3
6908
118
2
2819
1955
6
16
3077
104
9437
1328
13
431
98
1382
459
47
32
248
438
13
1
877
1281
1
20
293
14844
34
1
1
1
2
162
2
81
773
1530
11
110
8
14
11171
10
67
16
3
27
5
3
88
13
14
12
353
140
7
473
1202
27
352
9
36
2
3
3589
2468
1316
9532
1
3114
72
424
12618
592
6
152
91
164
228
60
3
7
20
78
2
237
72
5361
12
26
7396
1
31
1201
7
1524
1332
1104
27
1
750
1348
55
4113
6
684
1
472
1
350
6009
2
237
39
13
2
696
23
39
1
679
243
4
2051
1
19
1
1
3
3749
7
173
14
13
12342
121
5
1
931
9
741
742
1597
917
1333
32
180
6
5
1
3280
14
1
395
127
13
28
9240
16
1
2
32
111
166
27
1321
107
13
18
1
17106
250
7
7276
11
121
16
16379
23
16
14
7374
1
1
4
2
306
13
4
5043
131
503
147
17
76
41
3
77
2532
382
6
157
3
98
1
1
1
1
13917
68
24
18
161
427
2340
81
2250
1
4
9044
1
28
1
6014
372
1620
21
720
2692
252
2037
120
486
55
227
1
183
6238
201
11
1
43
1609
3819
1
165
400
415
24
31
752
7
21
80
8
428
42
22
116
246
2326
5
2522
25
1915
14
2
13
44
56
105
2
3
30
4
239
60
9
24
132
1
17
15
5
193
21
10933
528
1
3973
589
149
4631
81
11
11
75
4
142
423
18
1
2917
26
358
113
44
2
5
5
5
186
3
1859
10
1104
2325
10
17
20
13442
7
77
1
59
44
27
2563
4
16
38
182
23
881
8913
57
1
1073
2
6562
96
178
1
12
7380
4
9
70
1
10
293
482
21
7912
25
289
55
71
908
142
33144
6
1
17
200
36
27
17
132
1
50
1
6
2253
50
35
147
3678
4652
168
38
37
2146
6
2566
5
1
23
3981
3
19
1
205
14
2
23
9547
8
1
60
884
39
11649
33
12
90
233
2436
1
4300
847
12
11
4
1902
17
1639
9
1586
5
38
1
16
38
1541
3
65
1
2172
1
61
97
2
5
114
117
190
3
18
2
3761
5
3266
39
15680
2
379
1068
8
20
1
4
10
257
1
4330
4
24
1748
1
11402
3
923
102
98
15
97
1
2
2
26
607
90
72
478
6
22
4
1
159
29
7
9
4
231
483
39
397
7996
660
352
1
107
1720
3096
933
4643
1208
785
9
1
1
5850
9941
3
20066
5
189
6
26
3
155
8
37530
156
44
56
155
67
12
3
1
7
91
10
10
27
13
17
1
10
4199
2
53
26
2
1674
1
21
1743
11
45
561
5
440
1
4524
197
564
1
453
76
245
13
1
48
524
169
13776
31
1
41
136
6
1
5
14
109
1
44
1
5
16
1
27163
15
12
1
381
2464
148
11
19
116
2
254
5
5
3833
219
45
3
82
1
68
3
8251
1
35
41
1
27
1679
2
2
2
7
9
318
822
3
1
56
102
82
1559
2
177
2
153
2572
1780
8
70
3111
10
6
1
1
12406
32
2
1979
1
645
45
860
1
39
1
193
431
1
194
53
16
1401
911
3980
1
1
9442
6
552
6121
1793
10
5
133
177
4
11
2
11655
84
2037
2194
3596
3
17
1
310
1988
2505
2596
138
10
23077
296
37
273
3867
2
39
6
1
1
1
7
12
1
18
658
192
3
6
10
1
14
1
163
4
784
253
3
89
8144
23
1
4
1
1
941
510
18
168
40
4
3363
64
99
16
280
146
5
154
28
1440
180
65
14
3896
5147
1
13
5308
79
1324
917
2
88
8
3
9168
6
28
285
1
2
425
62
2359
255
41
5
123
2060
116
1913
87
68
448
1
721
20
864
27
3
48
7864
138
1
193
636
33
504
43
52
1
10
83
2
2855
25
30
13
1
4
2
15
615
65
67
1
1
1144
36
73
2
3351
4
34
771
78
269
45
48
84
13
450
581
3241
62
6908
89
1
1187
6630
4469
3
971
109
258
1891
176
2727
3352
7065
2
5090
61
1490
818
7
5
3391
12
6250
97
433
211
10
8
2
2708
2
1706
1
31
14
6
3866
2
449
3
6
3
1835
20
580
611
13224
1721
5943
8947
70
104
37
798
1
23
765
159
1
49
52
2
266
10
15
335
4
2419
965
5684
6320
4
4
789
3
9687
8229
48
367
573
10
457
583
3244
9
3
46
4104
140
9
64
341
468
5303
1
1
85
4792
265
10
24
5
80
23
18
3
17
38
644
12
1487
4
122
234
3
2
1
38
3
32
1220
1
3
8
4949
2339
535
2974
36
15
406
16
1569
482
2
40
1
67
140
3
3331
1846
6
26
1
301
10
422
7
33
4528
23
47
557
341
6
6
1
3140
178
155
32
41
45
2553
1
1250
18
6
100
1
1
3
93
43
1
187
336
2102
4
23215
1
1184
1809
7
27390
97
6975
1
17
155
15584
1
58
4
2
3
588
2513
436
163
1018
1028
5
550
3221
3211
3
6703
391
861
385
3450
1712
1818
152
2
661
2
480
2
33
13
822
1
492
8
1
339
9519
1709
812
166
1
6245
2511
8
390
11002
4
31
137
4
5
2262
303
225
232
76
1318
871
2
20
2
1
2
5
16
499
89
2
79
6
3
3
1
14
473
4
11
87
8201
1
4035
675
2
6
311
733
1156
14023
195
1
1
1166
3832
4
6650
2
422
890
2191
6
30
65
2189
34
864
1
3
274
1
2057
42
26
1
1743
36
1193
42
91
12
54
41
68
4
2
3
2
81
1045
40
8
15
62
12
2193
1045
645
6009
77
6
735
2
1
275
1
139
12394
14
1406
2
1
4454
532
1190
1
67
1
16
38
138
2
1
1
226
9
10
4
4
644
481
40
1
1206
322
59
8
5
25
2
2
7590
129
2
2
1
29
868
6
146
16414
16828
3
6
234
101
10
18
1252
27
8
1203
20
8657
2198
2
461
531
10
2
30
1
1
3723
22
1
1
267
2
1
7018
6473
20
33
1
39
3
1
90
9605
53
2594
121
1
60
312
984
19
8591
12889
9
1
7401
11
33
446
581
11
11
9
16
38
3
6
2
26
1
91
5694
32
3191
40
14563
47
2
24
63
660
1406
9408
65
863
22
20
78
350
698
38
176
5
21
12
15
18
113
3
31
2
61
6
1042
5
695
322
760
17
337
3
5558
2
1105
157
886
1762
2
1
21
224
3
5
18
3270
54
6
6
1799
9
277
4
2593
11
1
2
5
8
9436
32
372
167
4
152
162
10
3278
34
53
11
106
7030
20
7
48
2
1
1706
57
1
7
1
1068
1261
533
3
1
1
1400
13
409
1
31
26768
6117
17
1
20502
7632
8
8
2
802
95
45
4
17
2
37
16
537
65
1
196
71
481
18
1
8
123
1497
2
1443
2
88
11
2425
1
3
541
1543
9
2
1
1
59
4208
420
1
377
220
260
42
22904
1
875
36
3012
89
4
74
119
659
1
5628
20
7672
20774
4
85
607
59
1910
4365
2
4
667
12176
2
1
49
2027
1741
7920
225
141
25
5
2
483
48
3112
688
55
1853
2
24
2
1304
331
137
538
2
264
39
337
1
233
21
2067
1
51
86
9027
2208
6
6
5
804
86
1
4
224
1
2
27
18
4418
19
31
1645
4518
3
6
1
90
1226
36
9
12911
1257
5
16
11
7
11
693
16
4
1
8239
2937
1
344
4390
1
3
25
1
57
160
1
63
1
6131
19
65
1672
50
25
8
2529
4
7
78
6
4
1
13
1
11
9
7742
19
34
3
7524
382
3532
10
1042
4190
923
8
7
206
146
2
37
3
15
49
2659
7
1
87
10291
4982
12595
5
35
105
69
11391
1
3
1
8215
135
21
1327
486
1
11
1
27
4
102
11
4
4972
1
4
378
1
8
710
1
4065
8
751
1
8
21
49
1
3
2
227
982
5072
27
186
153
626
34
3
50
1
3
5
17
1
50
3
15
164
4
4195
13
20
2100
8
1
2
2
3
9
11
50
1
192
143
2
18
30232
1
1201
1686
6
564
282
34
1414
684
1053
1
33
8
21
14
8
2705
106
111
11
9
2
4
19
3383
36
24
2
542
3
764
330
807
1
843
141
107
848
2
9
351
111
11
181
1240
19298
83
353
3
1181
64
77
3
3250
68
388
21
3
1
33
1
3149
2926
504
254
5867
5
36
9
3
19
3
101
163
31
2
3
14
1
1
17
292
1092
12
20
1
1
1
28
6
52
293
83
1707
1
45
43
2202
22
63
3
4
1068
3
13609
15
47
3
397
262
1
64
2
2
6
1
1
336
1442
832
6
5436
6
1501
3
59
1
3
1362
1
40419
27
385
191
244
3
252
5769
2087
222
1
182
494
6
1936
28
227
3
3
4921
8374
6
1
340
1
8
4274
2
116
1
1
1
7
21
3
7
111
708
6
7
62
844
89
2
104
5477
59
14664
166
17
3
114
2942
80
460
1936
67
4573
7
10
3467
19315
4
26
11
4994
2
21
1
66
290
33
528
1562
771
4258
640
1
22
9
67
6
30
2
8
5
188
2
4635
8499
12
1028
44
2
8
4
4523
197
6
43
4
4
4
2
8
13
2
2
295
2
1132
8122
61
17
27
3
183
464
38
7
1871
591
8
1527
483
52
6038
111
1
3
6
1887
2644
1954
6
50
1
1
1517
14309
24
72
1
194
20
2
101
1301
142
1072
61
1
3007
1
179
9
231
2
140
159
6
48
9
128
160
3
151
52
8725
366
122
78
79
62
1
25
2
3
34
2302
5
2
3
10
8
22737
5
20
45
19
1
459
5
10
47
792
2
7
2022
100
2309
15
7
1
23
22
1
3
17743
54
6
72
35
1
1
16372
37
5
3
2
2
3459
65
1305
54
1
7
2
5
283
252
50
12
6
265
81
1
1
3119
1
10
2059
1
3516
229
3
1
39
4737
2
9
1
630
1434
1818
31
1
1
1186
7220
5
6102
3071
36
23
3421
132
1995
2
722
16878
1
1
26
1
1223
9
770
12388
1
1
183
28
2
430
2803
552
25
19
11
2110
4922
21
27
9
406
136
19
16309
543
6
2781
2
24
4
4422
975
30
33
61
26
129
1352
2
1
17331
3
31
1641
3
4
293
186
2733
13
2182
51
37
42
23
8
7
1
4645
9
1576
282
1078
8
53
64
1
24
2
203
4
4
230
167
6
349
6
1
1
4
242
43
687
17853
59
1
1
6
47
1194
2
1217
1777
26
1091
977
2938
11814
1
9
910
1
569
1
509
4643
13011
63
20
1077
56
39
2
3
116
183
11
11
410
1607
7
2
36
161
1
1234
8
2957
153
3
62
41
1
2
10
1020
18
339
12594
13
552
6
18
2531
1465
10011
16
46
2848
221
2
1
1
2682
65
1
106
15
1
10
969
4
2
10569
40
174
24
21
1901
4
3826
2
602
2884
7
6
15
3
948
364
8
96
73
27
8
6260
1
5
6
6
2
10
14
31
1636
18342
11
5
4
45
544
328
2
130
292
9707
1
1832
2093
2
10062
194
13
352
1
96
2192
211
1
11230
224
358
26
69
128
3
359
6031
7
1058
1
9991
1
13
1
1
1110
5
2507
5
3
400
21
2
1125
31
19
1409
3099
271
81
28
34
57
103
70
2
11402
94
3000
23
1
21
3
2
1
28
510
2960
453
17
4
35
12
485
2
1
7
1
6044
7
2
5795
30
1
120
33
14
62
530
5
14
9
76
3620
3797
82
73
2
7
9
13
1
18
131
92
2
23
52
62
43
1
4
1
15992
1008
3
1
43
5173
308
4
97
134
3
110
22
1995
110
288
2
54
24
6139
82
548
307
640
103
1627
17661
1
7
1
744
1
144
6451
3
1
640
225
13
38
18
47
14
4
389
53
2833
2
10
278
16094
1469
11
8366
1586
216
18
111
291
1
1
1
37
628
7
1237
1
14
4
31256
1
15
215
43
318
4
35
13
2
43
16
1
205
4219
1437
6
1073
22
1
317
533
14
2
7
12
897
12
1
1
630
11
820
12
464
10
4
5739
128
32
159
1421
2
1
1
1
1
1
1
24
4279
58
1756
10048
28
3
87
10
1
11
63
215
7
1
20
25
1
92
1
2248
2
1185
1
9
29
415
1294
6
5
4
122
1209
533
1
4
3641
24
2
1328
3
6308
19
1
39
5
1
2
1070
4
2
20863
3029
1
11
60
1
521
468
5
4
2673
145
26
1292
29
97
594
45
546
729
3
21
48
1
24
2065
276
26238
93
32
8605
8009
5
111
67
12
23
26
9
88
44
14731
6
51
857
16
2
72
2
2
296
172
145
39
2
266
15
1
40
15
971
180
2579
3387
38
79
1
492
21
56
16
2900
12
1
3
3
45
62
18
467
3
10659
1
2
11
2852
34
2238
12
2950
1
106
23
2
1
3
39
70
14
318
4
52
21413
19
5813
1
31
2063
3
17
10
105
599
7223
2
142
165
12
2427
907
546
235
2
5
130
4156
28
2
192
166
1
3
4
1
961
34
162
8353
31
1
3
4
6683
953
3
7
4
7350
6
203
522
1
8
97
28
2
4
2
6
7435
52
35
507
4993
1183
1
3673
3
1
1
20
2348
27
3
20
4
23227
1
25
2
296
338
517
3
15
1637
8
1498
220
31
14
1196
4
13
2
1
38
2
55
3
4
50
1598
1255
13838
1593
25
331
19
27
88
48
401
102
456
1350
3656
51
4
16
115
2017
139
4
10
4
124
59
20
282
8
3
868
5
4
980
1
85
1390
153
3
340
3
1
1203
1
5
34
41
45
1122
9
2738
21
1
54
19
421
15
63
2
2395
5
6
17
1
242
1
9
1060
207
701
228
15
31
22
69
13
9
7
292
62
2
46
447
33
1
16035
7
2920
144
1
1500
3
26
1108
1
1
213
1
151
29
1619
17
62
2
3
237
21
47
2
11
4
1
360
51
115
2470
11
1
387
20
132
7
3
2925
16159
1
7
19
3
298
1
59
6445
4041
17504
1
1077
261
51
252
19
4538
142
10
5
7
2
10
3486
874
6
1
54
11
16
1
4
10
2
189
2
1
2
5068
1
456
913
157
5
759
16
1098
23
3
12
14
184
1
13
2
7
7
2
136
65864
10
90
148
697
298
17356
155
1
12
5
340
2
128
462
99
155
2
4226
24
1370
2
2
1
66
4058
96
48
4697
593
589
3
1
731
1
1
4
2
391
278
2
347
7
6
42
3
3
443
108
176
3
52
204
57
77
221
7572
33
1
2
4
883
1
47
5
866
4820
1931
2
153
1
1
111
1578
968
3096
3
3
5595
6
868
36
136
791
1408
1071
9
21
375
5
1
1
1
7412
133
1
919
9
6
6955
1
924
1202
309
13372
122
18316
105
1
12544
69
2722
2
1990
2
28
459
714
6
5
5874
216
8
450
264
8
2
83
5677
16
2
89
5
1
6143
1
683
138
69
9
1
2
2481
187
8
7838
1
1902
1
13
627
13
36
30
3
166
165
313
4
6307
396
8
2
74
23
1
8
664
1391
2
217
48
2
1
14
967
8334
5
164
1
8
71
8
34
2
26
75
11
1360
2196
10
1
305
67
33
10721
10
82
1
1048
26
4
1
10
25
566
4
5
2
123
9369
18
7362
3660
6067
1
1434
11004
26
4591
839
7
595
181
21
18
38
452
427
12
11
1188
7
3
21
742
15
42
36
2
9
114
50
68
2515
59
1149
10
9
2
31
6
442
1
7
716
11
278
6
688
19
7803
214
14493
1912
3
102
1100
388
565
146
383
44
10
8
738
434
5
40
4
2
37237
11
409
2
5675
5
33
1
26
587
4556
71
21
827
1561
885
4
5403
9
1
657
45
1
1
4
1597
6
4178
15
1
1
248
943
6
9
20
120
1555
4832
1
371
1
9
189
2
3244
71
198
3821
2
52
2
4245
665
1
7
2
1567
13
1
2
116
4
426
11
1164
329
3
3111
36
2166
238
89
18
3
2
2711
1991
13
8
3
1
21
9595
2019
5
1
1310
2
222
88
2966
135
4
375
37
15
14
276
75
25
26
37
12251
6868
1
23
1
9
22
13298
243
7
53
1018
1710
3
7
7623
10552
5621
2
8429
864
146
24
72
5
23
5551
109
140
16
1
12
26
1464
263
4
3497
153
1499
3
3
9
1
182
2313
1
1297
26
2
1090
8
2298
18
1
32
61
71
8444
5
5063
19
686
4324
675
1023
18
78
29
3
1
2530
1
15
1419
1
243
31
12
20
318
507
255
73
19
151
8037
3598
1
2
2
622
33
415
903
4
1272
2194
5
1
11
1
3
1116
434
1
6
4
393
143
2
5
1
2
43
5
18
1731
111
1
9
4798
370
94
147
824
104
22
82
1
8648
3
96
81
1
1
5339
41
11
15691
4
3
2263
2674
61
2796
486
9868
1148
12
1695
1722
1
16
1
8
2
337
11
791
622
4359
8357
1
7461
315
694
181
2
227
99
24
2
12577
1
34
1
3
5
27
369
207
1133
134
482
6
10
3
285
6
6644
2710
4
8
3
27
1
1186
1
8
14
30
90
944
18
10
83
1
1
23
6
1661
10
9
20
1
1
23
46
140
5817
10
2
2280
3
4
28
365
5824
9
10549
34
274
107
66
333
4957
13
13
32
1
2
22
186
10720
66
615
2
30581
6503
6
68
2
1
3
4
442
9
1457
2430
5103
25
401
2
4094
1
1
9981
11
1
15176
84
110
94
12
45
8
3150
5
70
5
7
1
30
564
25464
3841
10496
2
5
621
1046
37
4889
8
2
1250
1458
411
85
1
11
44
859
2
5
3
36
1965
1621
1641
17
29
1
6
87
387
269
1
1
400
45
7
1
2220
115
39
1
8
3541
2
9
59
1
2
5692
6
91
5343
17
2
123
1
2
369
876
9
779
3
2
1
678
2
592
27
901
447
1
1
8
3397
590
56
19
36
72
2
44
13
4948
3
19
47
16
7
48
10
1378
1
645
46
159
3180
116
1
68
106
10
28
131
726
12453
2
2
2
2824
491
1
4
53
1
1
40
1145
3634
82
6
29
5
8
2000
22
111
14
1
6
291
2
2
300
2665
54
253
4
1
2
1
1
16
4
7
5
1
2
7
3
3545
5
27
11
227
11
2
557
6
273
6
20682
576
1292
418
662
1
4
161
56
1
9
870
3
419
3
23269
7
2
2
17
3115
1
2
7
3
48
922
2
10235
14
130
1
8053
303
4
501
2
12
2
1
16
23700
2
3973
6
2
3
337
59
1
1
59
1
3
13862
267
1
687
3
341
1
8639
2533
1318
4449
3
29
3
1214
12
134
1
143
934
1116
15295
10
1
207
65
2426
241
1
19
18
714
2
6
13
393
184
50
539
571
9
164
129
1701
13
1
3
351
52
654
4243
2
11
106
106
67
116
20
2
8849
27
3
3128
7
5287
107
308
30
4327
48
4034
5151
3
18
25
271
4
48
1
4
1
2
1
11
3379
15
1125
1
52
7
2553
16
8
3028
3
5
154
24
25
428
12
2083
3543
364
21
1034
22
11
2
13
525
2284
874
401
2
1
13124
54
3744
1
5
74
9000
16294
154
26
1
598
32
493
3
9
5
4
11
9
321
67
1
16
8
6
2393
28
155
377
11
1898
125
4
74
1
4
3189
3
7
40
45
812
932
19
2
91
9
2049
1
5
14
591
33
112
1852
1216
11
1
2
14
6
715
98
4322
5
192
1
1621
5631
2203
7
2
1
420
567
40
482
446
55
1
4
1
1453
1
286
7
377
12461
10
33
11
247
12
10
5
5755
2
916
1
16
2
38
87
258
102
2
3055
2
1
57
13064
11
491
43
8014
3
218
2541
8526
23
1
1
1
2983
212
80
301
68
34
1
7
412
14
37
1
1222
14
3237
1
53
12
3
4680
2
23
1
5187
9715
1
17082
2
292
4
17724
46
1745
4258
11090
1290
3
162
75
15
569
8
175
69
4
18
839
2
11
86
768
69
620
7
140
3
15
1690
1
219
1
35
1
1
339
15
267
124
188
452
2774
261
15
2
15
189
1
3
44
1
5
3
1651
267
90
6051
2
21
66
12
224
13
3
43281
3963
10
17
3
496
1
377
170
3
2928
176
3722
675
1676
26
494
38
17
7
39
365
144
90
17
2
5685
194
114
1
511
3
1
2
30
18
242
51
139
18
4
641
3
289
4485
2038
127
4914
76
257
304
1303
36
982
341
6254
2
360
62
694
2527
1
23
3
638
179
3
16
8969
3
719
41
3
2
37
3
10
1
29
2
6
4776
90
4
9635
32
8
290
13
46
13
6835
195
8617
3447
6
3591
26
1
1
164
1
68
766
1
1
1
2504
6
1979
2725
5
460
1
870
139
2236
80
23066
3
998
1
136
29
3384
9
27
59
111
864
123
7
1
252
6
13508
97
6
2603
2595
446
10
1
626
159
75
1
9
368
1002
4103
45
191
43
2062
4
11
7
8
14
23
2
239
212
6812
2176
10413
2
11
1
1
22
832
6
85
2
1
3028
30
1051
1
1703
4
272
25
21
54
1226
138
125
1
3
7
1
818
14
120
29
3742
1
46
43
12
419
1
27151
34
4428
2
1
76
4
13
1036
7
799
1066
4
10
4
12
12
2
546
195
2
4600
5761
915
1
364
7
533
9816
6
34388
1758
7
52
753
30
46
1
15
58
29
23
53
5
6
69
9
9
1
15
23
1
563
3367
14
6
3
1793
25
4
1
220
1133
13
347
2
3
34
147
2872
380
6250
1
307
409
10
27
882
15
2680
15
2711
22
1637
548
418
26
104
1819
488
214
113
1381
1
5
141
451
435
2316
1
21296
46
1103
5
31
7
542
6
2
9
2
100
4
2963
3
398
1
1255
1
63
369
51
9
14
2
1883
603
34
23
290
3508
252
1819
1821
645
26
13
40
2
9
67
1010
2106
15
4032
106
10
9772
12806
1323
1167
74
1077
2
2671
3
133
11
1550
14
11
1458
1300
86
33
10
513
2
4
1
4
877
41
37
114
1770
4
122
41
312
2
26
4825
1
1
10
40
1047
10
1535
12
146
2
668
4127
1786
38
66
163
1
4
1
32
8
6687
31
72
288
171
382
13
3
32531
6358
1
8
5168
57
5
11
262
1
422
3
5379
2
21
2
11
587
5849
2
10
3
3
116
1386
986
166
39
3
10
26
16
41
229
3
12651
2
2324
6
1599
5
3
57
22
833
862
25
2
21
2674
366
367
2454
103
3781
10
355
1416
49
444
407
6
1651
10
1927
41
1
3
190
6
5
1
23
190
112
135
175
26
2
10459
11
28
6
25
233
22
9
2
1
265
1761
13094
8
4
103
3883
15
1
1
94
4
102
55
13
189
784
7171
11784
13913
55
40
166
31
1
1
461
12
99
65
46
34
7
39
1
1
152
253
145
8
467
13
241
3827
1985
6
11
3
8
534
8
3
215
1
66
6574
133
351
8
5414
114
1
1
11
53
2
7
8
231
108
91
80
1
7
1
12
7404
6
2
63
98
84
837
3420
280
24
5073
3
1396
12
105
8
3
695
8
2845
1
1089
4999
1
1
101
893
2
131
6
1
206
14
1
6
10
70
23
1
1
46
1
1023
16729
4
56
2564
4
5130
12356
9576
2275
110
69
247
1705
1
1
7
5
138
17
1
10969
522
1985
63
2
8
2
2
7720
10
1
1463
1
36
733
1
13
2
395
109
34094
5760
15
43
2
28
3
1
20
1
263
5
134
18341
1
927
10071
512
9
1
2
10
209
14
581
1911
75
4
69
3
3
43
4
547
9
5445
637
1
1
683
7
4
4
15
587
18
2
11038
4852
316
4
259
72
900
225
188
1
26
16
22
114
4
1
11
5885
9
9
1
1
2
4
1
811
8
1
14
7
3
20381
5109
1
4
130
470
5
15
10
63
1
1091
1238
113
1603
12
37
7433
28
60
448
886
2
31
5
1020
18
6039
273
1
554
9083
1741
3
643
1543
6
3032
106
43
1
2
43
6835
113
3
1
129
1
1
1968
16
8149
5
5497
1977
672
6
9
4234
420
103
2
12
3
141
137
2550
154
19
27
14
4
23
791
1
891
8878
2
1
75
110
84
3
5
1229
1862
4542
2
7
4909
170
2
1007
4873
1
5
1023
44
1943
4
1203
67
1
76
2
4662
2
58
2
3874
1874
2712
57
9
3
351
17
68
3
3
1470
28
62
1
527
2399
857
818
104
167
724
34
23
6
3186
102
20999
6
5
5
6804
2
1
191
1
11
216
9
24
2664
23
2490
50
5
43
127
159
21
32
153
1
2
2
33
1030
12
4
1
2
5210
91
10946
595
369
34
213
7
9069
266
57
16
7
2
249
2
168
4
13
16
4
41
37
124
1
193
430
119
8
10019
1998
2
1
22
1459
20
18
1
7
17
1175
206
406
1
1
47
1305
17
1
1492
62
86
51
86
3
2
1
1
12
12275
37
31385
6
1655
6652
1
329
8
3
177
16
11
154
6
840
38
13
713
5845
55
433
1
4
5
3
2900
9726
3161
287
1
3
1
104
2972
489
1
19
22
2
9919
14
4
15
120
28
396
26
11
3
517
2002
1295
26
965
245
9
6
1093
20
5
69
459
1
166
621
1254
29
49
936
313
2
1160
8551
672
317
3271
1236
3545
4
74
3
378
1038
344
1065
8
3339
399
11
3
11
20
85
142
1423
42
4969
35
1
894
9774
163
11
608
200
2
5836
16563
91
12
1806
20
851
2066
293
2
32
3154
141
14
87
240
4
52
4
5
46
282
2
118
1
5
6
25
5
34
26
17
691
2
2
9
91
51
33
5575
1099
19
7
1
610
43
415
13
2694
2
2546
141
20
2023
6
1
4
25231
340
27
1
11
189
1
1
6
122
60
4614
2160
46816
12
2506
1
3
4560
118
72
304
471
1
4
18
1
19
248
219
2
243
1
501
2
76
59
109
49
36
6850
68
6
2718
2
22243
1
125
2067
1
27
1572
35
3722
2838
4
1
2099
34
3
54
523
38
32
259
3631
13
4323
21
1
42
19
223
20
1
196
10
423
3
2055
1209
25
1808
292
2
4
77
1
1275
9
25
4
6
59
4971
58
1
530
7
1
1315
641
102
1
30
50
56
2
8185
1
266
16
1258
3
932
140
213
12
41
1
3
509
2768
1
6
9
4461
1
6556
176
35
2
1116
1
1
239
2
9
175
56
1
10
1615
7
601
3
215
108
2698
399
193
3
716
4
5
1
6
1346
59
7172
11
2940
5452
8
1210
1
398
11
43
964
1327
8
1
49
1
4
138
134
3
1656
3
4
37
1618
4
1
4
340
3322
1
1
1
3
1477
31
545
13
16
6482
10
1
639
840
19364
3
13
66
4
6329
233
2
3
1
278
10659
1
43
36
19
4
1
44
20
13
21
2
64
6
13
12
259
1
1579
20
1033
67
4
1
9
2
7073
8
157
1319
1948
17638
57
5453
340
5
302
7124
1
252
28
14
1
18
6
1
2
609
20
24
1132
2571
15785
28
1
3
3
8
3
178
18
2980
2
3
18
84
51
106
1
7
9
4025
2203
42
1029
124
11
13
28
3600
8
1
6582
2402
982
1
1
893
1
175
262
1
246
388
2
1
48
1201
4
2
356
25
1
2507
58
1413
2
1
6
18
72
32
3
1929
1804
7
228
10
2
25
1
8
353
14
1
41
9635
13
6930
215
76
116
73
144
3
3
67
1
16
44
1
19
300
1
1777
2
76
6153
71
1
16
4
14
42139
31
7267
3
972
906
2
14
301
2
112
2
22737
1
139
1
1
3122
939
26
1
18714
209
12
51
382
1961
260
1209
48
3037
142
11
68
5135
2011
4726
1
79
3
3515
310
111
214
4
64
1
2
5681
68
13
2
3
63
3
1
26488
31
219
2
51
8
24
21
17
13
13
342
8
41
2
133
29
1
2
3735
2213
1741
19
7
70
1309
1606
344
28
33
1
16
359
63
1
122
4
3
103
2
151
588
62
2
15
3
4
2
21793
797
1118
4097
33
106
1
21
3
6
57
209
5
300
2
1
29
1
242
2242
17
23
7
32
1
96
14
81
1376
97
1839
131
410
70
455
759
3
13
1024
11
36
95
22
1
34
213
3
23
1252
1
21
1
43
5857
817
3
4973
7
29
52
3
1
88
13
27
211
1
11
3
27
34
1717
50
6
44
6
1
368
39
1178
2
272
601
42
14
1
973
324
571
846
2
332
80
1
1141
672
1
2697
547
464
28
776
1
1
31857
2
108
1642
588
90
837
5
3
10
13230
6
2
39
2088
1072
1
824
65
1
11512
3
16
17
13
3
34
7265
1307
4
9
296
418
3
747
728
60
1
2
917
73
18
35
163
43
1
66
1225
95
1276
3
248
140
2061
536
107
2
6
1
17
11
979
2
97
124
2
56
57
336
5
6409
2
13
9
88
265
28
36
6
2
17
532
284
283
9
22
2
1
18020
5
45
65
157
1362
434
26
2
13
8
10968
43
6
1913
3
5
1
344
11251
5
507
2
199
1
13202
5
11
29520
7
206
7
4581
3
504
21955
26
219
201
1
403
3
4
600
2
265
16
79
55
2568
28
532
6312
5
80
1136
1608
4972
8
2
83
97
8
2
2
695
200
4
620
342
11
3613
90
3
1
1
80
3507
884
2
2
14
1989
133
24
1510
188
114
225
61
13
59
155
20
1500
64
431
1543
2
10371
115
4035
55
157
7
2951
17
24
7705
1546
8
1
187
427
1
5367
1
9
9
3
342
2
988
1312
5
4
1
1
33
3
1
629
1
6
23
2
284
12
128
2
1874
2
109
27
110
4
529
86
65
160
135
29
476
4980
4
7
11
1
6
2
4
2
2
1101
1
29
173
1
5
6
61
1475
1
536
112
10
13
67
10298
11
3260
1872
26
168
94
55
337
2
21
134
2638
1
56
14055
17
6
4151
27
65
518
6801
4072
163
214
6
108
12
144
18248
16
5
171
1860
217
53
33
427
140
5
19
3
1
7652
5091
5784
22
26343
1147
2585
4
808
6
1300
127
154
2738
2609
4
163
1
1
200
2287
206
5358
3
8
1
9094
9
1586
3168
29
133
57
2
40
2
1
1
473
18
119
1
3095
1942
86
2
31
20
67
59
9530
2
21
89
275
5
3
13
47
7
1238
689
197
69
3
3
1
29
2
1294
4
4156
142
104
13
28
27
1708
16919
3
323
10
130
958
13
92
501
3
6596
71
1
3
514
1
503
13054
1
7842
272
92
4446
15
2635
177
367
802
2495
2
2
15
45
3
139
7
1384
3766
12
190
3
1
8
15
1
3
13
45
3675
1408
17
7
1947
4
295
384
5266
16
39
3
166
306
1138
2707
2673
15
1
552
9
323
153
4
2
1
2
350
14156
1
1
4609
47
10
14
3870
897
1442
826
36
6
140
7
47
21
7
1
1219
33
5053
26
124
19
263
2541
15
1
4491
54
163
2
67
2450
3
3
2
1902
11
11
2
5925
7
493
5
21
4754
4
1455
121
117
60
4
1
883
28
2735
2
1
1377
2
112
386
14
20
9685
454
2
5
134
21
2
54
11
75
1
6
6
105
142
1
7
28
6
2324
525
137
140
1
8848
114
8
9189
9
13230
7
2
396
3
1
17919
28
1
4
506
18
3
7
9
1
51
1006
1226
634
22
1
1
116
1
3877
4
33
3
1
159
2
5
870
9
2673
5358
8
9
3131
3
138
7
7803
42
114
289
5370
1308
15
54
2545
27
16
293
2
869
117
31
11
1
17
1511
4015
53
3
13268
2061
70
2379
1110
9510
5
2
58
26
1
342
6939
99
1535
116
212
2543
2
402
217
2
12
24
207
3953
1
1
30
361
2121
8020
433
310
2
3
141
11
2996
5997
4403
233
4
720
335
95
318
204
160
13
2
1
530
4
369
140
1
24152
239
1481
1
6
5
121
107
2453
34
1
310
6
30
7
112
164
1
5
1
38
3027
2
166
9
64
15
2127
18
711
12
20
8106
120
7
16
2823
13
44
88
2
32
1
1692
281
5487
53
79
33
711
6
402
21
1
2040
27060
322
5
26
18
78
57
31
13551
1
5
230
49
131
121
3
11
10
1
12952
4
952
4
29
5
5
3344
11
12
4
24
28
37
3
16
1
135
7
200
3
1
108
121
2
1
16
54
135
132
69
24
172
205
1283
33038
1
6662
44
11
34
86
391
2
68
3
116
371
1
13
4
13
7500
847
27
29
77
45
4
4
1
187
3
40
1
6
2
36
12
2023
2
958
1
1385
74
116
18
57
84
11
64
1
11
759
311
1
7
6
19484
24
2
7
116
948
2
25
595
200
6032
41
71
202
75
44
1
1298
1349
1
1
33
11
2425
8
3
8248
14
163
1178
6
1
20
1959
58
17
20
370
185
5
234
22
12
24
17058
325
31
10
3
16
39
3
5
13
10372
50
2
1100
806
3
16
1
63
3
3379
5
5000
1
18
18
388
3274
9
24
2
401
29
206
77
3
22
6860
1610
117
19
505
1
145
1242
2
1
231
8
3
2
4
1
1711
169
3
96
30009
1172
17
88
285
29
1
3
234
2332
371
3284
38
15773
6168
25
8
528
234
1051
5
399
1
13
7
50
37
4
10937
2128
114
12
2601
1
2
349
554
32
66
23
14
1387
32306
83
1
53
1376
2
2
4
1
889
33
10
143
411
2
3
4
23
752
445
53
1
1
14
23
145
1207
1530
13
50
31
28782
44
214
9883
145
124
557
311
3526
1
2
7
3
8
2
3
2
104
190
6
408
70
2
2
48
12
3
153
2
1
16
1
644
111
20
21
252
44
80
1547
13
83
302
6
518
2
4
153
21484
1
133
322
1521
51
25
311
15504
4
47
1
191
68
406
34
92
1
3796
23386
327
840
13
1
68
50
1
419
102
178
357
83
43
1
1889
2243
12
6
267
4453
1
3
99
2
243
95
19
576
3
8509
4
7
99
130
29
1127
72
791
138
16
85
14
4311
141
27
13665
37
761
2
3102
6862
6
440
2036
76
154
20
21
965
2993
23
3
5
66
1380
5
1396
10
1
20
2
42
2
130
29
3
79
1
1618
9
12
11
105
269
63
63
12
1754
123
109
12
515
10
4492
1
1
1911
3234
13604
818
3
33
1679
3170
2659
1001
1
2068
1
1
3
1
44
1042
2
23
3
5
1
21
90
229
34595
6
6
28
26
1
1
129
305
1
6
3018
9
5
696
1
11
10
210
65
4
2
2560
742
117
67
62
2
1413
10
114
1
1309
248
4
313
19
10
5
70
18
1962
30
1
23
564
1928
17
3
4
539
35
2
1
2
1062
1
11
115
3590
27
4
1269
406
18
1
3076
16649
2
30661
2
14
23
48
57
302
748
2
24
90
154
3
8
2
155
51
3353
4091
1
5575
626
440
7
135
67
303
32
1
676
16
60
706
588
52
11
1
1118
711
35
15
9451
1
3910
1253
35
71
70
59
55
40
1
152
73
925
13
6
73
118
69
27
7
15858
14
1
149
13
4
2699
52
49
2767
15
68
5302
18
4
324
11572
39
5
1195
2
1381
1
6
339
1189
156
303
38
49
464
1
173
3718
224
245
2
682
774
58
12
283
13
2
29
5848
1
4
89
802
35
356
63
5
6498
4714
11
12
45
197
18
235
182
2
1
2
1986
7
9
295
34
4170
5
1365
11
1
4
3
2045
15
53
66
33
6
749
8
767
96
235
55
10
3
6
21
6
770
148
3
16
2939
6362
340
989
324
82
17650
150
27
13225
2607
1
1523
4628
2
1
55
5
4
7480
40
65
11
892
879
5
31
2
7
12
385
1014
747
4
32
5
97
558
15816
126
1
14
5051
7
6864
3549
1
162
761
3
875
9
1604
3648
7
64
984
16
42
2446
675
196
211
191
3012
32
5948
55
238
22918
35
1
4
2
2
15
139
4
35
1231
196
3599
1
1
4672
1
7871
2
3
153
85
3754
2
988
450
1
256
1
5328
2587
5
5358
1
11
2681
1
27
293
3
1031
7
10
30
2
8
28
59
88
23
2
1519
1
78
72
1166
10
5
317
21
1
1
4118
2973
6
5
12
24
22
9
47
8
8
16
126
7
4
18
715
1
12
2
2926
1
1
19
11
758
1
4
3452
191
1541
2
35
21
50
9
94
43
1102
3
4
16166
382
6
139
76
62
1
622
85
312
5195
121
15
1537
23
3
1
15432
6
134
5329
8
3
14
17
2
1
151
85
6
161
7131
11
6
1
3
24
36
33
46
11
17395
140
39
2
19
14
77
1073
9
5
5194
1
27
1877
2
12
6
11
9907
22
4
1583
1
80
1169
26
3149
4099
2034
32
7
2
36
360
80
246
1
6
6907
7
4216
1
1077
21
1458
17
262
1005
67
34
93
158
1145
29
8
521
33
77
3493
6239
8
1
342
1
16
3
1
8
3
4
2
4920
224
124
21
1
8663
18
3
1
3
297
1
1
1
15347
326
120
343
207
189
2
49
1
2
325
1
1
1
2
10
2811
4
2
2
1
1962
2
16
456
950
7328
1
200
1
860
21
94
2131
928
5
85
1745
1
155
215
12
2
1
584
25
4902
7
24
1
148
1841
1553
70
1770
2
154
52
62
768
64
5213
77
24
5
2126
60
26547
6801
7834
4370
6059
2
6
8969
6482
2
3
2672
4
7
800
155
1435
868
3
757
28
3883
19
59
54
4
2
15
19
9154
40
2278
6
307
272
35
3
88
6606
45
77
10
8
2
3
88
191
4529
9
1364
2598
4
2
40
733
15
563
294
903
1
8
4
5
3
29
11
441
1
3
44
3366
137
1
1293
113
3
2
62
875
124
6394
3
12837
239
1
4
1
29
73
1
252
2
8
116
35
4327
5
12909
1
89
6929
282
2554
19775
2
1212
3
10
2
171
158
207
1
7248
3372
1
21
86
13
1
2206
1
1157
10
1
23
1
17
26
130
1016
58
3
8
2972
14
32
6
23
6
21
34
72
1109
9
8150
2
2
6
1035
3
5
7
2806
3
3
41
46
6
2243
2356
1
8
653
7503
165
14
203
3
68
2175
55
21
1
78
6
973
96
2742
4641
2
48
29378
4303
2102
34
4
1
2
31
9
2468
98
8646
2
229
80
13
3
5
11
98
37
558
1
206
3
6
1
81
285
4
3666
117
36
36
1354
11101
15
299
516
1433
41
29
71
1490
34
14
2
1
6637
16
101
431
4
1320
1
31
46
1
183
3481
3
49
209
200
1
13
1547
1
10
9549
1
1141
19
615
48
8817
74
12318
1
41
9
38
30
9
3412
1
571
1197
2
26
159
14320
5691
4
16
3181
1098
4047
9
10
2
333
157
137
2
2
150
112
1994
181
29
51
1117
1385
319
2616
712
10
427
1887
5111
257
2
1
376
371
1
2
1577
5
660
571
2
11
1670
420
5
661
87
1
76
16
2
4769
107
8206
42
19
2647
13580
3
4245
4211
334
1
1
4
1
865
1
4
999
1
3
26
1
3
35
253
352
2106
118
208
9
80
1658
1688
80
2707
2
1994
381
68
4
1588
19
42
2
436
1
1529
32
1
35
338
5494
1
94
53
130
24
1
91
12
8
8
3911
19018
320
1
1
1
9
4
76
1
1977
6
2519
7
20
301
26
11
90
9085
668
3353
216
4643
4
236
24
1
86
2783
196
39
5995
60
2
573
43
736
2
9
2
5510
131
72
1
1
8
6
27
2085
2
1785
2965
24
2
2
1023
9
1
50
4
48
1
114
290
2291
15467
184
4146
3
74
2
387
14
69
9767
2
2
23
3
5410
42
288
1171
215
248
1
1812
7
3
3558
105
1052
15
1
37
456
7162
4
6
1
100
2073
1
7
1
7
40
1
8
265
76
13
938
39
5
226
1
55
52
16
6727
12
111
2
32
214
3
12156
3
12
55
2
4
39
35
37
139
1146
94
2506
1020
2
87
73
1
110
3
1488
18841
12
1
7
115
3
2
140
2405
737
7112
900
1
14220
147
180
26
15
2
5
2052
4
1001
2
53
8
122
563
44
96
3162
1
19
4
92
109
2
2
5
7
14
1177
283
1277
1268
871
193
1512
340
2710
1
2631
790
4519
4
2513
35
4467
41
3
1
10
1
149
203