9072014
909
787
1
16
35
1
5
8
97
343
24389
3302
229
340
195
56
89
19
186
308
3
1
29
2149
1
297
3170
1
27
353
417
167
834
8
75
654
57
4
9
1753
1
180
6
1026
4
1
9
7
3
1861
1
1
4
626
33
186
21
49
18454
7
8
103
7
1
9
1
172
2
499
300
78
23
5
53
2532
3052
1
580
1
6904
3
1453
3861
747
67
528
1
1618
110
87
1
10710
41
638
702
10
499
16
593
8
18
36
14
364
1
4
14
14
4409
1586
526
1
1168
48
12
9214
782
13
2
11
2
1
43
17
6
34009
33
101
3
1
2
1102
18
15
173
49
1515
17
1
168
266
1620
6
260
1556
839
4
8
65
5
507
12
2965
190
4
10
705
284
833
20
6
12
10
30
4066
2
3217
302
4
60
4
973
171
1
221
178
5
10
1734
44
1
1
15
775
2
50
27545
1
5036
9
444
1
4
6
4686
1
1
3314
1
1
9
22
5
1
395
1
2
2
2190
12
237
197
151
154
1
7866
1139
4
1
9
8
5540
64
2
74
15273
4
1
1834
3334
106
5
3895
28
2726
46
23
1
89
15702
8
192
428
1
1
3
1750
2
7
4
111
1
1
18
1
30
5
1026
14528
10
3620
8634
7
679
12443
1264
1
18
1
8
5
11
9
474
6
1
6597
735
1
11314
7
1
24810
2
15
1
3
2
4505
84
1559
370
5311
71
4
2
11064
52719
11
1954
5130
1399
18
55
2
445
43
8
4
25
86
1
5
209
27
10
78
4734
2
158
38
8428
126
1382
462
2358
1
40
6
7418
1
1026
109
1
2
1
49
1
7
2
2
1641
765
15
77
2
126
1
7
514
4
119
360
3193
2
19
2
555
4
40
3
13
3
1
4
6
2
86
46
4
32
636
1
6
37
34
17
113
1932
188
2
134
5
4759
1
7
1335
4166
12
1
3026
3
2
9
781
44
20385
6
328
91
39
6067
21
17
5946
33
5343
1
9807
35
1304
1
1015
2
4379
2
30
17
2
22
219
33
1354
33
6794
2865
1
4507
100
2978
8
22
516
40
48
3
1243
10
100
2
1
3
44
32
85
57
43
1
3
14
1266
6416
60
2
612
1179
2615
224
1
2890
631
2
5
1
3791
46
127
12477
1
233
2651
293
1708
16
1504
7
1
7
4
15
4074
59
473
42
134
3
645
182
28461
4553
202
197
37
29
1
10
4398
165
213
44
169
888
833
571
249
29
33
47
10
101
2183
4763
10
21
1
3
11
13843
681
3660
1
489
5477
11
1883
2
36
135
14
9
6
99
1029
229
1523
2658
130
300
25
32
7
16
13
1
5
6664
3262
925
583
18
40
17
3509
229
1
197
31
165
748
7444
3097
6
1666
2145
3
923
432
175
40
1
10821
2
1
1
14
41
5710
92
204
6044
95
44
982
9
2
3902
1
17
8
2
2
44
6
104
44
27
3
1050
3
13
10
896
138
3337
1
629
3
1
34
2026
178
1163
93
11
5
1
1
10
1
191
5
2
4
1
430
51
5954
1856
31
458
9540
1083
19
4052
2
1
90
114
21899
262
76
13712
70
326
2
523
1
1
11
1
1845
2
1
122
2339
1
407
1
682
148
138
392
2190
1
1186
1
1334
402
75
1
7019
25
21
203
15281
43
49
20282
1
4
1
1773
407
7
949
1
8
696
27
155
12
71
162
1549
52
60
371
7
98
4802
2
75
312
68
12
40
3269
643
12
1
107
19027
21
5
21
14
6
119
93
41
1
3
226
1
1
62
727
289
4
7
7
17
456
23
47718
2
5616
18
4759
7
336
302
3
413
13284
517
8976
449
28
412
165
1
20
53
1
828
709
138
1839
5827
955
1
17767
4
5
1
5807
1
6240
20
17
889
9
62
5
1
1
19
27121
52
2
25
2
2
1
32
1123
85
2
1
374
24
5
13
134
119
23
33
426
807
17
51
4704
55
565
2
1
37
40
782
163
4
1
3924
1
2573
148
1
39
1
3
2
65
16
352
14
8
70
14
34
996
683
82
409
3
1
9193
236
156
50
66
2366
198
210
47
1
9
169
5
3
1
2
6
117
4
6
1
3
588
252
2
285
3
20
30
1419
2
505
4
2356
421
2
2
1
2
436
262
5198
4
13
1
259
78
1
10
173
2083
27
118
3375
9631
8
1789
192
1
2
5
1
1
62
694
852
12
623
1
3219
2822
2405
16
2
3
20
9
79
646
527
12
9
1
84
2500
250
13
3
603
32
2813
868
65
6
14
205
6368
1
722
4948
1298
268
3873
490
642
338
1183
6
2
2020
5427
1847
4277
116
15
32
33
163
1
11
14
3
123
2427
1
39
1
790
96
9137
3313
2
851
2257
1013
52
405
2172
22
7
2032
17
5
2
86
1064
13696
1
361
12
2
10111
1404
2683
142
92
7548
5
50
1
339
14295
995
1
1
5
6821
3300
320
202
25
47
5411
1281
13
1
702
2600
33
3542
484
139
5
52614
22
5
1
6
3092
812
4
209
1
1
1662
1127
1
138
1
66
2
12
7568
17542
3
2
12
408
4
19
32212
424
30
3
6
50
135
239
3
1
148
2
2
86
94
22
1348
18
655
1
2
149
23
1089
25
4
33197
3
51
92
3
5835
1
3
7
1
5137
2
610
2946
5877
1296
606
29
9
21
2
1
135
22
20
175
15
72
739
516
12
406
8
7539
650
917
14
60
187
2
522
31
1
88
3065
399
424
2
1
24
4
2
21
2
322
24
44472
6611
9
207
485
2709
2
366
577
2
2068
62
521
625
5
418
1
49
153
2
511
262
2254
41
1520
857
22
1
18335
933
8
818
4
381
3
189
270
15
292
86
288
31
66
6
7
117
255
22
6
2465
4563
512
175
1331
1
5872
2
8
13
4
728
2
259
10
98
197
2
717
19
119
105
7
283
5
1
12
18
561
5470
1
11
9
2
1
36
5
2830
18
7
2
1
7
300
2
694
1
31
2
6130
19
10941
154
398
1978
9330
254
244
42
1
1418
1039
3
6
422
14
7
2515
1056
1
33
3
620
2
399
14132
18
3123
25
1200
2934
4287
126
32
1
1749
311
1
8
592
1
754
1
1812
4365
2
1442
37
113
6
14
256
1
29
1
36
3342
3
311
19
67
3371
997
2286
25
1181
4180
75
245
414
139
21777
3
4
2131
9500
1920
6
8
2
2
12
75
261
296
4
4
674
74
22
6
27117
285
77
9
740
2540
2016
58
210
1
2398
17
2
16
1
26
119
78
7
1741
171
56
2480
1
4352
14211
16
4552
160
15
14
375
7
23
15
13
1
2110
4
1720
109
471
9
86
6
4
36
5
4
2
5540
537
85
2
1080
3
4
236
6
2
57
643
2
2908
522
220
2
1
4
579
1
1
1
9435
112
10124
5914
376
16
356
7
9949
2
3
91
28
4
666
25
134
3510
2
10
114
8929
605
9160
1
3
151
1
3
2
5
196
10
6963
3102
112
17
6977
1
18
5
1
80
4
11
10
43
4120
3
51
169
1
9577
3
1699
54
6332
844
11
21
245
1823
10
1306
2
68
4
2
32
228
67
54
764
16
2667
18
663
16
185
1
38
1
124
73
1919
1605
1
1
2
397
5
2
4
18881
41
4197
3
925
200
2710
11
44
60
93
2
4
205
6190
3896
30
22
5
387
9
10
7016
4897
27
1
89
72
106
4
1
11657
3
6122
49
348
27
12
1838
1
373
378
1316
1
1
1
3
84
821
7
280
17
9
2
1
428
168
19615
3285
1103
53
1379
2
342
3
3
3
124
2796
438
23
7
2
4
226
1
6
2064
125
122
184
4
294
13956
6
1
1
14
138
36
271
4
18
5
14
5
2059
1473
584
13
400
10498
6
2016
7
55
689
702
327
10
11
26
22
296
38
8
4
292
2365
277
3
2330
8
1000
31
2
2
23
82
6
2299
58
1
19519
13
4748
1
4
18966
21
2786
1
48
2
105
1
9
19
53
1
49
1257
1
3841
5
5036
1
17
80
2
199
1
40
323
2334
2044
6460
22
5941
4239
118
7332
1
13
11
33
40434
1403
2
6483
1
9
2
197
1058
2181
1883
1
3004
43
386
25
288
1116
1666
23
116
59
162
2
85
2
3715
592
294
10
3
2
1
4495
105
22248
2
1395
33
327
682
2
2
1656
28
4
3363
1
2
177
9617
1
1063
5
1477
1125
846
33
40
5
7
21
5
7877
445
2128
4453
91
4
58
26
1565
317
1
648
36
2
340
1
3
4
1
1
1
24
311
9897
228
1
41
3
35
54
26
64
8
4
2
1
1278
2183
75
5801
142
1
7
758
1612
1498
8
45
5
143
71
4
8
16
6
1594
172
2
381
124
1
178
15
410
161
5597
17467
10170
100
32
4
1179
35
2
6
1295
3
1
68
366
2
147
16
830
155
1
1
117
45
274
3
120
18
24
85
3
1
3
8
1640
3
25253
25
1666
3
3
17182
44
2
10
2689
331
452
38
37
1776
5883
206
5
2
62
347
161
4
1903
89
1
33
15
5
23
14
1
3220
5
1775
2997
247
77
2
4770
113
35
806
9
17
467
2
104
2
107
11
1711
690
553
5
1
488
1786
2
5
15
14
2054
1
920
5
19736
178
29
3
1
43476
53
30
386
10677
310
2
1
23327
9576
1
1
13
1
21
80
68
37
1
8
34
2
59
365
667
1
10
33
66
14
1
320
5
307
514
36
56
3
2
41
55
2
63
123
1
70
73
24
1
73
4
236
2169
2
32
391
45
207
3
11
10
42
35
2
245
314
344
2
50
3
52
4
7875
3163
3824
476
5
299
839
1005
1
19
1
58
4
10
26
1717
9
37
19
18719
274
4168
100
6
6
1
46
16
3
14
44
12
11
2117
68
3
166
1
445
30
1
248
1
262
49
22
2
13
40161
1124
122
1
1009
3567
63
1
1
5
3924
218
11
189
4
1
7
11310
3839
5604
3239
470
11
722
3570
2
105
2
13
3815
500
250
8
2890
3553
6
223
36
1755
1130
10103
1113
101
83
8
16
7
42
13
1
5363
5167
3818
926
6
8
1835
322
4
16111
427
5
4
15
42
51
1
9
44
4
1932
94
41
2
1
1
5
7
1208
6
3976
1
6
54
18
12
32
172
2
8
11
2228
33
2685
68
675
4
2
77
8
4265
164
3893
3146
4
7408
195
2256
125
1003
2
1330
87
12651
1880
2648
3
3
66
609
3924
586
14
158
72
1
1596
1
423
40345
1
3672
467
33
1
731
3
212
5
4
2516
3365
37
187
11486
4
20
5
9338
4854
11
13967
1
7
76
1
3
1572
249
23
149
6406
26
6
3228
7
419
2
1
130
4
1
3
309
3
4916
21
2
4
2
4
1
8
1
9
6
3999
1
1
21
3298
13
4
1
176
7
14531
225
50
5874
7
58
1
25123
3
733
1
880
1
2
2399
3
6
34
226
583
1
35
2
18
12
3258
14
263
3221
8
18
10
5
6297
232
91
17
1011
163
98
1933
55
1
3
284
73
40
14
79
116
3483
17
7
3700
76
1289
22
2651
1
8024
654
1
269
201
19
382
7
30
22
1886
5
4370
21
15
1
3365
1
26
8
1
2313
181
2
2485
3
2
9
2927
44
15482
10
9
557
443
5155
20
31
10
13
1279
2825
321
23
699
1
41
6263
3740
24
797
32
416
8
236
117
1
12
11
14
41
1
193
41
588
2
7920
1
1
128
105
59
39
1
305
1
1
2
8672
33
58
1
23
72
39
15
30
6
1
5961
983
8
5
60
1232
2281
235
1
1
1
29
2
45033
5
8
654
5913
2
597
24
6
20
48
3614
1464
6
34734
1
2
789
1
5
4136
231
1668
13
2
109
2
6
1
7
2
1
7448
2
62
5
273
2195
11827
1142
264
2
10925
176
3
625
541
7
1
2500
4
1106
3
21
5385
2
1
312
1956
1364
2
1
2
73
4
247
2
249
1
8
5
28
28
4
6797
10
4340
8
387
1
6
1
11076
2
5
1
1
3
3
1
277
395
2186
2
739
2
204
1429
1
284
1
36
468
84
4
29
118
76
25
2087
2
14
12
176
11
1964
5
1502
259
73
216
1
4
111
24484
26
2
27
323
184
899
19
8
10
21401
27
52
10
651
1
27
1
12
3967
4
191
51803
3
6
1
9518
63
3
1
524
95
35
1
3
439
681
343
108
2
99
158
10
10
1
12
2
1
1
1
20
18
3213
12
1
104
418
1
1
3
2655
1
2119
2
5
65
4
1540
50
855
1
15
12
21
12554
2
75
174
644
1
14
833
9
1
745
5
1113
7786
1
1182
5721
282
9
46
8
68
2
325
1
229
1581
17
798
5
17
7
1
2
2
1277
44
53
12
8
440
4123
900
1
592
44
22
129
21
3
3
9
1088
496
21
150
225
4216
7
7
1
1844
354
1264
41
1
220
1224
3
16
14
1
1
361
2
4
4192
7
2
6
2
21
3
4
508
16
1
2
27775
49
611
31
886
7
9
3
1129
1
538
3273
64
152
52
187
6
27
19436
47
324
296
3
107
38
115
92
19
17
360
3
98
30
13354
12
56
13
3802
19
1757
4311
81
28
6
2
469
4010
8249
21
4775
4
10
268
6
22
1
10
18510
1
3
2337
304
206
81
41
2
58
876
6
2
129
1
99
4
5076
43
2
124
14
53
17
2641
295
2734
164
95
245
2
14
5
7839
115
36
22437
14
4
220
769
3
68
363
429
35233
42
1
18
780
4
2240
6757
6414
21
7
6635
3
4
37
34
3
1
7
1
137
2
9
334
118
79
148
15377
40
2
1
23
4
56
8227
1071
10
1
5554
4082
43
5084
2
1
254
3365
4
35
1177
1
19
2
92
93
1250
283
52
283
1
8367
1
2
5
2
919
482
743
13992
4
65
103
46
1
1415
5453
3
2
7
708
9
3
1
1385
19
2
37
18
2
29
47
1718
1026
1
4
251
33
2130
1135
12
751
1
10
17
64
2531
4
3120
1
192
718
1100
9
457
1
557
49
1207
28
1
210
10
5220
1893
1
5
1014
49711
105
2
2
33
38
210
52
11
2
45
35286
17
3
32
5
12
33
83
39
1
5
884
415
334
1
15803
1
1
4912
305
401
9
2
474
27
7
551
1921
90
2082
45
2
3
4055
9229
10
10847
1
5797
5
29
6
2
410
1
217
9
6
256
5910
1
42
1
36
68
69
16
18
3405
415
980
3
9901
47518
75
2813
3
383
4
6669
21
8896
10632
1
3
1
85
1
3589
1185
1423
1050
2
36
337
5065
3839
69
2
13
30
185
219
79
37
1588
18
8
15
273
2
2
6
194
7
1
370
15
31
76
16
10
27
3
1
86
13
91
4
226
1
5
440
24
1706
2
249
1
4
3
5510
1
27
2670
211
4
438
104
14
113
66
16
12
15429
51
5
5
85
1
3
6572
3
6
17
88
2318
6963
177
2
2588
641
86
1012
457
4
35
1
2
4
2
2967
3093
61
18601
619
35
2
24
361
14
302
2684
61
21090
5696
47
1
475
443
128
2199
5
428
35
233
187
4173
1
31969
17
10
10
12
8
20
4277
75
5473
800
3
4
1
182
185
8
188
2
2
150
129
2
175
8
2219
610
1
1
781
4531
10
94
162
2
559
59
368
75
2
10
42
1732
319
4
2
5
924
1202
12
1
8139
1
23
108
9
2
5
279
35
542
977
10
2
682
67
2
1
3
4
4
37
2818
2
27
5
10
1
40
67
5
892
4179
35
2
1
2
29
918
24
2
4
294
5
1255
1733
8546
17
2
5
71
11022
21
738
256
34
1
667
93
2
7
79
47
1
4
72
127
1323
52
2
1538
1
6578
4
7
61
23
1742
1727
1363
1986
5
3
17002
9
3
44
2
13
3130
7820
493
3
173
88
14
5631
2654
16
135
265
21
56
3
2
3851
1
42
3435
662
24
1
163
27734
861
35
1
126
39
35
3
11
31
255
1
658
148
1
4024
1935
1
1
2037
37
755
300
6
26
632
13
4886
649
10
2
13
1
13
23
220
6
22
836
20
144
6
1438
8
3
1152
724
1
218
48
21
1636
86
452
1114
60
465
29
107
83
6359
1
1765
4395
1
625
15
18
12
350
112
16
7543
13
7711
3239
8
2
2
3
15026
21
706
20
84
21
11
6882
7
1
6257
9
782
3436
4132
7487
1989
2
6
90
7
5
4311
67
16
2662
30317
8
6
1
9
302
4077
2988
15
5
10
1
2725
8
8
1
5
46
2
104
22
1
85
23
7
881
6
221
1
4071
5601
9715
101
8
3
4
2
1740
8
4
149
9
12938
2
17
7
45
6497
614
6
137
210
1
4292
3
5727
1847
39
69
1426
2
55
2015
4
6893
5557
169
1
807
25
1
18874
207
1
1
26
9014
2
6
184
108
73
1301
3
30
999
1
637
5
4215
20
307
176
8
393
3723
3614
21
16
63
2
775
8
22
1
19
1
15140
6
4
3
9
3846
4
128
25
14
5631
1
183
5921
24
267
11
5
7664
1
2
24
116
4
30518
6173
11
1653
157
181
256
31
64
1
33
2
159
3
195
2985
409
2
2114
289
3
1
1
3
26
27
2
13
30410
78
3
3198
913
3626
4
6463
738
38
21376
11141
169
27
1
69
2
1
983
984
15
274
83
17
1
1
4
12
6
2564
62
3
62
107
9710
1
17
4
7
5007
5875
8210
11
1
3
627
16
10
175
2027
23
7
1
32
548
2
1
14
189
46
5541
82
986
5
12
20
1693
28
68
120
9
525
1221
2579
1
484
26
346
6
13
12
253
4
1
5
9
16
4
1236
42
1
2658
1
9970
8752
4690
2545
9
1096
7
9498
1261
30
246
3
5
115
991
1
2
3139
6146
2
8
38
1
679
5098
1
94
272
2
315
27
654
223
52
537
2190
41
12
3821
182
348
8
2
10
2
275
5
3716
8815
1
302
137
5
46
3075
1
6
651
1
4325
2
1
744
3922
2430
1
7390
1
1
2
7
2996
1451
2
1
451
11
35
2
721
7
305
1
2
7
1
294
108
1
1
516
5
115
15
564
6
17
533
3
85
8
2258
19
23
11
81
2357
492
2
288
21
399
7966
2
1
7
8
19
5
83
2
75
13126
3
34
309
563
30
33
3
1325
10
1
16
6
144
174
3
32
12
1
33
14
3
172
1
25
55
1
4322
25
4636
327
44594
28
44
2190
4745
7
7
2
9
27
4670
3
2
16567
4212
560
3189
1
2
3600
317
15
1120
18
6
63
7
1
2
116
16128
19
4
20312
1021
16311
44
108
102
390
5784
25
8
1
514
1
464
3
1
1
225
17
483
19
1
69
11
8
6
4
720
1
10
104
41
12
1277
5
16
5
1992
3272
1
1197
29
10
29
1
8
3
28
40
8
13
50
1321
18
6
52
93
33
1
2
82
1678
1
794
71
8
799
253
12989
531
672
127
28
56
462
27
205
4
17
443
2
2
7
6
18443
145
658
120
40
366
12593
19
1
2
38
1
3027
2
2
2699
1
493
56
314
11
4431
185
20
35
5986
12926
3
3476
5
8
8004
422
4818
1
2
2
3
38
557
4793
86
12752
7
3825
2222
158
29
2
659
2
222
49
28
15
18
21
3330
19
3
109
7
194
386
1495
37
5
9
1
38
164
848
1
236
8
1
7
1
4
4421
25524
25
66
3
4527
8
28
262
58
1
1
166
110
8926
47
2
43266
1
11674
5186
2
259
3
393
95
5977
2
280
156
17
1
48
3
1623
128
2
27
34
13182
1
2
1
226
3
449
8
46
13
148
15
106
4
6
68
259
8
16
1
587
52
1645
32
30
48
51
380
19
102
126
149
3
49
27
870
13915
21
2
84
44
1
21
1
110
13
4
247
50
2016
2
194
5
334
1544
164
1
5
2
1
237
104
1
2845
295
26
4
88
2
16
21
6
421
151
1688
20
26
974
10
815
200
2
27
23
36
25
2
1
3
5
74
4
218
3
179
4
1
43
18
2
8
1080
1
296
45
5385
174
454
3
2
1
7
15
202
9
1
17007
279
8
4
3925
59
72
7
1750
671
13
835
22
4917
39435
19
1
1
157
1
37
15
11
31
20
18055
2
118
79
1
1503
5
19
10065
1
13470
49
3806
569
1
6
2
11
1
302
133
5
2
95
91
181
10
684
108
718
1154
5198
1
10
373
3
17464
276
9860
3
3
1521
1
7
1
382
4
1
1
335
3155
162
137
39
4
43
13
18
3
8
16
1
3
7
1320
1563
63
2
81
2375
3638
20
13
345
17
9099
9037
70
570
22
4
9849
77
10
15673
260
2
5
1
293
19
94
24
1
19
108
239
2
4
692
3
10897
1968
1
1
11580
1
296
6
29
636
101
298
1
3
4095
10
676
132
130
933
2
963
1
1
201
12
16390
8
3
1392
79
211
3
73
27
3
1
4840
652
93
822
2
71
666
7
6
622
163
12
2007
2
21
3644
1
447
70
46
20
25
1
2009
619
51
2076
1416
1
3
8700
12
5
1
2535
196
7
123
20
7
1
410
5
128
1
361
16
209
914
13
483
8
53
7
2352
361
3401
1230
10
1
2677
736
80
2
165
79
1
201
3
537
340
72
36
527
1
38
36
883
1362
28
6
1428
4456
343
1
9
4
37
296
22
4
10
6
20
24
4
4746
7
43
68
136
63
5922
1
6
8
12
1
64
2
1
2
1
23
1282
1
600
3552
65070
11
45
1722
14
1
458
1
23
1
1
350
15
16395
120
29173
4
362
1
6521
2
5
121
85
1503
2625
104
1
1
22
17676
1
5
159
6
63
24451
1003
2031
3181
5
750
25
12
7108
2590
1499
1
16
18
1775
11
38
4293
5
2
45
1253
1750
5
2
47
527
3
2
9
1613
105
2
125
322
45
377
55
615
3
297
9
46
3
18
542
7
4
114
20009
983
217
559
8090
123
2
796
3
1
14
249
61
5
676
80
594
7
14
51
19807
4
728
601
2
13
4
390
1
2
4855
2
701
360
6
1
551
65
59
579
1
15
3
15111
149
389
22
352
18
2989
277
9767
5
1
5564
2
5451
16
38
9
12264
58
1
275
329
327
2279
90
1
10561
1
2
6
17027
4
722
3
203
39
592
241
61
1
50
254
7
1422
1
129
943
145
121
1534
4
1
12
7515
1535
15
3
1
139
26
1
9
9
30
127
8
21
2
71
2
28052
9
3
29
94
1
1
13
46
2
671
4
2
136
76
20
75
7
722
3
6
5
1115
8888
33
1615
14350
1
1
23
87
1
804
4
406
14
30
2
82
11901
5
67
2
264
6236
21
47
11886
4
2
14
10846
3472
243
248
1
427
1
117
10
9
2389
991
6606
8
18
2070
9495
2
22
6
16
4
24
3
1
7
6320
6
3
9
1
24
1
15
2
2306
1
41
13
22
1688
87
137
600
49
1348
2
223
191
773
2
9657
1491
3
1
90
144
2
2
603
3046
29
6
2
10346
1
1
1
1
12
21
20
485
6
1
34
16
2
1
536
1761
2010
177
135
4923
1188
30
2806
393
24
8
2
3
6697
9
6
752
4961
60
1
35
409
14270
1
20
802
51
85
1
1
9
79
1
1504
1737
5885
2498
1109
4
106
59
874
33
70
3
6
5665
2037
1697
2
143
1
218
33
3
296
272
133
20
3
2
1
803
31
823
883
1
64
3579
13
8
4
4
289
29
78
5585
1079
1
58
103
56
1850
2
500
2171
23
23
1
21
261
4
14
9
43
7
3
7
1
6
10
3434
4
59
10840
22377
154
19
2361
19
3
6659
10
184
4654
3836
3584
116
23
248
12
23
1
21
84
16
3
83
28
272
44
12348
188
194
2
1
60
18
1
23
243
6
2510
2
138
672
6176
84
239
28
13
8
52
200
126
19
3
2943
91
5669
56
68
43
103
484
557
81
144
688
14
25
13
485
17109
1283
1
276
25085
1
1
193
15
93
296
1
109
69
1143
6933
133
1
30
351
14
446
2365
19
1
1
63
59
25473
48
1
2408
97
2
13677
25
2
248
95
1795
2
1716
1
685
1021
152
2675
1
4993
1
21
8004
380
9993
14
11
14
165
133
15
148
3
200
461
77
461
2
5788
6399
5774
204
44
21
4
50
27
3902
2
28255
349
2
23
6
1
12196
5
15
4269
39
1515
715
1
1
1
3
267
283
4
3
7
17
3
5921
1
14
805
7
6
1
1
1
5
2
359
8733
84
17
616
394
2
11
29
1
3
1096
2
2
13881
305
19
102
30
2
94
8983
134
3047
2793
72
1
52
41
2
10
1
2
265
173
5
26
1370
4986
240
115
9
311
3854
29
83
8
392
1
29
27
5369
2088
2
222
17136
7
71
1
2
12
8
53
128
21
6
188
5007
1
6233
1952
3
1
140
57
24
15
358
2
394
62
1
1980
286
2
1
286
493
433
385
633
6
15
11
2
4
17
6
5861
2372
3
204
3
333
29
313
2
8
1
6504
249
35
20582
2
808
5
9299
1578
1
44
190
3
320
1
74
377
1048
2
14
60
1465
640
1299
23
1538
228
12
7881
24
159
1
184
13
3
834
596
1
255
7
91
15426
2039
21
713
3
1
580
45
4310
11226
685
31
6
1
4021
1165
3
71
74
8
1
22
3
76736
145
6133
1
3465
2
1061
1
1
12
327
66
814
72
2
10
1526
11
1
85
55
168
1509
647
4
4
12
8
555
1608
40
746
2
2881
555
13
104
3
429
201
14
248
46
999
5
8
321
71
4
1
1
303
4
1
1
10
206
2
3
220
25
150
5
2
16655
1465
5
8
4
164
3
340
49
1785
40
2
64
486
203
467
48
166
1
15
56
21
53
2
52
3068
9455
12
473
821
3017
17
112
457
133
212
3
360
11
157
3
13
659
5
7
9830
598
4
31
48
5
22
1
5984
1119
78
1
15869
99
294
48
32837
66
6
11078
22
4
1
184
569
813
4
3052
392
2
8
3
50936
484
1
99
9
29
72
16740
1
9
4
1
934
3
18322
40
2
23
54
1
256
44
8
8
1
345
36
80
1
280
1414
12
91
1
143
4
536
26
1
2
18
10
1
2
344
21
1
86
486
1
5
4815
338
245
720
283
6670
17
195
440
30965
2
29
79
10
1
198
16
3317
267
180
1103
1
9
57
1993
35
2988
20700
141
8
2518
3328
7
1472
34
16
118
20
7
555
6
1
90
6
42
6
52
61
15
81
2
2
1103
1
5
1
146
431
1
998
10
124
171
57
5415
880
72
4
2679
156
14
3
414
5
414
5992
1
4
6
70
5
2
2
4
108
107
1
6
2
422
757
1
33
844
247
22
104
184
27
129
1
2
3
1
1
41
429
37
778
2
11
6
5
1
58832
2426
140
257
7390
239
2
64
1043
2
3
393
934
5
2
1142
2476
3
923
5
702
92
1
1608
204
74
37
36
1404
1
7083
1
61
3
59
3
39
28910
1147
76
915
1
146
127
5
988
6
1
10799
47
16800
63
2214
2972
1
164
261
8
2282
1
28912
11
202
356
6536
1
2341
4298
11
642
142
334
10
24
11
2
222
1
1219
66
5
30
4027
4721
10
448
4651
1
3
132
13257
14
7
809
112
4163
104
1179
51
1
3
1
34
91
20
3
5
1
3
890
2
9
818
1318
4
11
31
1169
109
6
44
695
892
588
291
8
48
45
55
66
13818
2120
5067
313
2
24
1
29
255
110
5
2816
943
12250
127
1
3501
1557
152
234
385
49
829
9
567
1
108
1289
5501
31
643
4833
936
94
383
42
32210
25
5
94
40
1
1169
38
340
4
395
1952
381
25
4
33
4345
6
2
18
7
145
528
1040
262
119
995
122
702
5
903
4442
3092
153
1672
5358
374
1250
7
1
12
1
17
25
2
1
4165
11
4
3
1473
2
32
11
635
1186
3
12
2
4
550
1277
3515
287
12
2543
2804
289
47
451
774
12
378
13
21
1
2
1
62
3650
842
863
3553
2
2
2
1
1
1
109
6
1
105
1126
142
4
2
2
3
2
158
4435
9
5
3209
143
4
825
1
842
115
1
1
1
16
116
22
64
1961
1
2846
681
94
654
62
5094
3
4
33
3440
1
157
1
1
7
735
81
7
10
21
98
2
83
146
886
282
52
1
3
38
1
25
10191
58
46
265
94
1159
330
31
8832
2263
8
4
1
14940
3
1
1
2028
3874
1616
772
12761
332
22
3411
2
2
53
8
2
3
3
839
951
39
16269
19303
87
31
8865
718
1
1024
47
1
959
39
350
421
23
751
13
11260
270
27
190
158
62
216
1
1056
8
20
2833
19276
2157
2936
2
24
1
7
5426
66
16
1
2
1
24
174
11
4
1
65
1203
40
155
3
3
381
3354
9258
5273
24
3
1
16
31
1
2
1754
11
16
633
7
16
3258
6
4222
49
218
8
2
4
441
120
7
2
87
1005
1
56
2
4352
1
3
12
11
26
13
39
90
92
352
48
711
24
55
273
5
3
1
42
4
257
211
8
29
6940
32
2286
8302
1
1141
20
2232
1
1180
7
14314
25
512
1872
335
1
100
122
6141
46
1
30
205
1624
9
5
1
62
1
61
2
1
468
695
2284
122
1800
201
5
1
1
1
596
14
2586
132
20
634
5
84
218
115
2
106
154
43
1
4149
3
755
1
1134
13901
2263
995
253
11198
2
422
4454
5
4483
10
183
1
5
14
20
23
7271
5803
108
7
1
1
8
56
42
641
246
1262
43
1
6
17252
146
1017
20
3
3370
1562
1
688
1
1
2
196
12027
112
354
307
31
56
2
2
1
25
6
7
2
203
1
135
5227
13
62
16117
7
8693
7
2571
1
23
237
9057
12007
3102
3904
172
7
3584
4
1734
14698
126
1
318
604
12789
9
2
6
2547
60
1
1
46
8
17038
139
100
1960
3
1
2
1
1061
5
120
480
282
1
748
74
5
71
2
24
1
80
2
1
37
1
8268
4
145
4441
4
7
1
535
4
62
19
3051
1
3860
3
3
5143
58
320
1
1
117
529
1176
27
39
9511
1426
203
546
16
3
44
1
17
4844
26
2
1
82
872
893
8
2
2
1818
198
363
18
335
5
56
1465
4
34
17
54
101
1396
4
14781
7803
2
1
6711
304
811
555
23
17
9
1
16997
64
9
6
229
225
3
15
14253
4105
69
1
3
460
277
52
806
8
1091
50
123
5
1
27
1
29
17582
1
3
79
2334
8
156
1
2385
3368
1091
1
955
2
6585
325
5
48
1
279
895
25
38
12
2176
5
5
148
176
2
1
17
264
41
110
57
17
2
1
73
4074
63
1
1
1095
10
43
9
4672
31
28958
140
2041
364
234
1
65
10
175
1
7519
209
11382
23
11
7459
17
56
617
36
1
7
12
95
8
14249
2030
351
1
6
1
1
1
1
847
264
58
1
130
3
367
4
121
2154
41
1
5770
1812
3
665
34512
6739
510
60
1168
5423
3
4
362
6
7
3
101
66
30
740
5
8332
397
40
15
18
1
86
315
118
8
144
5654
241
12155
30
1279
132
1
15
51
106
145
30
33
21
5
529
2
1
319
21
6
1603
12885
37
5860
7
3328
1
1
186
181
1
56
4
2
14
125
29501
4971
1
94
9
20
15
7
157
44
309
65
2
134
1175
9138
60
411
654
21816
4175
17
7
1
6
2314
295
4
1
623
2357
28
33
5
5
39
45
6
2
4
87
34
3129
192
117
1
18290
15
2180
3
2
8
1667
366
3
2222
1
2141
382
809
40
74
2
1
2
178
1230
5418
1
3298
60
249
2
6
7
1
18
1
278
1890
7
10
2826
14486
1
1643
5
1781
9
3830
2
77
21
365
23
3783
2
5
12
2291
221
390
24
1
88
1
3766
514
137
1
2
103
1
14
34
1845
4
1
2
2642
5491
7
2659
2730
14
26
1
91
90
298
20
741
1667
111
8
445
472
7
13
2
2
709
705
2
18
1
83
127
2187
7
372
2
68
25
2982
63
46
36
877
44
15
3
1
154
483
1
32
2
2
84
3
4
156
15
89
7
3
1447
7
5
34
4089
8
1
47
19
1
219
14574
1
33
3
1982
8
3643
1551
3030
1023
42
1
2
2
1
8616
518
39
54
166
16
21192
54
2676
113
30336
16
5
2
3406
48
2
105
4
2
16
1215
4
15
17
2474
2
26
17
87
1
1152
274
605
143
6
752
2594
48
118
2
1
952
785
1610
1
7530
2
23
86
1
1
208
14
2
2
26146
24158
4
15
1
129
930
4190
3225
645
1100
27
1
4367
24
38
116
6
1
11
11
1
1
1178
14
146
2
1
8951
393
6856
1194
2858
18
214
18
65
8
1179
1
135
2626
3
1827
390
8111
4
186
4
2671
11
57
4
11
220
1525
1
2488
5
152
22
341
1
1
3
14469
24
46
9
1806
990
67
2
683
2919
8661
63
7
2
8
289
111
7
14
898
1489
5
5902
38
14
105
206
13
191
5347
3236
23
38
783
109
297
39817
3602
237
13
1
3
4
168
4
3
2
394
39
954
1
1
869
31
15
32
3926
1
2283
121
62
747
438
4208
1
3
15
27
1
5490
6
361
7
71
533
23
691
22237
2
1
1
5
15
8347
257
9
1
385
5
650
21
5
99
109
21
44
271
5
2
1670
64
6
925
38
17560
1457
28
473
786
2666
879
720
212
129
35
8
4
100
3
39
2
2
1194
2
2637
147
3
46994
9
3
2
7853
6
20
2017
80
139
5
955
3
18
4
4
135
605
19
5
35
603
13
3
10
26
2
713
35
47
29
757
13705
9
10
60
1
24
2
1
177
3
2
4
1
4
13
7
1
123
120
20
1476
562
142
1
12
1
27
252
375
3
1163
2
274
1086
2
630
6
325
120
119
5
59
84
1
10101
2
19
1
45
223
31
64
3848
92
1
7
5
5707
2317
1
10297
4
1
1
5
817
2
262
718
53
2
88
10434
389
3408
857
1
20013
31
24
1
110
9106
12
7
13
15849
4817
1
1657
259
97
672
2
15
7834
19
21
310
49
4128
106
415
607
164
3
2
25
2752
567
52
1537
2139
8736
118
7453
65
792
6
44
1
572
2928
119
1
11074
21
35
18
186
5
1
180
1400
3
51
3620
2484
3
185
2
235
2
1
2
3
176
1151
391
67
48
35
3
6033
8
1
42
1330
2367
7011
458
1
4633
3
19
4
43
4961
1
10
20
51
2
7
9
11
3
1
384
1
18
785
224
254
35
5
27
712
3
4257
768
8
898
1
29928
15
473
25
1
36
13
1
5335
1
40
146
12
707
6
1
2131
153
12
5843
1
6119
2
1
1
6
40
152
10
2
142
1
2594
337
55
28
3
53
57
163
304
1
71
32
44
3841
5
117
44
1
147
5908
609
158
5
39
256
8
161
5904
514
611
170
82
32
1
2
7
21
2
13
8
1894
1
149
4278
1
1939
1
6
1
4514
128
93
111
5720
16852
4962
629
23
1006
25
156
2495
4271
16739
3994
47
140
2
14477
8
1386
3964
18
857
45
4
2
149
7789
140
467
1
8900
330
8
161
203
304
29853
12
1071
627
2053
482
13799
336
2
22
2482
16
409
5
52
6
209
189
24894
2284
2
14850
2092
738
11
6579
3
6
1768
97
865
69
3240
36
1768
3172
1
2
515
9923
1551
9
1
41
19
25
28
175
2713
5
10
390
2
21
84
4
52
3
1
13
1206
152
7
1
502
90
11
29
8
25
185
165
95
629
9
6625
158
1093
1
13871
61
9
3066
10
345
2
1
396
6461
242
102
1
27
70
1
4
9
119
19
1
1
10790
1
23
115
5
501
51
72
24
2
8
23
2
22
12
38
2
1693
1971
2
4959
41
2
7
1041
164
10
35
368
376
9659
66
9
1
23
799
1612
10
4
9
17
12
1
19679
2
245
73
3
1
9552
7
1
14
2
5677
6732
823
404
70
1
1520
5
675
95
2
35
11
587
4785
3149
139
6127
2
421
498
1
7
1
1323
555
97
6804
66
26
84
8
6
68
1
468
31
122
2478
14
9
14
121
3074
461
3
4556
38
781
149
13
4
175
145
32
4
1
3
1979
1
412
258
27
2811
4
11
6
6
109
4
1700
2
86
1
1
18
1
94
33
3
1
5959
11
1131
114
1949
1
10485
1423
2
189
36
3430
16
1230
1097
3
1
8504
8
15
3
27
4887
1816
5
43
20903
4068
434
1
12
190
3354
913
65
171
2
7
13
639
2
108
7
128
3
100
1
3365
44
9018
2
10
81
6
18
3
83
37493
34
851
11
1
25
42
1
43
1
926
8
227
7
4
6
124
2
2
4
4
3
687
188
37
6
4
60
103
1
31
518
1
42
7892
143
127
3
3091
262
6
1
31
2
31
7
43
3
1
1
1247
16
161
631
17
6
78
2426
14
1865
165
20
6500
41
4
2
91
2
178
21614
1
10176
1
481
1
8947
2
115
5
45
3
22
8
7
1
2041
2
15693
16
1
3
278
1775
16
13
199
48
23
34215
156
39
4
1648
1
95
42
25086
3
16
5714
82
1362
4
131
1948
14
7
1
16
322
1
5
2
37
68
2
22
1
560
22
2154
39
1
5
11
2603
8
613
421
113
40
7327
19992
5751
1
91
5533
12
25
36
5915
229
134
5
5252
1
11
11966
43
4606
6
4
1
269
109
4
68
4
761
54
23
28
616
3
30
158
23
8
1
193
2374
1999
400
82
1
6
1175
1499
3
4051
7
2
463
2
86
8
2344
1456
340
16
1
4
8
3
189
306
150
179
159
1834
12
13
71
4
73
2592
161
863
1
1
2
18
737
42
4
23
2
73
2
75
7
1
25
1635
2319
2856
19
8
47
17
10799
1
8
125
1453
15
16
817
12
1
152
27
733
11
8632
3620
17252
45
1
51
1
91
119
1
5829
22
1
72
48161
65
17
2324
7
1
9
3143
345
27
111
1
6
7
255
12
23716
13
3
23
20
37
22672
52
1
4
1
243
11
1
14
73
8
4
2
8327
71
7
73
702
6
2379
47
1225
5
13
3
30
5836
396
2534
4
182
1
2
3655
14
3652
13443
366
3543
2085
42
1
2
99
200
168
3
1
103
64
10411
46
57
5
1
1
4
101
62
20
11187
271
411
100
2
1836
9519
2
10
292
406
32
8
4
1557
13
1397
5900
3
5
41
1070
3
925
637
1548
532
4
59
19332
5
736
49
5
31
143
249
3
13
5
1
1258
9
827
1
81
427
2
10
42
37
82
6799
58
109
2
3
54
1
12
8
2061
1
3
1
2
34
342
8775
1269
77
797
1435
2
554
6
1
29
870
26
5
2
135
470
896
1
126
64
2
2117
1
194
11
264
2
1
37
8
3
21
29
94
1615
355
6
65
254
279
2602
12121
1072
3
3
3
3
3
1
160
1
1
202
12
26
11013
239
27
41
55
2183
1
6
32
15604
13
4226
103
7
5
1
112
797
2
2
1449
64
38
25882
383
35
92
1
5251
2626
620
9
2
2
1
5
271
141
56
6
4
2463
20
6
7
44
427
101
21
256
230
805
4
7601
2
8950
1263
37
2
120
2
2
1
9018
2924
3
14
2
33
1
6
1
3
7
8
1664
5
63
54
1
21991
10
2
146
1266
55
11
25
4949
3
3
1
2144
86
51
11694
4
829
1
319
13492
54
16315
580
175
602
1
2
2796
6
8
3
30
15
1182
84
2
783
1
3
27
1
201
1899
13616
56
68
177
2713
3
10
90
221
8
289
1
286
883
6186
2
1
4
815
74
15665
3013
1
1
10233
23
76
14075
43
2908
1
1
23
3
3
13
1
233
15
76
9
210
4
3685
1
2812
495
42
5
6
573
1
20
5
23
4144
84
11
4
9
49
42
1
23
58
20
3
1068
971
1748
54
409
8919
1
6300
57
1
2
2
19
3
70
1
62
22580
192
72
9
13
1
429
463
2749
13813
1
17
996
16
1
4
27
3
5220
26525
10
8
9
1
96
2
12
779
15
5143
661
19201
463
1
349
2
17
22
17
190
7233
1
7537
2540
96
2756
19325
472
85
5
5
1
2
250
58
44
2
10
2
349
168
2
5
4
138
30
29
260
221
2
33
6296
92
3
803
1
31
854
7122
14
66
305
1239
710
565
7
2
1
6
116
142
401
20
435
364
4
11693
1053
76
1
19
8
5
1
18
59
127
370
113
4
782
82
57
133
1310
394
1
5
2261
7
206
1
27
1
972
2
1731
1
11018
2705
8
7
141
84
1
1
1
139
5
1
2
264
3
846
476
87
2448
6
2
165
15
27
2
12947
10
138
25
3203
3815
179
19852
186
2694
1854
4096
1494
74
12729
92
682
1
1217
7
6281
5103
2464
1435
3003
5
70
8
1
1137
48
7142
17356
106
153
15
16
13
4
4
8633
6
3802
23
3
410
164
310
2
30
107
273
1
713
29
14
1245
464
7
5199
6099
15
1
3
2480
2
23
1
9
35
3
50
17
369
44
9
1050
222
13
18
7428
11495
474
1
475
4
1126
2305
15196
2010
15151
126
3
176
553
1
50
46
5
1359
56
758
15
1
1
2
573
4
28
1626
1
2
4
673
9996
7
95
4
8
51
2850
1462
39
18
3
1
21
23
374
2781
47
7
6274
492
82
1
79
127
31
236
21
4374
207
8
12
80
54
39
18
1
3609
63
7
8
290
1
2
1
74
11210
469
560
14
5
127
8
15
119
1
23
1
2
2
31
7
13
42
7
1
27223
436
16
2
185
1119
29
38
468
11
11
11
1
6
2
9583
1
6
38
1
3
8
36508
2031
371
3
240
148
4402
1488
20
73
20
2
41
9
160
14
187
7
3
1080
12406
4209
40
45
180
438
1
4212
12
336
66
1
52
210
181
18
275
1155
34
37
2985
150
25
6
264
541
26
1
394
7
1
559
1
12165
481
2
759
622
51
100
235
91
4660
1
5
6
1575
2228
11
66
1113
294
345
41
6
52719
94
1
735
55
5
6
21143
15
4
6188
4
68
13
2
225
6
1089
3774
86
96
1069
16
33198
1075
15
341
16
17
628
5
32
776
361
128
420
303
298
3
2
101
19
69
8935
518
28
487
1
25
31
16
79
6
9666
254
3
10058
12
65
1
211
7949
1310
11
8
440
49
568
1
2
578
3530
299
81
1039
14211
8687
14
115
11504
5509
2
1
2
8
713
2464
581
8
3
2
1786
461
726
108
6131
2187
58
36
297
2252
20
1134
5
1239
1
27
316
2719
112
79
5693
529
132
2407
2
3
2
397
303
86
1450
16972
4798
64
1563
9322
2
14
1671
73
7
6
13
3
3
19
138
2
4887
568
2
3
20
135
775
32
6471
6
1
9879
1
286
1
413
6
56
15
3
264
44
122
886
80
1
1344
71
8
2869
4663
13
1
9
2567
106
6
7814
117
13
5538
100
2
4
3
108
43
216
64
26
9
54
79
3166
2
51190
36
112
30
151
9
9
215
6
1409
4372
11
2568
16052
78
2
1057
7
1
3
741
1
2
9
2413
529
35
3
496
2342
83
51
368
71
38
4
26
5
1097
2533
10959
6
3
6
1212
11
122
2
54
1
969
70022
6
700
6
3
1
5
96
9
3
13
172
119
195
188
438
1530
313
1
54
39
199
61
79
135
238
1
701
5
1
3
1027
68
23
202
5
1
1
1
2
378
24
30
312
2
1815
2
1053
1
25984
9
32
18
1
1
777
13095
1
7
228
24
706
551
1931
73
12
20
37
9
1225
12017
1530
1
71
10
3734
24
689
2
70
4100
8
1
4
666
80
2637
568
7
11064
3
4
133
130
2
22
4
8
139
2102
7656
9
3380
4831
1804
343
1
29
1203
1147
247
1
58
2
951
57
4815
834
205
2
2
1
333
15
1
2583
836
513
2
1
2
16
81
76
2686
2
4
16
6
254
1820
64
1
57
7
106
1864
4
1
5044
1
174
2
2480
164
4
3
29
58
2411
2
3176
8
1309
15
8
8
125
5
2
3
6
136
46729
6
46
2868
147
252
3
3
8606
23
2
1
78
2
2923
563
3
410
1806
1
1
1
92
2
1
3008
3
619
77
22
12
713
149
102
269
233
2
1
33
31
235
33
24
2
142
1914
913
130
2
47
1036
5
3
17
17345
8
3
4
442
1
1750
3821
132
11
1
7
305
30
16
28
5203
2
7
42822
155
22
1086
1
29
34200
14
836
29
211
7
474
6790
26
1684
10412
1033
830
6786
77
1
5
2396
20
1455
2
20
223
1668
1445
89
101
394
4
2105
2
268
2675
10
3
15
19
3
14527
16
104
1
1079
2
399
36
2
1
1
128
2261
24
7
505
763
12
4
10
16
714
712
2500
1600
89
412
3
2
29
6
634
8242
18
4
4
1
57
1424
58
27
2
3
162
7
31
165
3
1354
398
7
112
4
177
1025
3572
8
1
34059
1
887
4365
2
85
2
5841
76
97
1
1
2557
267
1
126
21
52
6
1
4182
372
26
2162
1311
1
4584
33
6
133
1
169
58
342
9995
4
82
86
1377
327
1
32
9
579
834
1
61
5
2527
49
167
303
61
47
9
15
2
1
1131
5398
3
4
3
2967
5983
5
4526
143
1646
3841
263
17
6
143
35
2
1
648
6
4
1
4
1669
41
414
31
322
17
296
2
464
9
33
18
9
2
186
1
5
4875
14
47
773
157
42
23
1145
1
173
2
4
10
2
754
46
2
11
24
153
1
8
1
58
392
1
19
7113
890
2
264
1
939
4
7751
136
4
9
8
5
14297
767
571
2
16
3
3
25
134
90
5639
991
1
105
35986
5
7758
33
460
150
1
28
3433
4
653
24
552
18835
90
9
804
239
268
4
11
1
83
17
89
1576
2946
1513
68
71
2398
468
5
633
9
2
2012
317
3
1
4
7
3
154
3031
28
17716
561
4
1
76
789
7
6734
17
590
508
404
286
10
5
15088
20
616
4
2
62
3
147
5
4
17468
4921
3
4179
184
11
6
9
259
26
1594
82
1
2187
328
228
33
5
7
94
7
238
581
67
4457
16
221
5484
1
4
12212
2
14218
16817
194
12
1
526
1
1091
22
42
1317
2148
4863
36
1
27
84
55
1
2106
24
431
85
53
27
1
548
818
5394
13
28
83
1192
11
64
55
571
1439
286
77
125
1003
7885
1391
8
8
2
4
2
44
1
2481
684
25
407
1
4
32
2
2
1586
5557
27
2932
2
1
21
763
1
3
4756
2
173
2509
13
1
181
1
455
24
7
74
310
1545
19
18
6
12
1
26
4
122
30
1
6
5166
1
3
1
4994
61
2095
3039
20097
1
4
790
58
13
1
28
1
5
15
11035
827
244
1
104
1008
1
4052
767
7
78
6
332
1
90
23
10484
8049
43
1
92
1
8916
1
1347
2
185
1
1
2
332
44728
38
396
181
1289
1
3918
1
6
2
23
278
426
2531
6
26
6
1160
64
2
1
199
8143
7717
130
3
3
1579
433
626
383
1505
125
141
7
51
2
11
17
1374
23
75
1
7561
3
2452
14
1331
384
7
27
12509
4
3862
2
1
3376
309
1026
8
1
151
1869
853
352
2694
22
1
1
7
3
1
948
136
8
2
6
2
278
47
418
8
117
1
5956
10732
10
81
3
9
69
69
39
6872
592
1
161
1
1
12
27
14
383
42
45
2
7451
277
4605
4444
77
330
1
643
2548
2
32
1745
2837
1
22
6
1
118
336
4
73
1
1732
497
167
11
291
3
2334
5
1
2
942
31
2
54
13366
5781
2260
203
49
9
1
75
2
1279
172
30
2098
1758
109
2885
44
4
1
2
3496
12
899
381
61
1
8243
228
1
7024
1661
4
603
2
37
601
276
3533
5433
7
601
13713
10
4
2490
453
1
5
7
2
3812
2
35
21453
2931
1
2
3
34
271
2640
1040
2008
23
63
3
66
1
14735
2390
78
1
49
2590
8037
1
31
6
377
265
5016
18
1277
898
35
3
178
2821
5
365
5
550
293
14
2
1128
55
5
61
378
1403
1
84
1
86
3
6
21
1
918
4699
6
354
2
5841
40
3
17899
4
10330
23005
3865
10
45
1
628
87
2
3745
5
17
173
1624
2
2
95
2146
3538
68
1566
2
10
1049
4
882
441
792
73
1
6
1771
230
1
8
71
24
1
3391
7
1469
72
1
70
63
1
71
13091
56
1136
2062
200
1
35704
214
1196
51
34
4337
22
1710
439
110
861
41
2857
105
617
256
186
4
260
695
298
60
3689
222
4
438
3845
226
29
43
137
3392
2999
640
22
20008
12
1238
1
18
86
29
59
8
5
4
312
4
13
9573
3
5
90
8
1
2
164
1
33
485
10
2796
65
2
8
39
2
17
615
3
191
64
20
1
7884
4
942
1
233
13
3
471
8
2759
3
19
317
174
77
42
53
37
2
1
18714
9115
4
1
22
8539
147
230
1
24
36
5
84
1
4
28503
3
98
46
523
4519
2
13882
12
1
4
3
85
9
1262
54
4
1285
193
2950
6689
257
33410
11341
4314
1026
2
1
3560
6885
3948
6901
1
3867
780
47
1
6879
143
3
975
8
2
48
4
1
2059
9
170
38
523
12482
666
1
249
163
1
1011
1223
1
6
1198
12
5171
22
1
488
3784
486
9
10
2
2
19
7
97
399
15122
256
4
1
7
229
1
141
7
108
5
682
622
1251
1
1204
81
192
27
13226
72
166
113
6290
372
7
19
95
1
1
17
10
8
5
2
47
493
2
13
9
8
1
24
189
409
63
5
97
480
27
6445
831
1
2
5
157
13214
2514
212
468
89
78
3
6
16
957
5
3
3
1
4
3
27
5607
2354
656
154
76
6
3555
9601
1
8
9
10734
1
119
1
795
12
4015
27
25
17
421
191
2028
218
53
99
347
1171
1409
5651
89
193
2
193
1558
5018
1
140
10
6
3326
50
18
1
3303
90
1269
2
9235
97
1173
39
16
1
411
1
31
5
12325
2
5
116
11
3
229
1
45
371
21
1
44
2
12576
1
4
2
4
5
23
3
1
38031
3
645
292
109
1
275
143
162
1
131
130
68
1
6
99
11543
2174
85
132
112
51
87
4
285
169
2475
8576
61
198
2
100
3
494
18
177
941
324
1
128
495
6
393
36
9
5
67
1
3048
101
1
11
1
2
12955
70
1253
156
1
2
74
230
76
74
25
9
3
5357
38
3
855
2
130
3
2092
4800
8921
1
6
8
9719
9364
32
382
11
833
1256
1007
5
122
86
35
18
8
15
5177
6
15993
39
10
1414
3637
10
2
1
79
3286
4
465
89
21
15205
2
1
3441
1
2
2
90
303
24
1
14
1
2
54
239
7
5
11
4
1782
16
690
473
21
218
1
440
9
13
9
93
15
2
1
582
8246
40
722
4410
1749
365
1213
197
392
2
786
157
16590
4235
4
1419
48001
4544
988
127
1231
14
46
483
1
2
32
2927
1710
148
401
8
1
2514
3
31
2
4207
13935
10001
20
59
28
1
53
3
533
1616
89
10
244
685
132
21
115
467
2
1
5
341
285
6
1
1
7
5
22
1
320
13556
725
4491
396
3521
15
861
489
1337
229
90
1977
2
10
7
465
155
1
1876
2
1
3
302
33
1
3
565
304
2
1
1
109
385
5
4
79
1
62
833
2
10781
208
283
6
153
3
1493
32887
8
821
1332
51
9
21065
2
42
1
19
7
7
2672
4
8
162
4
6444
1
4294
1125
35
9
2
1
2
1540
545
4
1601
3
292
158
1
15
107
161
1673
3
37
2348
2542
1618
14504
10668
9
4
9
2705
9571
30
560
22
3
40
246
195
12
1
1
122
9
1
9
32
1
6526
6
81
346
7
658
21905
19
1
974
41
591
247
18
618
3853
1
279
31
4
1
3
2
5508
30
315
6931
37
1
38
2
180
5
2076
11
4
2
2
372
17
213
82
2
1
11
2
26
2
25
4
5
245
59
1230
1
2270
2
33
2111
1
8
67
46
9394
50
170
1
1295
10
8
16
5609
435
7
6
2
1
6
1
3904
13
232
2
3
30
3832
60
2
1
95
7868
2675
7
9278
80
225
2
38
2
74
34
4
30709
32155
22
10
7007
4
2212
6
2
2684
8
8
1
1
1
5
2
1862
2
109
324
10
1
92
2
3783
215
27
14
8
301
194
126
2505
1
1
1143
6
1
6
7
2
26801
434
1
383
170
5
26
8
40
61
2653
1
240
605
1
3235
1
13
9641
44
3
94
5
18
851
9875
1
6
5054
318
24
11
3737
15
2
1
6
2666
85
212
1672
38
3
1326
309
227
2391
8785
26
3
4
3644
1
9
3
10
1
20701
4
1
701
2087
12
7186
597
7701
15
39
76
12
901
15
633
75
37
26
14
10
537
206
1
90
12
6
14
1
1951
7
5
11
2652
13
1057
56
7
285
251
9
1194
21
23
121
27
843
48
217
144
1359
2
9
13
1449
263
273
35
78
434
2391
356
522
40
380
12
836
1
1
2
76
1
6
6
388
11
51
84
9058
1
2
2649
70
62
1
498
2
392
5
6
34
41
6745
102
1448
1262
47
208
1
2279
4028
314
1
3407
9
1
1
11
57
2
323
269
86
46
28
1
3229
95
1104
162
2
339
6507
267
24
113
1759
5182
5
9388
5058
8018
2
615
13395
39
1
6
352
112
25
966
2
1690
55
22
3
3
173
368
49
3
11040
1
39
39
101
3
5
12
1
34
1
7
463
29
1730
57099
2
899
137
4
250
1115
39
11
1199
3
3121
1497
15860
2
2
61
534
2
1749
4
1
1113
2
6
4
7
7994
24
63
1
4
17367
4320
35
799
105
19
2
2
55
7
97
30
2
265
258
711
13
1
1526
51
6
2289
1217
567
1153
4103
4
1070
169
96
3102
42
5714
27
508
58
308
793
285
489
813
769
40
5152
12933
126
18
28
129
21
416
93
1
4
1
476
28
20002
3516
181
8
168
64
45
56
5
15
2
437
7
5577
5
5
1950
1
46
159
55
256
2
34
5755
2
12
195
1
9
2
3
3139
72
74
87
3488
10
38
5
277
705
5
21
1
3179
4
738
10853
49
1
129
10255
46
17
1998
12
1
19
15
1
4
38
2
12
2624
36
1
1
34
435
49
493
13
8162
541
3967
12
17
2
2685
1
39
8
1326
20328
1
418
239
47
21
83
869
5
31
18
1
4
84
1187
1
655
185
253
107
15
517
414
437
28
185
937
1
1
26595
424
21
61
1478
912
1270
3
135
1
41
5664
6
9
4
47
7
1508
2983
52
51
2
27
134
23
260
1
446
12
17
13
42
46
1141
434
2
16
7220
8
101
20949
1093
5
266
11
90951
89
15
3
13534
445
3
7123
64
2
97
36
3
1
12
2
598
18
444
109
8127
594
25
13
21
1
54
1
1
1
3655
1
21
344
6
730
9
564
134
20
28633
6
1
136
6589
92
4
95
727
50
1
2
12
2142
3
109
892
3
3
262
1
33
11538
16
2509
8
3724
563
55
7
17
4766
436
54
13
1
19
15
1089
15
2765
3
26
1864
6
6
1734
1
2
73
9
2
2481
2024
1
6907
5
58
3
1204
53
8
1
147
12
4
182
1
1
98
54
49
1
5
4006
40
209
141
219
37
28
3829
18
2
1
3
21
215
293
214
1
20
70
14
235
69
1297
2063
4
422
30
1
22
24
1184
387
1397
2666
4
20
13
48
832
89
635
422
17
72
5
1715
67900
3
1394
5
22
70
60
81
171
20
197
1
115
7
39
3
86
76
214
39
485
30
18061
3
85
50
138
1
3
15
2
8205
1
16
10
2
1
257
365
17
83
70
3867
356
24
1
13296
626
360
1
3
7
338
4
274
23
1908
848
40
2781
1
125
30
5582
90
462
3
2
1
2
12
1872
20
1
1
152
1
306
1
88
461
2107
63
321
32144
41
9
3428
161
3
398
666
1
3878
34
9123
1913
1056
49
1829
218
834
22
2
1
146
36
8
697
24032
41
7
1543
3
4
10
1
95
160
2431
135
311
1
490
3154
13
497
2
6
6
6
5
1468
5
975
36
208
9467
2
4114
9713
21
350
79
5389
2108
153
433
275
305
1
20
66
244
1385
12367
2610
3
737
1
21
15
94
1580
590
3569
10206
1320
1
6
9
21485
338
2
435
3634
1
8
1
3
1856
1417
245
1
1
27
594
1
6
78
18
10665
77
29
2784
2
4
40
48
42
222
31
2501
14
13
214
1180
1
39
12
2
1
93
70
225
6
1
91
870
7680
12
3929
2
59
2
1
8
6
104
1
8
179
36
18
24
2482
287
411
9
267
113
29
75
21808
239
11
11
1476
8229
269
10
7
77
1970
4
1
737
155
3660
363
814
5
2
292
1
189
18
1
33
227
82
2514
1
31
6
26
13
1
8906
15
17
3
1
3703
7
8
29
2017
17
1
4228
11
416
1
46
3039
65
56
18426
1
164
91
1
1223
168
4
41
8002
38
55
940
6
24
19
37
7
774
8
11638
235
1
4
944
38
318
579
392
226
21
2
412
3
355
3
27
151
421
66
57
206
430
62
4704
1
4159
18711
941
87
184
762
3
46
267
32
5215
3043
17
130
5784
118
1
9
9
6
1939
1
383
18
1
5
9240
231
525
3
13
21866
7062
210
5676
142
1
5
1
2
55
96
77
23
1394
60
11925
6808
6
870
518
2
1
3
19
2215
2823
1
51
9
1
359
180
274
556
4
1
20
1
5
1
67
3
69
4165
1
48
1
377
70
6
1217
3671
1162
1
104
31
1
10
6
1
692
47
2
11
99
2
6
3
9
1886
61
8136
736
1
1564
11
17653
125
3
23
11
992
179
645
7
2
4
960
1
7
3
218
625
974
1
2
22
9
35
2
516
522
9964
478
50
200
2910
8
185
51
8
228
1
10553
392
3
7
4609
11
8
919
3
1
37
66
21
1102
83
957
22
15
14777
12
229
2
1
407
47
354
21
86
542
17760
2
2616
12970
11
8876
17
2
3445
388
603
1
19
901
41
1
5081
4581
3
2
261
98
1
192
10
1
10
467
8
1941
15591
1847
448
2000
5
1
1
7362
165
7
1831
1
1
21
7
17
11
2
498
16
21
15
5
134
444
26920
8
103
39
11
9
3
6
24
480
37
36
84
6696
5
22
419
103
3
11
65
18072
40
6
146
5
3
15
3
1364
20989
2
5
1
1535
25
15
230
10
30
18
1
11
8
693
2
46
679
16
9240
2866
562
27
3
1
327
179
2517
120
726
233
103
2328
2
1729
2
9
1
20
97
33920
3
21
123
621
3
1
62
1608
251
2
9
63
1229
3952
75
6234
2
5
2764
1
1323
2
1799
2800
2457
2
1
40
3
2
9860
4954
48
77
346
14
55
1
5172
4
32
151
3
655
45
409
3
15
48
252
97
221
1873
13359
46
1
18
16
308
5
637
727
86
1
2
2118
12417
1
1
44
7
800
3
8777
344
80
18
3
379
7
294
20828
3
3
112
365
72
14
1
2
38
1872
7411
4
869
12
3510
144
2
1477
3973
20
8920
36
104
57
1271
119
217
5
2325
1
51
8337
29
10
168
45
441
1
1083
3
6815
1
85
6
15
25
42
2
3460
1
2
2
33
26
98
2420
1
3691
4
8
2
4
1
7
155
159
1
680
743
18
27
5
836
177
1656
1
4
20
46390
5
13402
1
1
48
11311
8
2
248
247
136
947
29
1129
2347
1009
21
94
521
548
19
2232
11
1
1248
25
1
1323
44
16
2
5
32
3320
951
32
4089
112
6706
8
15
1
29
196
1
1
2
2
12
215
1
2
754
1
17
2
883
128
2
1394
1
2
322
3680
2
495
209
98
8895
39
302
21744
7493
28
2
6
18605
407
46
260
927
4531
3
1766
54
3
97
6678
11
1476
2
5915
3
26
43
428
2
3103
686
17
3
10
78
354
364
555
3669
2
364
1052
238
2911
2
242
10
19
11944
50
6985
9
11
312
1909
1
1
44
6
1
660
15
18
134
636
375
40
1425
1
3969
588
2
198
1272
255
845
143
398
52
5
8029
112
2
11
119
2163
8
83
1
4
2
3
6
5
8843
264
3
600
38
616
115
59
2
16156
128
25
2
1769
192
1
3
50
31523
158
14
23
326
1023
179
1
477
16
5590
21
24
1435
8
24
73
10
6241
3528
11
3
70
2
105
29
1105
4
1
2482
626
1924
1
16
26
1
8
86
4
1
1
2
7
3010
7653
736
503
14
4138
433
1356
6528
1894
3
2
5
16
2
20
304
1
2
18069
2
20
9
510
1635
6
7
1
218
19
5593
8116
1
1
6718
46
32
20
464
37
1
5476
1514
1
335
425
1
239
927
6
4165
272
17202
1
1
101
5925
515
5
1
230
31
2
1
5923
61
3
4
5849
2
11
1
2040
62
66
72
14176
1025
23
17
43
2291
5
8
1963
136
5
973
36
794
2200
1
9407
36
18
5411
27
3
15
75
17
1
1
2
2
13
2
6717
89
1
1022
8
33
385
16
9
49
21
5169
2
10
1
5
13
1
27
1
2
1
1
281
282
12
6550
1
12661
11
1
1516
2
1692
725
192
3031
736
76
243
668
471
188
4206
591
11524
806
12
2
509
50
9174
2719
9137
11866
7
2
1
34
8
10
4
467
1386
1
202
11
3
10
10
342
4345
112
249
268
16540
70
6768
2
862
7
16
36
380
1356
3871
6
2
23
571
24
15
2245
2
1
846
10
16
3
155
4
138
2
3
1
13
385
160
19
58
28
49
7
237
1294
940
509
2
1
1
1716
1
9
926
2
69
8
2
2
5
596
2
2953
1894
444
1256
2
1
36431
20
5
1891
10687
5378
2
542
1
4
4417
6165
2
3
6273
40
1
2
1
18
33
435
1337
7
18
66
22
7
3
187
347
1
25
276
4969
20
1111
4072
2
151
5539
20
5724
2507
1
2
1
1
10265
7915
5
197
537
906
1949
1756
44783
51
117
2
84
88
5
9
1135
4091
1
4
12
98
192
8
307
2
1
62
231
1
331
221
6
1
8
2
504
1061
42
301
4
87
568
8559
9
2
7
5
433
5079
3
14
3849
1
2
8444
24
16
2066
469
2
7
5
1
35
5
872
110
21
6342
1
5
6
23
4
9
8
12545
45
70
4784
12279
132
24
2
1993
50
152
307
1178
1342
149
1388
1019
200
10
11
186
582
2
4456
1080
24
1
1
8214
46
30
618
13
1
5890
28
2709
17
57
1639
246
29
10
1695
50
55
9
3133
1
6
9
1971
1
3
6
5911
2
1
2
2474
1418
2352
233
1568
7
1694
1019
1
45
8
36
2
583
74
5063
15
144
46421
278
4
18
1614
10
1118
1
4701
1
3
28
10
4590
1268
34
756
2047
1
432
8747
141
3
2
209
6
316
1
244
16
5
1
4847
2
385
13
3
5277
436
151
3
43
210
64
3
738
246
1
99
27
67
12
2
36
1
163
60
11119
1433
79
4
979
2
2
7
1
385
93
154
24
14235
13
114
138
5030
567
16
83
2
2145
9
14
57
1
79
983
2
803
5391
4
12
299
185
158
523
1521
3246
7
1293
27
941
1201
1106
11711
1
1
173
2
212
230
36
2
20
500
1
16
1100
30
3082
1015
4853
7333
8
74
11
69
625
86
4
97
3293
82
17761
4
2408
186
3
197
270
13913
18
4977
1
19
396
270
25
1636
2178
399
1
5835
1077
12013
3
2
2485
29
204
133
36052
9
965
84
74
5306
13
28
1
158
5
646
37
67
8
12
347
68
107
52
25
3146
1
287
56
48
7
15
27
2807
529
128
3028
106
2
490
72
14
91
4
37
2
647
10707
5
495
366
2
129
150
107
1530
68
95
377
1
286
1
61
63
121
22920
22
1886
7500
632
34
1369
63
13
1
2
2640
88
1
1
15
175
1029
19
66
1
149
3
1
21147
594
254
16009
117
4
2
8286
325
4439
3
387
81
74
42
2
33
1496
399
359
13
562
1
2951
841
1
1
4
8
160
4
14
12
304
1
4
1
2265
2
235
150
1
6
15102
2
8181
267
5
2741
12
8
5186
2
4532
31
1
1
12
21
265
77
71
6
1
3
7580
1
20
3182
1590
2672
7
58
60
73
1
5
114
4
1
36
3707
30
726
251
165
4564
2
227
410
1
1
400
1
164
53
1
5
6
86
1346
1
4
3812
42
5
729
1230
14
340
114
43
4
16
5
8
119
7
16
18
51
9
23
60
81
4205
630
9
878
6
9
580
8
2
1
76
1
9
88
2941
9
779
4
1
1043
10140
29
6
244
1
1
1
734
64
23
66357
663
19
672
1712
76
1394
10
987
1277
1425
44
2
1
6949
34
19
1
7
9
60
15734
86
11
9
71
18
1
3
328
38
3
381
2
525
2
1
1584
1
2
5
5
678
2
65
11
360
337
5492
1954
108
1
25
1
94
588
1
6
184
2
1
8182
32
9602
9906
217
5474
4790
7351
9213
4
7
356
105
85
13
2
294
1
15
283
288
12325
3
1
349
10
492
1895
8
13055
71
10
182
42
9
8
1
4
6
295
2
17036
1240
29
53
370
12
3
8
172
1
119
41
6
86
271
2177
16
8
138
2
1
1831
5
19
2
33
138
17326
6
16
38
1
2815
1926
4375
1
1
31
133
1
273
1
41
47
1
2
722
28
329
16
1139
311
3
185
20887
2
3523
62
347
1
2
1
1
3110
2
94
922
1
82
203
65
1
1
417
82
6
21
68
3
24
213
1
18
2681
794
5
4958
21846
8
301
37
162
2
1
4433
3
3
9
1
85
220
34
9087
47
1
2
7604
1402
1762
2932
88
4339
1
2
1113
1
21
265
4
3
120
1681
391
99
2836
16
3098
3354
40
158
1
1
68
5541
5512
2673
1
79
37
8
6
2
65
9
391
4311
13
5
2
283
3
5
28
11535
165
13
310
99
3900
18
89
1845
189
63
6
6147
701
3
13
40
10815
116
12
3135
413
3
5
192
186
117
6
5
1109
11
35
2
170
26898
2425
158
1
1
1
118
142
40
2
19
202
2
435
256
140
3
1
1
744
12
22
3
388
2241
415
2
7
7
142
5
157
1
6
3
75
30
175
2
1
43
8645
302
16
7
26
1337
10443
32560
9
2
6
162
30
453
18
21
184
2775
22
2
33
1321
72
7486
64
2
83
3
233
1688
15
7
2
10
1
7
1931
12
9
692
593
2
20
27662
24
7
137
653
56
401
15
93
26
9
1460
484
1
1003
1231
54
4
26
1
1
2
3891
1
1
54
1
159
9
148
1
46666
5052
1039
4
8
1437
18
23
8340
5
7
634
8
247
3
25
1
3415
2
1316
2833
176
4122
445
4237
258
8
2
6215
113
426
2421
147
112
50
8
250
15
3
229
47
624
3496
1
12
3687
3744
1819
4
2576
3
1
7
2735
39
17783
747
11
755
3214
85
6
54
1
52
1
1246
405
189
29
997
1100
4
18
425
6
882
106
3
25
31
353
642
2612
1
1023
1
2127
12
78
1895
5
2540
11
23
10
47
57
1739
355
365
122
31
21
114
1
6
214
714
1
22640
12
5
45
5623
21
31
3131
2
72
510
19
539
2
1676
3
321
1
1
1
33
27
3302
3810
4
4
173
7830
4
190
92
108
1
4
5
81
1
3291
37
443
9262
14
7
2011
12693
1
1858
640
27
1790
31
20
1
219
1010
704
23
1
2584
45
941
170
5
3
6332
3523
391
2320
8
6
2
19
2355
1098
2
77
1
2
8
13
1446
30120
105
617
1
8
28
3
48
157
2192
36
361
6
498
6
4
5
13
1
111
197
35
270
133
677
1146
10
1140
23
11997
7
777
32
9
26
101
163
1046
8
4
10
427
161
20
11
2
43
4
1
40
2
6734
227
37
287
39
1010
1
129
56
1511
17
631
166
1
1
70
56
121
1
10
32
3
1
1143
15
112
15
15
198
13
6
2
12
1
1167
366
2518
3061
92252
61
60
109
26
1
2
6
4
1595
1
8
30
178
3
842
200
56
5
1619
1
3
787
43167
158
57
1
22
6299
9
1
8
280
1072
329
2971
3
7
4506
51
1
69
1572
298
26
27
41
264
32
31
1
3
2
72
80
85
14
42
165
75
1038
2
2
252
61
3
54
3197
5381
398
3
9
34
3500
9286
6
69
495
566
14
9
18
148
18
1458
12
12
4
4
344
2
12019
1555
4749
2359
1
2
587
1
275
274
9357
1
5377
67741
2847
23
7
12
1968
2082
2
59
826
98
1
49
752
10
16
3
1
408
2
4445
2260
7
8
3
2
340
9
4939
12
293
3612
45
3
13764
4
64
1
181
23
544
82
86
1777
2
3
8
4
2
1
41
1
38
3
17
916
1
7
1
749
2
1
6
2
55
74
1145
1
54
11
9
799
5203
4492
42
11
828
22
1173
245
6
29
13
6
773
19
8470
52
33
2565
132
281
1
71
7793
1
7
56
142
1
6
12
3
2
88
13
874
69
1
22462
17
156
1
17296
1
4
5
11
2368
106
8
9
65
1
485
12
84
498
4911
10
1012
121
191
18
2
3986
10
3
112
4294
2
42
28
9
1
150
2
2
11848
1278
1
33
6
73
194
10
127
23
9698
3
1
1
1
1
1176
11
8
104
4372
231
8709
302
2241
4303
40
1
18444
137
9
1
312
67
592
2
718
8510
20
4793
14
7
5
6
3818
200
1
26
11
21
5680
12
1
2
12
37
2660
127
9
74
2806
16
7
4354
75
3
7
588
17
61
10
2
2
1
203
29
1001
69
222
497
603
829
7
2
1783
5629
4255
19
946
21652
856
205
112
718
4
2
1
2243
57
688
388
10
6
2
13
1
126
7
176
33
6
425
193
12
5177
1
16
197
302
77
2384
5
22
9
6
5
320
498
2
11256
164
115
30
520
11133
113
18
2
101
4527
2
5
78
8
418
10840
202
2785
6
1157
9
5
118
5
10
1
30
3410
24
52
7
4
18
1
6
1629
6
59
1108
3
119
2
75
3795
10
13
116
522
3
2738
10
7217
1
22
20
3
1
1
1177
765
7
251
91
2
107
4
40
1480
23
5218
12
5848
10
15884
64
92
3
2865
426
14
15164
49
198
17
9
2994
2
1
1
32944
1
1
1
4662
4
44
1
9
15460
7
295
1007
2028
158
106
57
39
1
3626
173
62
5766
74
3
11672
76
8409
7974
24
150
703
4449
240
170
65
1
2
27
2
8
13855
1
1159
2
2
6636
465
2
1
140
12059
1
5
10
1
12699
125
11012
224
8
74
1
38
51
4
6818
86
1315
1
1365
3
22
25
5155
26
4
431
7
2566
3
3
1
7
18
6
14
1130
165
14
1
717
122
15
521
3
108
3
2
1080
181
2
13595
941
2220
98
3
1116
4
66
253
710
88
2
22742
2
1
30
64
11
20
597
5392
243
12403
3
517
647
29
2
76
1989
1
402
3399
33
24
1367
970
12019
19
1
237
1882
368
3
34
28
1
8
2138
1
912
1
17
29
1
19
3387
1
7464
21
6
141
8
10
7
1
20
368
1543
1
369
1094
6292
130
3678
445
177
8
1977
26
135
3
811
1
2
8208
636
1
3620
100
2452
264
3
2
4715
5612
404
9
374
2566
2
9
14
994
95
1
83
10
2
506
30
459
20
1799
4963
3
3
370
1
12
53
50
2
571
1
1
3620
97
204
261
3
1
48
1
109
98
23
14944
19992
1
73
3
11326
16
23
186
5331
10904
1
63
16322
114
5
51
4679
33
40
1648
8
2489
36
101
14781
1270
809
1866
3418
694
2
2276
4526
7
19
3985
43
2
109
38
2096
1140
9
6
85
20
358
87
2
943
19
806
3
178
1759
1253
127
579
3
1
3
1350
42
4
691
113
753
100
208
68
1579
384
107
12
112
1820
22
4240
7
29
1
26
8
736
6
1122
75
3047
1557
54
8
234
754
334
1
26
6429
257
41
2
485
58
3456
1919
4
6
2
1
929
1
37
14
1
288
8
1
4
430
735
4542
9
3821
2
1
1
61
41
314
281
16
185
63
66
8
71
136
9573
1
42
722
140
65
804
41
1052
239
2742
2
231
10
4437
2003
127
3
2550
1423
53
4
3440
222
2914
5691
2
2
23
7
39
163
6
35
4
466
19
1
2
1098
4
111
1
73
1136
336
2
16
25
3
6
36
20
12
164
6808
3
5088
1
114
46
10117
1
1
3513
487
83
1367
60
4922
8678
3
428
1
15
963
2
28
3
56
929
1
2
427
239
42958
639
5
116
12
2181
1
5
1
2476
33
980
17
1
14599
190
4
1
24504
4
1
3
3
1
34
3
76
3
2
121
227
16
3684
1893
37
84
2
2
40
189
1756
6
1468
9195
432
4454
2692
5
13
86
15770
6
1
5
15
965
1
770
939
66
119
14
153
1360
2
3
46
2
9
31
5678
4
2
6
408
1
626
2
1
1
125
2250
6
1
1
2
836
3219
4
715
20
51
18036
1636
16
2066
35
21
2526
528
3164
28
1
4324
7114
29
69
648
3
57
1
4
50
58
2
74
38
6
12
71
5
137
2
577
1522
11
19
1
3
1
9158
88
5
3906
689
8
6
243
5
58
18
59
12
11
31
39
37
4400
11
307
7
5
1
10083
162
34
6
52
15223
196
3711
3
2870
78
262
463
925
1099
8440
215
1
219
1836
47
1051
672
1
123
3
3930
11
2
4
50
208
41
1101
78
7
3
43
4718
5
4
18689
2
337
98
16
33
3
24
124
39
1
413
26
477
605
1077
1388
1
1
1
199
1
3344
518
2
3
125
388
40
8
475
197
72
1
503
74
409
44
2147
113
13
8055
4
64
12
1087
5
1
5
3
1
7
5
556
331
41
3
24
670
298
8410
1648
11
2755
54
2
14
1
1570
3411
48
8
9
10
1195
14260
28
1
570
3537
595
670
9
2
153
172
995
2
1
3
1
3
3
25
18
9
1050
394
478
240
15
1622
28476
330
19
3
8
1284
143
1087
8319
65
1384
104
257
6
1
104
9554
796
16520
6
84
783
8
12803
11
41
158
4
15268
1
5
19
386
771
88
2428
2
1
1
1206
1
268
8
1
2752
1
24951
3113
58
23
3
4
1104
386
83
4140
22
25
67
4
3
39
7
262
141
3
33
270
2
1
18
5
93
3
2
1
14
32
157
129
8
2720
314
94
1
35
9
3
374
17
1
450
12
1
2440
5957
1
672
121
7
147
1
20
18
49
35
3
844
111
4
16
223
33
3
4
4710
8
1
1
26206
1
4679
1515
1
1888
1
75
1858
4535
5
2
2869
1
5
18
3
635
2
164
26
1
1
64
3361
11847
191
4
9
85
1
1
342
31
2
1
5392
1
1567
13
460
4
6258
8241
2
335
96
56
6885
1
21
1
2
18
82
3
4
5852
10000
168
13
2
11
79
1
15
1
148
364
2
1466
12045
2
492
938
1
18
9
50
595
26
851
17116
431
219
6440
8107
1840
525
326
2
3
340
56
91328
152
59
5
7907
1
1
16
52
10
1147
10
833
4
7
28
43
2391
1
986
1
2
221
1
22
61
4529
1759
1890
631
44
1
71
577
152
9
820
37
76
78
107
6
151
191
8
11
85
3
2
122
1130
257
2
4
10
35
79
44
5
3
2
63
2
111
39
1
1
8
496
1
1280
505
74
900
115
18
23203
1536
1799
18936
5
16
5
7
245
118
2231
1
1
458
437
2
2
320
1
16
482
6867
14
7
185
1
9
13
61
20393
25
4
307
1
1
67
94
4
1887
3
1
1621
9
5
146
13
306
1
5
5
59
2150
1004
23
1106
1032
2
4
754
3
11
1820
112
7
9
10
5828
33
111
2
26
46
4
22
2504
3
9
65
9
5
105
24
2
4034
55
43
2223
261
116
17203
91
27
1
2383
8896
1
182
13
2531
1
2
3
24
4
4773
2
2
5
1
1147
109
1
81
1
18
630
59
14513
158
52
6
809
248
68
114
1
988
165
327
14
139
39
1
1029
74
1
44984
12
4
3342
1
1
4
39
381
2
18
13
23
16
1
64
5
125
195
41
2967
10694
1
2030
15
409
1
215
294
1
1
8
22
1051
1
6
13
7
470
4
4
6
427
1
4
3
87
8
149
1
237
68
42
4333
1
238
116
7
356
49
29
10
8
257
118
130
16073
206
654
510
410
6
56
11186
4
1555
14895
70
341
79
2
2
1
2703
2
380
435
6
80
1
242
1
1
2
36
1
1
875
77
334
21
376
5
94
2893
701
14698
154
8
23
2
3
67
1
2
1
8
53189
51
967
21816
202
80
931
32
186
145
399
4
1435
12
1
1
21
3
9
1
47
29
3
1
385
1
9402
2
1
17
45
15713
232
1
24
51
1
624
1524
4
11
12224
1
99
4687
94
17
1739
33
7238
2
15
5335
3
205
267
9500
1795
108
86
1820
283
5
1990
5
11
1
2312
1
2345
1
120
382
1
4
101
1
4
1167
15
7793
2
1
69
1710
1320
8
7
3370
280
2
3
44
13577
28
3
4
4149
55
13
3
159
65
35
1
1
3
10938
508
31
48
5
2
866
16
1
191
4
48
29
16
22
5
120
2897
1602
4
516
8761
109
119
11734
1531
3
812
3765
1875
13
1
1
7
605
1410
4
3
6
338
7
7243
2
4
1
2
5296
3532
16
95
12
405
6701
292
8
1
1
1
1
211
140
8488
9
1
6360
21
1
10
2
4
2
17
1404
2
1
8
191
20
1691
152
818
18
1
587
8
65
2
6
831
1
345
729
39
7370
9
62
23239
22838
15
8534
115
3366
25
1784
6354
776
7
1
19
4454
21
9569