57291544
4145
1726
32403
1444
6
973
468
4
138
113
5
30
6719
16
1
1603
383
214
2
3
7265
1436
97
1731
581
153
10489
224
3
86
1
58
985
7
7
1
418
2
40
53954
1
3
3864
202
3587
55
17313
2
2
36489
284
6645
113
59
22134
46
761
1003
152
242
2
6843
2635
10
10
5
16
736
4
7
1688
2268
100119
384
12911
1
12197
7
170
3
1
128
88
20
99
69
4
108
1106
38
25
25
19
466
12061
483
20800
67
161
383
9
31
5
5
1
2351
2218
6925
1441
3
18
9
19
48
6
1
2
694
21
1
222
490
462
133
46
90
20
3
1024
157
278
19222
1294
15601
3
22966
369
3
1020
9
1
2759
2
8
3
771
1732
14
1952
258
114
1381
1
104
556
11
271
8554
53
1364
157
169
329
478
4
339
5174
57
1
2
36
4
4
223
1
4
102074
182
7025
90
668
387
7
982
7
1
51541
1525
2
2
6827
17
156
9
22
86
13
2
4
27
22
67
1485
33
1
13
5687
1696
87
1065
5
736
2
10734
2779
38
14348
219
37376
2
951
1760
25
2
190
3
11
3
2
15374
596
1146
139093
5414
60
68
730
489
4
601
6
14
1
132
33216
2
87
1
146
289
505
40
48471
4
364
879
17
1
90
76
2
540
15
3675
9204
1
2
2
40
179
2
83
6882
4
15
51
113
13
1
396
1
745
6
26
108
6689
28
1545
3931
4
64
56
14
12137
1
2
230
7203
97
1
1
10
80
261
4
82
4
157
40
5866
1
85
4086
938
1
1
4609
94
18
15
9244
24
2
230
10
1
48
54
17
5
127
6
181
420
169
768
1087
547
4
23
27919
88
30
7258
8
7
2206
14
2
4720
8
13
1
6623
2379
2
568
43
769
39
12
5
434
77
1
166
6
6389
82
1086
128
4
2
2
6
570
83456
1
13509
10339
41
234
46
47
2511
2265
70767
12400
91
9623
1035
24
1
80
2097
2060
1
38970
396
36
17
16
159
210
7262
81
3
8373
2
4
132
1
6257
1
3
3
6
146
367
5
2
405
93
126
68
334
29
78
2
2
1
475
586
8
2
5
92
8
4
302
256
11
9
12
3
27
1
1
1
2
17006
238
4
26
1
138
55
367
78
26
10
332
1
6293
16
43
29
10
128
920
946
71
19
6185
3330
1
164
297
8
1768
98
17813
1712
1
28
6481
8
30
510
13
260
2
1
43860
1285
52
5
2
134
24
11162
1
8
489
29157
32
2
301
18
5320
16
2
692
6
55
6011
42
4
4
637
378
465
518
239
7
724
280
14
20251
152
261
6
3756
1
18
2
22
1
4372
15
2
4621
1
6
69
297
103851
1
25
144968
1
65749
80
46
27
24
2
5180
23
1
2
2
2
12
1808
97
2498
6
25
16532
25
5
6381
212
7
2003
2874
2196
20
64
56
1
21
712
6
1711
31
1
10479
19
1
12521
2
38
2
47302
2
5
7
2
100
12
9
15
12686
1
8708
238
21090
435
280
3
38491
24
12
2
4
2049
3
3
89025
1183
110
1555
7025
33
1
276
4
133
2
8
5550
4
8839
5
1023
223
2170
15895
19
16
245
15
3
1096
4
2
424
12
243
19
18
9
1294
1
114
13362
1
687
49
1
89
1
1
10
33
1
21
741
37756
22
1066
6
265
2956
20
9
11
154627
5
180
1
1601
1
11886
5
1
2160
605
7780
53
71
4305
629
15
70
3
9
5550
51
12
783
1
9
13
3
15
18
563
1
6
1683
317
9
15410
8893
226155
6
6
54
8
828
66
38
379
17
213
1
1
4926
574
1
1
637
113
10398
1
20
1147
59
4
12322
8
1
53728
262
789
3
2468
4036
1
9
40987
1
2
135
2
3794
3
1371
3
6
3
54
30
2052
4
10
310
14969
14104
59
6699
9
91
1485
9
9342
50637
34
3
66
10291
1675
3
21
24
5
1
96
328
3770
1
2
1686
120
29
7
31
4
1401
4
373
1
2198
257
5
8
6243
24
4183
1
56
727
2
2
68
36
5
8679
3126
190
9644
373
12
4
3
315
801
15
11
6
9
24
5
4362
4423
27625
1
14521
300
2
1
813
128
7
1183
9
33
9868
15
478
538
160
129
15
39
10182
44593
29
15
618
277
14
154
523
58
1
631
2
21445
88
4310
964
630
1138
3
2641
1
509
18931
7
153
1184
15
17
2
5
1
40270
21
5
499
426
9
9
3268
7
1
1
3
96
1
106
8
134
117
10
1
2
182
11
4
3
168
80
453
213
2
1
3
12067
5
1
9973
7
8
1348
51
4782
12503
1
17
2827
35
5
1
53
1621
510
1582
1
2
6
163
30
1321
9
4
93
410
344
343
5643
456
4173
63
39
12
3
1
3
37875
364
3
10462
12
11
917
810
1
1
27
3
5448
176
726
2
1163
4
88
8
2639
48
8
6509
5415
494
1
13
6
58573
105743
1
61
30
72
11505
1186
439
18225
13617
16720
6
94
566
1
1
31794
15
6
60
7838
990
21936
32
4428
171
27
1
340
620
40
634
28
14
2
6140
3045
24
1
30
2
153
435
12069
9
1
4
3
1184
61
3821
1
932
16
6
1535
6
1
963
9
6
13360
27
17
1
73
231
82
2017
4
33
3
3
225
130
4
2
1
6
59
63
14
68
5
991
236
4
310
307
8
1589
10
3
69
187
1
1
55
163
3
405
130
721
23
2
160
35422
10
226
22885
3
3
540
197
21
5
16
6062
89
6
4
53
138
21
77
327
13
382
109
42
2169
415
43
133
19
766
4496
4
78
4742
240
3619
6580
332
183487
190
3
175
2420
1
9
1127
53
754
79
2
290
24
11008
161
2
1
316
6
977
6
3
4
4
2
45
331
146
2
64
11591
13
4
30888
3
63
5
63
4774
40
13
4
18
17
24
3
563
85
1
3
46
55050
2827
3768
474
8
108
40
2
561
3
3101
32235
410
483
24638
58
25
46370
8
1
297
165
7
1437
214604
2
3
33
5
56
8
1
63
1027
5
28
77
807
2
248
4
3361
183
660
52
2
2241
328
3
13
2749
5
39
5403
639
39
28287
35
1
7
972
35
360
311
1218
40
4785
2
427
158
933
12
2
88
4
46
4
4188
16
21
1
37539
90
64
18576
54
1
21
1
68
1
1761
12
3191
251
5
1111
1
1
10
31
34
5
2
4932
1
2
83217
2
1
310
1
4
7
4
3
47
43
26003
2477
1624
1
505
1
1313
11
2538
49
371
1448
15
64
2528
539
50
3097
1730
27211
16132
29210
29
26
2613
985
1
1
711
3
2729
737
1
440
144
5
1
16
34
47606
1459
61
5085
35
2131
30
4
100
867
112
287
125
19
236
412
49
4251
80
26874
1
9
59
2
1
160
23
1881
175
1
76
2393
5
345
33190
7
72
137
1345
51
15
711
60
2
1
2181
7
937
163
2
1048
304
68989
4815
539
1
1
15314
12
6
13
5
111
709
9
1022
1
2309
1
2422
4
1
296
22
103
1037
4094
654
55
2
8
1
17681
28588
280
30
8
3
173
4157
1812
2127
79
474
2
2
3
1
43095
13
12260
17
2
251
6
587
5178
1
3
32
1
8
236
1
23
16025
1
10
7767
1
235
2
1
1
8
28
12
18
15
2
3758
64
15
23
28
27089
3551
50
6
38
2
983
21
11
1402
1
4
3
234
49
4
145
9
313
4
1400
289
1
524
1032
5
3296
38816
274
3853
970
24174
629
2
11057
96
5
22
20
106
15
75
1259
32
54
1
24
3883
24
2
1705
337
55
2051
2946
2
2318
2949
1
2
1
4
239
17
173
5859
135
70314
1
282
7168
1857
322
4
19150
10
20
6776
1
3784
605
19563
62639
67
7
313
1
42
40
2688
35
7
66
66897
53
1856
113
77
1
1
5465
1
6036
7
447
20
10377
512
400
1316
34
494
1577
2
5805
5211
1
291
614
3
4
21371
1
3942
89
1
11
8
4
19
41
2675
26368
1
9175
4955
8594
2
3962
1
181
5
5379
408
84731
5
15573
91
2
74
1
24
6
1
60
10
18
444
2
301
11056
50
4
95
10
15
3
29822
1
1220
2
6
4289
4189
2236
30
2
3
14
8
16
11
99586
1
250
256
943
7208
182
1
4762
1664
58
217
4
17
12371
2
10
7856
7657
3
5
2108
577
1
2
148
427
3
40
16
1
57811
33
4441
750
997
3
1
121120
492
2
5
101
148
2883
618
2
194
21
1
14
183
596
1579
46
6
25
3
7
2
4
8616
4
1
20
5
4
3162
1
39
26
353
2
3
8840
2914
6
7
3
29401
2
6119
200
1
29
5183
9
659
8
5
3867
1
27
3549
1
9
7419
91
897
11
9
72
4
1
37485
2
536
15
4
3
160
15
13960
117
1707
1209
34
1393
2899
1
71
38126
1
955
1
7
157
1
41
14
8
266
2
5
76
10
15
9
244
3
6957
383
15
11
33
169
468
76
649
39974
2
1
85
22043
835
4314
12938
1
14
20
6954
152
18157
2393
2
8
1
879
18
15
3612
9595
2
9
3
223
15
1
14871
1
1
80
37
157
348
1
840
1750
5
32
7274
1070
362
27578
875
828
4
17
158
181
1
622
469
446
5728
2
56
25
1
1
685
1051
3
1
44
15
1
784
5
42269
49
1015
31
1
10
30
11001
11
8805
295
31919
2
8198
102
486
302
11
30
377
767
2
3
50
1
3610
7
1
2
10
2
855
75
80
12
36
84
1
16
1
9
6
103
47
6
118
23
2
7
1
3
580
234
157
6
1122
201
1
167
1
82
1378
2
1246
508
74
2
17
5
47
1
586
2
493
13375
6811
47
3
1004
5113
48
786
3
389
4264
22426
25
36
33
359
5
6580
2
10663
12996
70
28979
8
246
66
80
2225
1
1110
7395
1
743
8994
850
2
1
154
2
36
30
38531
2
5150
10
39
31274
1
55
7
3395
48
2
6
7
1
93
692
1
13
4124
20
2
10
16
1
83
1004
8896
3837
297
624
268
41163
45
6
29631
67937
1
180
12092
1
1
1911
2
89
41
52
83
84109
1
6
648
4
6
1213
193
4
8
1
299
13760
3
1847
26
7
235
1
1847
5
305
824
19
616
209
4
151
3
1557
10
541
44
2369
1
1562
735
21
48
56
1590
53
940
11
7
3
6
29785
399
4464
2
1
1
348
32
1
3
1
1
4
6
1
441
41
4169
4468
1
21
542
42695
1
48
13
150
167
468
39
36145
61
14
13474
8
12
392
44814
6
1
17
1
4848
3
11
9650
1
566
1
1144
22
23713
1185
131
13415
20
23
39
2540
1
256
1
22
692
27
1
32
6
619
14854
18477
1
13
17
1
825
22
8
64
3848
16
28
1935
1
5
266
581
3
85477
1
41
1298
2
24
1
4165
320
13956
50
1182
28104
2654
2426
43
14
9
937
4
790
2
5
54
6
1
228
65
1
81
70
71
1026
86
439
1
12
4
2
337
5
13833
1
17
259
55
23
1
12
1
2
13271
689
1
1
1
3
148
60350
1
1
2
173
6
1
2848
3
11126
592
1
2037
1
37
2
4
2
1
5
1
688
9
26852
184
3
53
20
2
756
129
57
13
18
6
45
1
16
1993
2
30
49
30
11813
6
3290
34
39
366
8
1
11
19567
243
26
1
3214
72
1
48
1
73
4
141
4027
81447
10168
1274
27
21
4104
1
3019
6
4
7
7
266
1962
2
67
158
23
15003
2
6996
610
2
52
169
5
10
145
83
5
2608
1353
2
92
91
917
398
18
858
294
319
15342
292
5
1597
4528
664
1509
8
626
2
62
47
26262
32
34
51
59536
7
2
1
75472
906
6
20
174
5
1
1
50500
1
6
5636
1306
51
10
818
1
14861
80
7421
1
2
104
4433
7
6870
1
2
2604
83671
162
658
3
2
15302
12408
7
6
1
1
2073
5
74330
42
2747
99
7
63
1
34820
75
1043
20171
48
24072
73
5
153
44199
2
69
1
1123
7
3
93
2
3
22
21
623
38
2158
5262
988
2
1321
36
697
4340
122
17090
2
10
745
7701
20
271
634
16
5
117
390
364
2824
21449
34
1134
1
3
12458
1
22717
3
105
4836
32
15291
239
16202
110
1585
26
1655
3
1
30
183
48
5
99
111
5
247
5
5
14
31
6
43
1
24318
3922
127
1
10
1181
1263
1
55
2
68
33
145
15
2370
50
6
16
313
145
1363
6315
75
1
20
1
13576
2
270
8
23992
7
66682
10
4
1
576
1
8
24447
152
137
9
8
1
11382
3191
2
1
56
3944
9
78
13
207
22
6
6841
4
229
468
4900
3
1386
8
1028
680
1
308
570
3
21
3
2
24
95
8187
1980
1
297
1
8
5842
165
334
2
64
61
609
2
4740
4839
15730
6
22
9
21
10
37
46
34
1406
2
1
4498
1621
5
1
6
21525
20
1
9
911
3787
539
1273
172
2
20
19189
16
5
2
58
1
25
6906
608
2
1
3007
5
4
183
51
7
5912
125
1
1
62
30
7861
35655
6261
195
31391
5
16108
4
5529
4067
6
10205
3381
105
1
24858
67
26267
56
1
3278
16
2774
7
1655
1452
4
1
28943
3
1
37
117
42
5318
7
2
70
546
1
9491
34
1
25
2
18
1209
2737
1
6
7685
165
7142
1000
8572
3456
1
55
466
2372
3183
1075
7
653
9653
1
12386
31
7273
4
1363
4
909
21079
2706
16
3
296
97
55
1826
5
1
1
37438
5026
1607
1
8
1
67980
180
1
4
1
18
1
305
60
46
941
2449
135
685
72
60
2
198
22
33
12
602
4
26
15524
665
392
2
3
4
44
20581
23
3
2
1
17
383
19
15
43
1
15635
23819
1
1
227
283
4
543
4186
4
148
15
538
1833
955
2
646
1
722
492
139
1395
3
3505
25
113363
7677
71
113
28
4
288
825
187
5270
1
3025
4143
3
58
87
1
7
1
7
15713
181
12
48
2
34
1
1
961
1
6
12916
67
8
1
8
33
23
37
7
302
33
4
28
2
2
1
4
12
324
48
161
4204
90
714
86
5
165
23
1972
3
18062
3
1
49
5
1
1
7
10918
264
3
7378
12
6
14
110
8
1
7032
4
8838
1229
1
19
4
7483
2
58
17
6
1088
11328
12086
10
5
3
3
1
49089
172
112
4159
2
33
6
8
6
95
1
260
1
330
437
2
60749
9954
128
142
2
421
50
5744
1
4
29
107
3
1562
508
7
1466
5407
53
94
20
4
1184
112
1
3864
704
1
109
10
3416
4241
2359
42
11
371
11
24
25
5
7
2
1
1251
4916
216152
11815
22
118
63
4
1
158
5643
24
2830
8941
3141
1
392
182
2894
47
1122
2851
3
11
5660
2035
2982
305
39
24
20
71
3
3
1
2
99
4662
38
27
109738
14
24
39346
2
881
5995
10009
294
1
514
2
103
1
803
7352
14
1689
5612
12
1553
1
31838
8
12
3
1
46
518
25
161
18
1
15104
2
1
2
606
10
737
5255
8
98
19
102
192
1438
508
1
133
7846
16607
51
443
26106
97
1749
5
179
4
2226
16
55608
9
28
6
97
3
1
22262
25
2
19
29
293
6
158
343
1096
33
1
110
1
81
1071
6
14336
13
3
3
12
30
26453
1
1
7
1441
459
38391
18
89
107
12
1968
3
16419
25
74
346
1
1
168
242
2431
1
140
538
1
182
1
19
10
23573
13
4
11
8
19
19
168
1
30822
2
3367
5
3
30
1
43
354
2415
190
177
60
2
2761
27
49
77
3
12
113
7
326
1420
4
30
1988
1
27
1433
2182
1795
7
296
3
1
1
18
5
311
95
6319
26
13
2611
347
4
5832
4
120886
1
9
14590
48
21070
7
59
6
3
91
1
2216
355
1
524
23
1296
7
3
4
34231
46
1
27766
64
966
851
105
72
3
2
7
3
1
2
4
18
2
18
111
6
5
10424
37
97
4531
37
1
2349
100
622
12686
27
13
326
50
1490
6
15
1200
493
3380
471
110
5
1
27
36134
21
114
1870
9539
74
12
1880
126
1
3
291
4
48861
4
2
4190
26
5
40
874
1418
1
28377
87349
136
58
1
1
32
7779
49039
144
236
7620
2846
1
774
150
1
1
2754
31
1
50
14
29
84483
31
1044
80
1
14
17
74
2
1
1
16
2
1
655
5
31
7
1
2
2
3509
29
2
13
198
1011
1
2
1
33601
16
8
3004
13
779
1004
1
2671
17
64
2
41
3944
661
1
103
113
16
22
3
2
2
8
8
1
1131
78
11
147
6
8
6
745
7949
297
724
274
36034
4949
3
5
2
125
37
109
9514
249
2
118
3
30
10
736
18
27
166
809
374
10940
14367
22
1
4
1
3
6714
1
2
8
3
1
262
2161
16
4305
34
43
11338
302
7500
1370
5
387
10
4
18458
2
17
17973
9
1794
564
2919
1911
3
595
15
3
2
58
25
168
2
51
5024
19
170
35
8
13
58
13214
1
265
82
5183
4
6457
46
28
15
7
54
579
11
1
3230
8
2
8
932
4579
1
5
9
39690
279
1
3
1
85
3
2
15
6
8
23
1070
11
2
8736
300
5322
25
34
1
13
12
13
4
36739
590
122
469
414
68
1
100
1
1
31
7282
14
1915
10793
19165
1291
1
131
7
11
13677
2363
1
1
2312
19227
9
6
2
128468
3072
181
1
1
2634
12652
2
1
39
171
4
2
14
10026
242
244
1
5
50
1126
2
1
48445
9774
4
1
164
337
16932
2660
3019
10
3
1
1
5
127
1
75
3
21
8
3378
2998
12
3
1560
1
1966
8
11
19
53
2
197
3874
9
5369
102
72
10
1115
199
3
1
1
10
13
920
2834
2883
24
1
46
49
4
189
105
8
42
2
18290
1037
17
112485
68
225
47
10
14
1066
2483
1
23203
31
12288
1
5
2909
1145
89
1
1405
22
104
45
1924
1
4761
6
11306
4845
283
2
1451
966
18
33
1681
29
1
23
261
1
12
5
3
154
8
3
2035
17169
1
15394
47048
616
43
1
59
20
1
5358
2147
17
234
1
569
1
272
2
233
593
12425
558
4
1
169
38
1
8
9
4
517
267
6
1
11
1
153
3
4
2
102
179
7484
2
1
35
7602
925
23
149
7
7
1
132
1
15
38
7
9
885
3353
20
6
398
44
115
69
49943
140
35176
15
77
1609
5750
6
511
2159
2
3
24
1
1917
5736
39
56
67
1068
293
1
3
505
646
2
1
594
1193
1
428
1
278
38
2279
73
1
13
8315
1
459
4
5
1
1
10017
1
3
1
1
28352
38109
18258
7
7022
33
9
19
3
5
84
11
3821
11
1
1058
4688
1
276
13240
402
65
2
41
1023
315
68
68058
1412
64
263
1
62303
202
5684
5
292
2
365
166
2
1105
276
28784
44
1603
1008
1
1863
2627
27363
8487
167
3871
1705
28
2918
1
437
8
19
31907
38
1
1
153
16
33
2932
10492
15
2
1134
7170
108
3
996
2
244
59
728
58
1263
3073
1610
13447
14392
5702
2
1
142
1
33
10
134
39
32
3
12
552
2051
24110
91
8
1
1
90
2
33
1
1068
1
97
3
12423
5
29
1
2466
257
24
2432
15742
5174
9
48
169521
55
105
281
2
46358
52
1
1
22342
17760
4
1
2
15
799
48
9
173
153
365
7304
6734
8
1
1
1734
78
2
323
334
6
13
18629
4
324
24
14560
1
1581
259
11158
106
14
1
3760
3
78
1
10421
1
37525
1
28
19598
98
1
76
5
2
12
31
1
7
334
33341
5
2132
5269
3
66
348
349
11840
1695
1806
107
2735
4
4584
11
553
2809
4
95639
1853
10696
1
63
2757
3
14
31
1486
82
90
1
1277
259
12
1
785
10
5862
4
9
24
4238
938
3
12
5
251
1
319
2
4200
19
25
126
853
9556
2
11194
68
2
1
317
6878
16058
4
1
12132
2685
460
19
4
3841
1
15
2
193
12
187
4
43
338
4037
1778
5007
2
9
118
431
46
61
2764
3
276
1
6
13
16
19
194
64
6
743
243
335
1289
1
10451
20607
360
24
1
4
153
7
4
7
35
1068
3385
152
4254
80
70
13
1
8562
392
1537
10
1710
866
89
113
21610
80
1662
9
4
17228
2
15
2107
18
12
170
2
550
1
12125
52
532
37
1
30
26
534
14
154121
20
7292
19
2
2
10
26
4
1
20
118
1
439
894
4
31335
384
5
5
1
2
28671
365
177
102
24
9760
8943
12201
1
3
32591
10
43
65
9
16
2
27584
301
462
1
3845
1
25
962
152
2
350
1
2
72
21956
23144
43
5
14
3738
8
700
7
2
572
88
3
23
55
26
2
53
1
7
4556
113
87
60
12
1068
3
5
1
26
694
1
306
1
3
3783
49698
137
2
1
1
3053
1
7
753
4444
1
2
18
174
6
13
1
1931
6
1
9362
14367
110402
2
3341
28156
1
5429
23
3
4
19
2
16
34
8
659
313
1
3859
1
449
4
1
39151
74
1
1550
5996
14
3
3
6
6
33
151
1822
138
75
225
4
154
8
13
3244
17815
6661
12
12
1822
4728
1
24
18
46
81149
1
204
16793
1
1267
650
391
8419
11
55
79
19
6
7584
24
63
1
32963
12
3
1
43
1
469
121
5
209
15243
968
221
1977
7
19
127
932
4538
200
34
10
98
12
255
2
197
54
1
6
1
26004
586
26
3715
1
120
1157
618
1
140
899
121
163
1
16
260
3
51
2
4536
1
4
432
2693
106
89
19
567
191
423
78
48870
10
3
23
54
286
4
39
3
1
2
616
137
4
153
46
509
9090
6
2062
15
2
3
1335
1
73
3548
170
147
1
351
2
971
2168
18
557
10
3891
1
357
7
1
25
25062
6
7
1
58
573
24
2
48
64616
991
1531
17582
466
17
1
1
3
4
1188
130
73
5896
2055
29689
1
39375
46
21
1
897
56
4389
1
12
48
5
76
5
231
1
2
87
8
1
1
676
145
2
12
292
13
587
10
4121
1394
573
972
2288
1
1850
8
1391
12590
1
45
294
101797
2
1
51
8
801
50443
14425
907
1394
346
13
6
37
633
3
2810
77
5
5662
8
4
964
21
288
42994
43
50
1
4
9
7
1764
3409
249
9
2657
85621
1
4
45
9
1
113
1
6305
672
17
34
490
738
6634
23
239
16
1
1610
2158
1044
145
19629
3
188
1533
11845
194
9
15
263
9
1
1002
8
4
1
295
1
40
8
97
13745
4
1
11252
13
195
38
24
5
11
174
5575
5
11
44674
5
1
9
148
108
13080
24
16
1
467
2
54
1
1596
59
2612
586
1882
24
14
7788
4496
20
1426
5701
2
331
7
15
1
170
3
4
40
1
2
7195
3
1
968
3
26907
451
1
7
284
11
25
71
3296
1
9
360
4896
2
839
2
6663
952
12
97
121
77
3606
82093
2292
417
1
1
868
7781
4079
3154
4
89
272
3
2261
5
11
592
27704
571
3
6
36
7364
10
451
12
6400
8
29887
55
1
405
4
94
301
13
2
4
250
90
2
2903
1413
48464
6
7
1159
10
17
1
6
4
4379
501
508
303
28
1
2
28291
16
51
3
38
179
8
41303
321
2235
88
3245
1
4
15
226
319
3
25285
26166
1
4
571
84
75
1
671
17516
4
8
1
316
2
20
4
561
1442
1350
198849
10
12
16
1
2
10
8
6
26
23
26803
3
8
1
11
21
6
18
117
533
4
2659
197
527
1
11352
1
3
4271
215
3
648
1347
1
1
3
425
3
56
305
2
7486
1
2273
3
1
6
30818
21
2
2
29
9682
340
3
4
21
4592
195
16
3466
2
6
773
3
76
3
1
122430
2102
2409
75
11
47
22
4
923
13
274
426
16
958
422
2185
2
1963
61
2
534
4
5590
35
410
5331
37
6
226
1117
14085
1
1621
72
483
10754
1
17
8
87
7
1842
1
2
10
9
132
286
137
1
376
22086
6
83
10
18
17915
2
9266
1
3
6
5
1
14
433
2573
22271
391
43
1
17
3544
7
15
34
2
746
19
16687
1351
161
11054
179
4
6
28
3
65
3
4
8605
24
6511
2
2928
2
5
1657
39
2256
54
1188
590
28
8
3
64
1
4
66
9265
23
31548
22
45
5
23983
259
1243
6038
4
14
434
19
20
77
702
16
213
323
6
229
3
4149
262
109
42
24
9839
814
589
43
78
2
1
876
102
3616
8
3
205
3033
230
486
6
3
9812
5540
3
2
15191
11
1
530
12
72
2
1
13
19
30698
681
2221
1
31071
8264
33536
1
80
272
53
28
13092
3
49
703
5630
53
62
7
1
19
1
930
382
2
2
563
4909
101
191
8
8599
17
2
18906
10
12
79
11022
155
65
82
19
80
1725
8
1307
2
1
2
22132
1
13
768
1
4749
13
3
2
2
56
5938
2642
11
32581
10
1086
43
1
83
21
3
14
139
1348
757
118
8972
51865
8
13029
239
2358
16
1
5523
1369
2
9
52
902
2828
58
2390
5
5
2
79
360
25990
6840
2
2583
35
2
1
676
3
9734
11
2157
8996
156
1485
1
9
17
89
2
1547
52
70752
1
1
74
527
14
27
2
11
1
5
1
66
1
1946
1
28
18998
52
887
7
1
1390
6
1
28472
74
5
1
2507
2255
46
5
6
1891
90
1
21
1842
13
378
6853
58
706
27
32
760
44085
1
283
14020
235
1
31
3
95
152
345
3
2135
6092
346
68
76
1984
9
6
1
17334
1
598
760
1050
1
1
50797
16
1
1
52
387
26
7
29
1
17
7
259
8
96
8
2
325
3822
2
1
13
7
1232
2842
412
92
56
1986
14617
173
52
16
10797
63
5
7
4
69
25043
2
86
1999
7132
537
3
14615
15238
74943
1
55
646
3
99
943
22
3
909
7863
283
18844
570
9472
50
1
1997
881
8
3
4
53
70
5799
1844
3
61
7096
1343
9
26
1
6
1068
7
2350
2
19
3
1
8
9295
7
81
4808
896
731
5036
2
774
156
1041
2
5841
7496
1
5260
660
24
53
126
9106
422
1136
32
128
52
54
17
10
4
1171
4957
2
181
15
988
94
406
52
16
3879
162
30
6
4
8
1
3369
4403
1
4
1835
962
1
17963
3
12397
1
2
127133
68
540
14124
54
12
2071
25
407
38
9
17764
4194
1
725
1796
5
5
3
2369
11
30099
1
43
4
63
6
785
1
1
1
7
17
1
638
33
10921
6
87
2
4341
987
11
1063
4
20
77
165
44
5
903
9
76430
29173
1
9647
1
2725
993
11
101
1
135
1
30538
7
47
117
79
2
5
5535
198
2609
468
30
1
926
84
5666
2406
35
173
45
4
452
102
1442
3
19
4
102363
37
7
79
2
10
8
2354
4367
4
1175
14
86
1
4927
4
139093
1908
926
1311
1
3
11532
10
2
86
1
100
2
3
4
2
1076
2
3
37127
3668
46
472
2
114960
734
1
3
29
26
11550
51858
150
1
100
18
4
5
2
201
55
12
13
2
127
16
1
2
4415
1
2
3
726
27340
59
2023
49519
273
4728
1
13
2
7
17
50347
8
3940
4
131
3
733
704
1
77
38
4
3
4
3860
4029
144
2553
1
2675
636
2
13
3716
81
14
181
300
228
207
3568
557
65
4228
14
5
2
3
81
102
2
14
36
12
2
2
1086
2425
911
265
103
46
390
194
2
1
2810
297
1
73
269
13
47
13
9321
1
38
146
1
418
602
9
90
278
16
103
1
31
1
8
8
41442
96
52
2
3
2
2011
63
30793
1
8429
321
290
4715
6539
10
6
2
20
1
50
1221
4050
11
10
2
1
18
2
23
134603
1
1332
1072
5327
2398
70
15554
397
2364
24
294
11
85
923
1
33
16
493
28
1
3015
3
2256
4
13668
4
276
17
7
599
1172
12862
17
20018
1274
4954
42
1
1
1
41
2
8
2
13856
274
8
2
170
3
2
10
68
2
19
2580
16
2
5
26255
5
4
23
3249
789
15872
35
37
2
29738
4916
1044
1738
120
1
1046
55
3
10
53
166
144
759
1
80
6
958
1
7422
65
9615
6818
133
656
13
50
138
148
537
2
285
3
38380
4
10
26050
1
2
870
14065
6681
95
119
105
22
6689
1
1
46
2
34
1828
4
206
1
9
11
5
10732
55
11
41
274
13167
2
4
1
1114
1
1300
18
883
101373
1171
2
356
2
46
11
4
74
6
61
1
7300
10
27
18192
136
1
2546
19521
60
2
229
2
5164
2237
606
931
18
26
2
17
5507
20
1
717
21
53
6
11856
72429
147
1
3
21404
155
76
87
2
1
3
5
3034
1
617
575
4460
84
1728
5765
31414
51
25
1
11
3
753
1429
4
38
20474
390
5
331
17
1203
386
15740
16856
16
136
33
631
118
106696
278
1
221
16
278
169
3
2599
98
1
51
13
474
1
18
1
5505
8
31
65
202
14
1
125
1
195
3065
2360
8
121
15
1
1
104
2
13
779
2248
19
3
1168
1197
31
146
221
660
33
533
32
1
176
23
8
146
1
21
114
1
32
4
10510
819
1
143
21149
8
1435
398
36
11196
17
65
6
30
1
57
1
2944
10
1
4
17
588
3
9
81
5
2
66
8235
2060
607
63
1203
30
110727
29222
410
13
219
3
363
6135
8555
1692
1
21
6474
1743
35
187
8945
106
42
20485
57
1125
1366
11378
8423
1
1
27
14
8
220
585
1
76
1
10339
4
6337
19
213
2
10438
597
15976
1
25
637
5
3
220
1
91
7031
289
525
10
19
521
10888
83
2
130
2167
3
21856
541
2
56
2
12
12
109
151
16
7
71
2
3
2138
81
1
18
14618
27
113
30
17
22152
12
774
1069
1
100
2
53
94
1
91019
1
10
1181
131
212
25
18
8
26
2186
7
2
79
123
7089
2268
272
859
42124
21953
1657
1039
631
22
901
2
36
658
7093
1224
1833
200
4106
12
167
42
5175
34512
21
2312
10
3
1231
34
6605
12
1
86
49
591
2
43507
3
1216
2
31635
2513
353
4
1
1
282
1
73
2
1247
1
6
9
491
3
2
12719
249
94
298
390
2611
1
7
29
10630
131
80
2
251
12
803
14816
6363
58
30843
182
2182
372
22
4223
7
33
5168
2
1
1714
48
175
414
4
25770
21
2082
3
1364
1
4
975
6961
330
8
3
2
1457
43
2
49
824
4
4
83
181
27
187
47
291
557
3
5415
464
213
2030
368
107
146
84
7894
1
1953
830
14
255
3
8
2
2518
28709
1
56
66
237
2
15
1274
3
42
4
28
1890
5475
5471
599
13
1
1
5075
76
528
14
3
2
502
15780
1987
1
30
13
9550
6
49
50
42
695
20
84345
616
1
6
2
320
1
9
745
30
6230
7
60
84
88727
1543
37970
10100
200
341
90562
3186
241
3
6680
41
2346
10
2
381
30
14172
5
1
1239
3
3
10
10
132
454
36
29
455
15769
14
6
6
8
114
1
45739
3
22
1
183
23
42
7733
41
1
31
100
170
46
37
1
315
23
283
10
1601
10911
21
48
3
2211
1
2
193
142
1
286
44
47227
10294
30
1
181
1
619
3
14
7260
6
2
19055
185
118
1066
5
75
1
66
1
7
2014
439
439
4
264
39
86
36
851
1
37350
2112
3752
631
4
358
22
40
166
12
16
18
9
62
2
16
70
4
1
2079
21
61
3
1
236
1
2
16
3
1
34
172
311
22
1
10
3
14
3
4
80
115
13
496
1
4
254371
1
943
2129
61
27
7
1
22314
26413
23
1
639
14
359
917
7
521
3
29
5953
2
179
10
152
19543
229
286
3
1
203
232
1
2656
80
15
82
3
290
1098
1954
2880
4
12
5
24935
607
287
595
15564
1876
6
320
2
4
3
4065
36
46
1
408
8
5
5
2
28
383
30
19
945
681
9418
23
108
58
1835
44
468
1
6
3958
155
5
55
954
4
2835
23801
59
9217
178
5
67
1
16
57
3
2
4710
80
3
6
11
30
1
351
1
998
87
12
17
4
9
9
1401
7
697
43
2970
19
13471
5
78
103
10
229
111
149
163
25
1985
4
54
259
6
2174
14
118
7
7
98902
168
103
2
8022
1
4
24
3204
109
7731
10
1056
309
4
47
396
35
10
1
2
40
5138
5
2
40
63178
14110
4
42
391
15
447
9114
1
1861
3
37
35
2125
2138
7
25
993
10
149936
27510
30
3
1
293
1
16
18252
1
2
145
97
4
17
2
2
34
9
6310
30
2
2822
1
659
29
9
135
99
1124
33661
3105
303
5
120
6
10291
3
71
7
5
25624
8
5070
4
4558
10
1
25
25
3
1
3478
2322
9252
11
475
1
103
374
1
3084
3
3445
55
49
9
3263
116
2
93
4
8
5
1295
1753
9
27
77
2316
5
7
34
96
56
2
8
2
1
398
26180
145
4
6555
6474
2
1
10
223
3128
1
5
60
8
1
2
5
789
2
30
40472
1
22
1659
15951
4
597
3
23
12
6426
28
2
22
50674
1064
705
2
204
42
398
643
58833
2
1315
1012
281
1
17
116
110
9
2
202
18
105
3583
1404
2957
2
6
59
3
3
1793
6676
3
5
12223
177
2429
24
2
131
14
9
6
32
3
10
11
156
5489
4
126
426
7358
9
29
371
1
2720
1
818
1725
1
190
3
110
10
5475
22
34
68
106
3
150
12
206
2
2259
3232
8
2
7990
21
23
1
20
9226
8
2
21
1474
9
1
6
2
1
33
1972
8
87837
39
2
44
12
30
15
32013
2
5
5657
1
93
425
117
3070
4910
189
1
6
193
30
12
1
193
66
2
142
1105
1
873
6475
1
3
2
5794
2589
8
4
13
198
1
431
100
152
794
14408
6
1
1
3299
1356
122
10
4444
5
248
2
15016
454
1053
77671
17
36
12038
1
53
603
26
131
5339
2
461
1
2581
93
7097
321
1026
34
24711
19
1046
241
3483
2
2058
1402
30
80
8220
3158
407
5
2
370
51
1
13
16
2
8
1277
95
23923
17
1
20
70
8
1
21
3
8
92
370
55
38
17
2
59
1
68
5
2652
2
1
41
2046
464
195
10
95
2
138
2398
13
2
7207
7
4500
6
1000
432
69156
30551
727
919
2747
9
33495
31262
99
63
3
6244
1235
11224
4
15
1
287
3183
230
16
1
5
56
3890
1
5
41
456
3
120
23
1
4
18
8
415
1606
1
25
5375
33
3
29
373
56
3
13
27
28
3
34
30918
2
4
8
319
525
230
207
596
16
5
10
2
17141
4249
1
12123
121
253
6
78
1891
323
31776
1
8
7
380
103
2
1
1
1
256
44
9
41
306
3
192
9286
108
25
48
40
282
26
1
97788
53
1
40
3663
17
3871
8
6390
5558
16
215
27
3710
19
18290
27
110
2
5
1
1019
400
69
35
215
8520
3
8
22
441
6010
1
979
88555
2
3649
1794
1
56487
17
95
497
52
90
548
32
293
52
13
17446
113863
2
5174
182
4
11985
2
2
2575
6
332
79
32
46
1034
393
150
1780
58
734
135
2
22454
4
10
2111
2
6771
174
587
1
1
37
10
2
2
560
4
81
14
7574
1115
22383
5
1
16
2540
9
229
421
103
861
6
3166
1
504
11998
26
4
13117
34
2
3
1
451
17
4
1716
2359
14
16
19
1950
10
1199
36163
1
89
1326
27
1
39483
10
4
10
5713
79606
573
6
29938
179
17242
5
21797
5
6
1
2
29
30926
883
18
314
78
2
4
137
22
32299
62
17616
5
221
67361
1003
335
15
8016
122
1246
78
145
4
7304
3285
20168
780
1
9
1
16382
89175
1661
2
30
14
27947
167
1494
3
862
953
56
2
28
1
3
2502
183
3
1
1122
175
98
19392
737
1379
1
994
1
4366
45
37
192
12
15
103
69
55
261
23768
662
1
1
401
359
6
68
1
850
38087
3
957
5672
1
443
4731
6665
517
1875
19
6
670
2761
499
909
478
2
2
13
19
1
1
199
1
1
4106
14484
27
16565
70016
1471
12
181
2
63
9
6269
76
3296
18
1131
50
2341
1877
30865
54
14
258
19967
340
2
6
4
902
878
6
127
106
1
8565
9
544
14
6
137
1
4
1917
76
31
9996
608
6278
7
1
266
29
84
1
2
1
348
2
586
16696
3
13
13
1
9
321
457
3238
1
2
13
120
3192
1842
684
1440
1
121
10
2236
3354
270
357
11760
43
1
5427
6
49127
35
157056
72
54
3
1
11258
6098
573
444
1156
2
7982
436
479
1584
713
489
20
20693
105
1
11
9
412
10
2568
54
22
1128
21
4977
100
2402
1
1
1
10
2
1
19
706
129
253
2
6
1
240
347
1
1942
54729
6
906
1
36
39456
11
4520
35
8
53
1365
21
9
1589
1
46
42
13995
25
128
70
14948
132
1
2
7
1761
13
3362
4
16
41
8290
69
899
50
1
7
21
1580
1836
128
33
1
1
18
516
188
1353
40152
80
93
53
1051
93
1
52
5208
68
8886
116
116
7
59
319
309
3201
38
3
73
1
14
3
6
44
40
16
9
5
1
3
1
96
4
8
2436
2702
105
642
51
7
210
15
11
231
64744
4
33
25
96
2
2
4
578
842
334
868
19
8
1
290
1
19
15
189
2051
18
33983
2659
13
1147
56
1
1
378
2
25
6
115688
5723
1
8
660
95
1
1
19
192736
23
3
25477
80
152
4009
12803
77
2770
3
358
2624
441
102
6
4
2
205
404
283
7
36
2
4
7491
13
1244
11
1
2068
39
255
2
11
78
115
1
1
1
2606
446
1
1
2544
1
89
18
592
1683
56
253
75
79
723
980
19
46750
1
18987
815
3
167
877
167
26
2739
19
62
4524
64
47
32
834
1222
48
2100
6
5118
427
51
2934
11
61
2
7
1786
4
51
34086
1
1134
3132
1023
147
26
3
1
2
1
3
157
6
76
6924
7483
1
138
54
1806
9
16202
1
10530
4
12
5
6
14
7171
307
3920
40
9
5
1
13
359
46
9032
9507
310
74
2
10
1
11
3979
3038
4491
7
1
1
9
74
3
14
946
1
1
2
143
3
41873
5
1009
36594
1
761
1
2
6
2
1
48
5
15779
43
182
80
50604
1
6
2
19
125
1
663
17
4
34341
4281
15874
51
356
311
874
497
232
690
802
14
451
6673
1489
10296
10739
198
3
23
1
222
9
7
1738
1
74
2
1
7
35
1273
61092
119
16
144
6442
423
1
19
2
1
234
1
33
2393
4
1125
7175
63498
11
53
12
8
16
1
4
7152
754
19736
929
9
171
186
479
3
2
4
31
6
46
2
12
4
48
2
21
64
2
8
24
128
18
64
5180
3
1
1
13950
2
6
2
4
22
433
3
4
1
201
3954
132
15
16
768
116
5347
15
223
2
313
1
1
6
247
1
496
126
851
26434
1
852
2
2
10129
2
39439
2
3
17000
414
27
9
129
446
159
49
37
1
1
1
7
341
9
793
591
5
9576
67
32
173
57
4687
1
6
136
53305
57
127
518
1
837
41
561
19
373
35401
11957
172
7538
3517
36
287
6424
1
521
48
11
385
12
23059
395
4
2792
147
527
284
1
286
2
324
13
167
3535
8
1037
1
56200
40
15307
1
945
1725
1
1
6
1
42
55
1
6616
649
9
1246
112
1
975
2
6
60
46
27
144
131
1
2
978
26
28
1
11
6
35
44835
1
1
24
1
38
166
7
10188
55
738
8
11460
18
194
27579
268
8
2
47
1
8238
551
32440
13
254
1
1
69323
678
4291
1954
77
213
8
47
440
194
6
7440
3203
35
879
261
10
2
3184
10
2
6355
194
163
4993
5
75
2805
4
5
644
886
134
343
162
421
8
5224
6
746
1
2
1
1
3636
11
45
1
37
2
1
7
1
7402
183
1
286
5
18801
3
1645
1947
24
2
1
1
186
8902
11
87
246
7469
2092
7
253
54828
27820
4694
47
2826
8643
4603
28
5108
740
6097
140
1899
86
1
2
2
2
1
79
2
7055
349
1797
24
685
102832
137
228
5943
113
10
6
17185
1
1187
3
23
12
1
52
3
1
116
5306
6
36
49
1049
2411
1
2
1
4
131
3
31
1
41
137
1
143
121
85
571
8921
80412
3
59
5
10748
18
20
2026
1952
2891
106
14
5
20
397
157
1986
7
1365
628
7
417
1
76
11
2
251
5
79
95
112
4321
2
4295
4
1
8
1
15
1
1089
5
29
319
2610
108422
1
1325
13
75716
44
898
1610
263
815
17633
3
74
105
12
4081
10
124
49
10
89
12248
3
12
36
236
228
2285
978
6
22282
22
261
1736
5805
438
13331
1939
15
8
5
2
1044
3
2
430
495
5
27
13
15450
15488
11
3
121
27
41
4
28
1
2
1
455
4
1
598
196
3
20
28
1543
183
795
351
1
8
197
517
986
1276
48
788
2
903
32
14956
5
55
558
7002
78
2
10
44
1
1
24940
1
85
4
2
177
25
131
340
9923
337
46
2
13
671
3
4
2
435
1496
2
2708
197
4805
380
20720
7
5
33
92
14
685
341
1
2374
1141
42556
150
11281
219
31
81206
12
16
1
1224
51
3
138
23605
21127
87
3
2
17
2
111
13
1
1844
1
8
3
443
2
35
1
79
1
16495
8
195
9
72192
94
4
6635
1
1
77
1
19
5
35
21
582
26
26739
1
33
3299
134
1019
10
21168
1011
1249
41
4
6
1
4
17
8
114
1629
163
2
46890
835
259
3
16762
25
670
33693
1819
74
81
410
199
201
4014
136
1750
71
4170
4670
2
1
18
4
34
20
3312
2
106
1
8328
54273
7
755
83747
3583
1
309
337
4
14563
4
40
4315
504
8
1
11
2
46
82
9
6786
84
87
8
167
4
43
63
662
5020
1
13
115
7078
170
41
116
22
4
42226
56
695
54
39
8
1
10
1
1
110
19
7060
1469
7
3826
1
8
259
6
777
33
12434
3
27
1
1
4
2013
178
251
39260
21
13
26
382
501
2109
7
6
1058
4395
20293
54
1
9
10441
1222
28316
17812
216
793
2
20255
43
94
137
59
203
1
1035
32
46160
229
4
185
2766
39
29003
46
13334
1
414
177
1
51
436
3920
30
83
267
32
6
13
1
564
7025
3
40
1
1
548
90213
82822
36
69
9
20275
1
43229
26279
26
390
1
57
13198
310
9863
3
8
10
18560
916
1
2
428
3
1
144
1
5
10
109
2
1
373
30
1046
11251
203
6
1
1
23391
25589
5
1
1500
47
6
25
7
1191
7662
2745
821
1017
1
3029
9027
3
1
18
1
15755
19885
104
32
35209
4
438
7
7569
137
229
33
1
673
19321
9006
1105
17
6
10784
5
10865
11
5
4050
1
7
1537
36
251
74
108
28
6
1573
453
2
3
10
1
75
4
43
1414
94
2
625
1
1160
187
69
1
1368
77
120
38
22
12
2
150
9
3
29
18461
16
6482
70
170
13
1
394
141
16
3
7
13
9579
128
1315
1515
12
18
1199
3987
4
68
2040
1
1
1366
1
1
25
6971
11868
30
201376
2
17
83
1
818
1
4
9914
2
1
8257
12
36
16
4960
2
1476
33108
11
3989
700
1
1
53
14495
3
634
2
13
7656
491
244
908
1
224
9
11894
88
1
467
2
19
7
19
1
164
4
9
4741
2350
18459
1155
43
8
2
1360
21949
6
134
33
349
3
57
8076
19
3321
939
33
26
4
7085
6
10
55
3
20
1006
36
630
1
493
1
7
24
1
457
40
1
2
69
2
384
48
60
14
652
10658
11
121
1
2
101
9731
1
5
15
10
11
28
358
3
1
6
27
1987
734
215
2
292
679
1536
1
634
4715
1285
1351
947
8
20
55
1
75
21588
16
17
1
2422
2144
1
1
1086
3
1
1
4288
75
2260
180
36676
762
116
447
10
14
14
4
11
3689
17
28
34
399
1
3
3
11
4
65388
911
10
3
182
1
533
2
2
2348
2
29
2
45
8
1
2
12
72
45
22
778
559
191
90
304
1
39
8
7780
382
39
89
289
78
17008
244
3592
742
6
7145
97
408
7027
220
134
7713
8075
19
420
5072
44
16
4
66
2390
520
1721
54
21437
3
57
2532
4464
1144
34387
14
66
5
396
6068
70908
1006
1763
1
2
7
194
5156
21
3
333
131
11
3
59
1
768
4
796
791
2
2
1
4317
1
2342
52432
5626
1365
1341
2684
35578
2
1473
12
5485
7
12
98
21
14
2256
7
8
217
411
2
824
2971
88
4
1
4
90
9
16
3
26
4
30
1147
19794
2
5905
384
3413
18
13
1085
3345
22
2
9
168
140
6
6648
3096
27
206
1
19
7912
8
12896
45
125
105
7
639
1
2
200
5
864
27
35475
647
1
265
6
1934
16
254538
2
84
9
8
2647
275
1696
1027
330
1809
275
7
4
127
1472
19
67
130
1
1525
6
61
9016
1
3124
11
6
16
56
10856
25
416
4
15
207
2
3
177
92
476
115
250
2083
6330
1
14
209
42
5045
556
48
6
3886
138
354
4
1
30
6
1
35
15
1
5588
3
582
69
569
3817
109
1287
1
642
46
1575
17421
7
3959
49
1543
150
20
3492
187
56
2
2826
16062
2
6
329
2780
1
1857
23
25
6702
214
9
1
33
28191
2601
1382
100
1510
252
1
18
3
819
181
94
1
52
1
26
2551
65
12
42
1
8028
991
2
24
1255
36
2
810
24
9
5
340
3204
9
4
506
4
3
1
3
31
3623
1
2
14
22
32
5
4
13
2
33
1
1
21
1585
3
58
6
10
1
22561
31
170
252
20
65
30
1
71
1
31
2
1
1267
1009
2407
7565
11219
161
23158
7
1
3698
1
2
9
3986
2
51681
3
3993
22
14
311
4
200
3462
87
118
1
5
3485
8
1
70588
28
19
3913
7
1
1
323
531
3
7
606
18781
1786
45023
19259
6235
38
1448
7746
5
2
167
6012
14987
179
3
9
26649
28
125
16
51
17
559
965
184
1
197
4
99783
1102
900
25877
2
1
117
2
195
8709
1
6597
4
7
3
23
1060
3
124946
458
421
100
107
2
8
706
4
2
18
9
101
2482
403
1
1
832
2
12447
29
456
20684
9
79
5
18
12
1
2
477
1
1
241
14
9
2
1934
6
2068
51
2
621
20
7
4
6
1450
736
28
354
1
55
7
1
6
1
4
9899
9
5942
102
532
2
23690
1
1292
49
1
2
289
6103
6
3
5
200
1
8
12723
2
18
11
151
2346
19
34167
58
1
2
496
101763
2816
1
1894
1
1
169
1
919
50
85
2919
48
179
1
2237
2
9
270
7758
4
1
53
8
367
14
39
178
5
3
2
2890
26
99
2110
2
1827
361
12
11068
32
12869
87
724
3037
12189
30469
866
11
1299
104
1
54
9
1982
1
145
96
8
753
3
30081
5
40
1
430
6905
1061
63
2
33
1
3
16738
237
5332
1837
13
17
3
7242
41
231
12786
781
17
465
126
29
5
2
10
10174
1493
374
28
11
6294
6
838
5
588
2
3398
361
120
3
217
6477
34
28
8
463
4857
1358
2
249
785
60
3
1
57
8
3365
251
16
29
579
36
29
8
195
1
15
279
46
1
7293
6
126
75
338
1
42
390
1
61
3
10
145
1233
50
1411
8477
300
5
3
6
64
1211
41
1273
31386
4092
672
1
1
2
1940
17593
193
44657
20
294622
47
47
70
60
10409
1
1004
38737
1
24
224
8
11
11105
26
70
4
19659
4
12
49
953
301
29311
6
7
14
206
2
1733
1
1
11
398
2
89
18
6
2
644
76
6
91
5
2
159
20677
1694
43248
4
20
8
2447
18
2
2605
17958
764
1
10620
126
1
104955
440
6
11
271
362
1959
1
2
232
835
2
1
12968
2
3476
3815
25
31
28137
1
4992
30
9
1
12
32
5
3879
4370
987
34
3154
2
2391
130
7
405
17079
703
207
11
5416
1
888
9
6
15437
890
2
303
12
76
9
521
716
4
1
172
1
59
54529
29
16
63
38
10
2
7311
738
5038
1
14
1306
1469
8946
39
23403
4
14573
3015
8
14
41
211
5646
15
4159
4433
1
1127
2
34417
6743
2336
22
342
155
899
28
272
490
1
11219
100
6
1028
75
124
2171
100
31
6
2
8
11404
338
58653
91
10
3473
393
21
1
6
7
1
415
104
170
26
7
36
540
9
6253
29
3
3364
2176
39
37
100
16
880
539
1
1
153
3
118
22
1892
178
15787
58
6
7740
56
744
5
3
5
184
147
1048
36
398
296
100
12099
22
12164
383
264
2366
4
78
36
35
61
3477
9
18
97
137
7
45
6
8626
10
261
913
1
379
298
301
1
38
18
29
2
1
3244
61
71
1550
377
4
23
5
14
292
12424
1213
30101
1
10516
26327
10
3307
25556
4231
3
6363
43
565
546
1100
2
4819
72
4373
19405
4813
44
7
17
15
5
815
1961
1
555
15
1
4
524
6752
649
150
75
169
46
617
20653
946
951
1
833
50
4
1002
1613
16712
75
1
121
446
4068
17
58567
142
25
260
8
3
1
16416
69
18501
66
2
311
196
15264
1
20308
1
5
415
3
2
362
1
128
153
17
1
24
1
4988
18
8
9946
145
2
8381
5
5519
758
13
7
8
1
33
21508
1
3
1
2
5
155
2
291
159
8
6301
1719
2
60
1882
6
802
23697
5
824
8
4489
3489
61
2122
1156
876
9687
1078
60
3
8
1208
32370
983
70
4
1
10
13913
2
5752
1747
1704
19
2
3
138
1
4
1
46
365
3
11
39
813
1
2003
23529
1
3
5
53
1346
4435
12
180
138608
16
84
296
11484
1
11
26
26
9
26
98
9
13996
32
15
724
21
1878
231
731
2266
5
11
148
7
1
5187
1170
3511
78
11
890
9
1
2855
1
13
5
653
1
3
225
50
2284
404
1812
28
2
119
6223
539
8
199
3
7
1
2
17
2450
3
221
3
1
192135
35
249
18
26
1
335
56
59
2
1301
2868
138
2380
17
5321
14
111
85
575
1183
8
4
1
2
37
12
2171
66
2
368
2
354
1
23
375
8
18552
7
20
4
1887
17609
321
249
100
4
9172
53516
4
21
325
79
274
2190
101
1
8
4
102
8832
23
2440
85
289
1707
3
4
611
7268
7578
3508
5130
61
442
12
1250
1
4531
14
1
4
8
7
3192
6986
725
213
1224
1
2626
10006
253
202
2
159
3444
9
3485
120
8
157
33
3
7
3
13
68
2
1
30
99
7
270
39
11158
260
1
4605
111
1169
8766
28155
237
9
1
65
761
5284
159
43
13
1044
12
160
999
8
45
123
51
3
1
241
2302
722
15
2
14
88
2695
10521
9
362
18
1
3
53755
48371
611
18
18
24
53854
1
12
402
507
563
3
20677
2049
2666
14
120
503
6
52
31
1246
421
10
2568
93
6
2827
215
323
588
116
28365
2
1
1
4
386
512
1638
934
9135
5
11724
1
10
1609
13
162
3
590
146
3
5
6280
1175
75
14
195375
57162
908
5
2427
165
2
9
6
14
44
71
10
29572
3
312
9
457
1847
51
8
16022
24
88
793
6352
3
2072
76
2
18
2
2340
4980
1
2
44
3182
1927
1
5
28
225
2
7
1
723
10
94
1
12
510
208
106
2
7
17
1
19440
437
2
882
36
26
4
26
2
889
1
8441
6
10
122
3679
1144
1
304
1
1
19375
1
4
3616
12
6331
15190
23
14
3
11
1
7
5
325
1190
877
133
596
1
17660
1558
2
74
209
1
352
2886
1721
8
220
3261
13
56472
33
145
14
2550
9737
1319
11
1
11
23
30093
2021
6
9
1
268
743
30
4
138
10
2
1
3
1003
8776
10
10
3564
3
36
132
9
15
41183
20
378
111
84
1
6923
7
210
2
22
67
3
17
504
3
614
5
18
1
5
1
1
71
39073
4122
56341
67
6076
45
5
9
1
4
11438
54
1
7
681
1
1508
2137
386
13
1991
36
3
1
220
777
953
4
456
85
14
166
1662
12
3652
113
1254
4
373
29562
539
115
8
5
145
963
15
19
118
40953
10
5
818
51
26
9
1
7316
17
16
1
115
199
1
21
26
140
2485
70
1
17901
5537
19379
9
6993
1
3
1930
8
11
1
183
29
98
1
41
7
2
8
2
80
13
4
66
2
3657
19
8
5
503
72
145
15715
2403
301
71
21241
34
1681
13622
2
733
65005
2
228
1326
55
88
25
174457
1
8
6644
116
1
38
182
2
2146
5319
2
1945
1060
7
206
646
2481
2
4
47802
1
444
9
31
9
1
5
44
3
342
1
22
1019
1
27404
2
1
2702
43517
783
1524
12237
2
2
12
1
1
3096
39
8899
1467
987
3953
20
135
10
24
38
3
8
30
19
35
4473
2587
105
474
3
9574
3
1
1
237
26202
5
23
31
66
2
8642
473
5
137
74
2628
1547
4815
11105
2473
59
176
6
1
8
4
1
199
5
5848
205
4612
34502
2
16
6
136
152
1997
2
113
9
446
6
7782
1190
2
1076
3143
215
5
24
9
246
1626
476
130
6
1556
47
4
2274
568
246
9
142
50
3
1
40
13
1094
192
133
2
56
5
1
1
11
2
3289
1380
8148
10068
3
16
11
14
383
1004
33
1661
4
1
26
4
2
53
35
12
37
5763
16
12957
2167
79
85
536
345
71
10
6
1
8
808
56
5685
144
1303
20
2
1
401
4
25
54455
5518
4100
3182
635
1
2
59
1
189
722
254
6
2
483
55783
608
1283
683
120
2
121
22
31
67
4
57
648
98180
1
2
2
7
1560
685
8
262
6
5
2
28
112
8809
107652
1
1
4
73
11983
26
5705
71
42
11817
757
17867
443
13
642
69
3
5206
3
38
18
1
24
11
743
1
44
13
6
1159
1210
508
9
1056
1
73
40747
17542
1
42
30
29520
4
27
25421
14
2
1
20
10
121
5
56
15
104
182
23
4189
24730
31
3
216
1
11765
1147
2
2
1
63016
4002
22
2
162
888
30655
1
5563
1
1178
90
273
1
1724
15
21816
2109
81
2
2
1
1
5
24
1
1
1965
481
10
34
1
2415
4
5
775
3522
3
1327
1789
30
35
5
3098
1
6039
4680
69
843
8
859
24
3732
1044
678
2202
124
111
23386
752
1
3
4
105
8462
1
4
2
5
26973
1
57
98
26
74
716
6657
99
1
1
193
59
7549
191
2248
2
1
20
108
2
8713
6
41
2037
540
2
7365
147
1
101
1
108
1
12
75
1650
1
1
5
29297
331
685
50
25
65
3229
1
4450
10
2
6
12
5
649
28
2
1
158240
2980
1
1
44
2794
90
105
441
37
616
4684
3
1
4
1427
5133
4709
260
24
5
7558
1214
3
10
262
3
877
1400
5
4351
50
1
8523
250
167
6148
2
44
18
16
8
2461
4
31
9
4714
63
24
727
200
2630
614
67236
9293
52
4
85
6019
3
12
2
1
13
166
46336
4
1
4
30
1
11528
106
6
12873
608
4
5
13
1
3
237
1
3098
1
5
1984
2
3986
3
1
1379
7382
6
34631
35560
3
1
1
28349
1
1
10
79
1
39979
9
42
8
7100
1
51
10
2
7306
3
5
12
3
1
48156
4342
330
1395
90
13
370
2
56
22
30016
6
1
1505
33
9313
68920
548
180
20
5
1
84
1
8
6
24
16
2286
11155
88056
3
125
100
1325
69
1750
1869
1774
1
41170
2
1
1
7
613
2
1
44
39
112
19
138
1008
9
175
1187
3
22
1
79
30910
1
25025
14
125
479
69
1871
49
6
4932
3
786
179
97
1
4
40
1770
2
4
81
4
26
2120
1582
5806
44
236
7
147402
1
27020
29
11
63
1
381
106
3354
46
14391
6880
80
102
89
3
6
2
2
67
91
2
6803
2
401
2
793
54727
4311
4
24
222
4
6
14781
1
391
2311
6
37
42073
6
9262
2
4
13
16
1085
5392
2
1
4
4218
42
9865
8
2
621
21
203
184
20
2643
68
2
48
36
14
47
1
121
22
816
18
71
300
1282
2
3924
471
8
30
27
1
315
6
12369
5
5
53
23
16448
30
1
154
1
951
310
39
1
64
2
25
32
496
126
55
5
8194
417
109
8131
1
3
2
9
28
4
17
110
1057
2
5
23
45
1
215
14
25233
4
78
6
3
136
340
1
316
3
2
7
79
4
70
121
1525
16
30
11886
157
1
54340
394
41129
1
6
539
126
16
21
318
5083
131
1
17017
3
15
78
1496
3
23
2
1321
7850
3
16987
275
2
2
1
12091
491
267
6
3
107
3
1
533
1
10779
23158
16776
10
1511
86750
14
111
108
1
8512
2
86
723
169
17
10
3
1744
393
1179
898
5
6
19
126
15
9
13
2315
223
13
21
1510
319
9751
26
109
31
28
32
32
193
2
1
14
6672
62
4
2
3
38
29
7491
5
14
3
1072
336
245
11
11890
1
1435
25
47955
21764
249
103
56
31633
2
31096
6079
6
1
20141
844
4
168
81
19
352
138
10611
60813
1
73
21
35
3669
66
1420
35414
67
14
29
120
1
1
8
925
10
2336
76
4
1
5863
10426
399
17317
9776
4
2185
2
353
2
1
4
2169
2
1
174
2
933
44
13
34
25795
37
1
2
15
9
10519
2
9
5
3
7
214
4
976
1
1
4
1
37
10
101
5
80
703
142
39
141
1
48464
1
11
4
30
1685
78
6
515
2165
161
453
181
4
75
25
1
9
1406
2
9
5925
1
11
358
3820
3
28
1752
797
21543
96
8744
1
437
57427
2
210
1444
4985
387
3
13002
78
44
314
1
222
4
9
493
653
1
64
2115
3
4
9
2
1
1
12
214
309
63
2
13
37672
3
23
2
404
15
2
10
4
14
1
18
3599
1848
1
3787
19415
13
5411
50139
10024
6
7
5
47
584
1
790
528
238
5
2
1
30
12
23
3635
2
2
23
4
317
5
7
222
2
4
2376
46
2
48
624
25
6
62
430
1918
295
54
2
2
1
2061
4
125
8
80112
5
10
2
62
62
1
42
398
33
12360
2252
9
340
312
109
45
1
180
5714
663
173
639
1460
3800
77
131
5314
1
1023
2753
1
57
524
1
6206
110
7
78
158
35
64
2
51
736
9
1
31
815
2
20
5566
11480
170
13594
2
5166
10
4
4
31
6
8
1850
29
13
11
236962
738
2
79
11
181
43
6
798
58
8
23352
1
17
5
1
28
3
1
8
290
78
279
4
839
252
21
127
1
35
93
150
93
210
149
31
267
4242
3
7
1
2
3
4
868
183
31905
26
100
21
239
331
74218
1
1
1
3
199
59987
70
63
8
9587
2
49
1
3183
101
3
10627
31
25043
120481
21
73
26
204
6118
15
2963
14
1018
8
190
711
39423
2
1
13
8
5162
488
3813
35
3
1781
25
28
33131
6
6761
2087
1957
2
219
46
27392
36
5924
1
4966
30
10772
2
287
2
6
19
1
5
1
6
291
3
86
3275
4529
5
238
84
23
337
1
1
2
1971
2
3
5
1776
82
2
1412
5537
46
23
182
16822
204
746
13
12548
392
155
239
5
1741
87
156
1
172
1
6
19
1
140
67
1
256
2
1286
42064
19
1
1
9477
332
236
1
1
136
1371
27
2
11
39
2
286
1568
24180
1125
2
55
15
361
199
20
2
14773
3885
6
338
2146
29
33
414
52
22405
45756
13
27
415
460
43
176
10
191
12
29
25
2392
38
69
919
600
26
2
4260
15138
40
4
2
6
3
40573
12192
6
218
18
6
62133
9
9680
26
38
5462
2198
26
130
1
44
507
16177
54
1
30
4868
6390
19
3
2288
4292
50
337
354
2444
52
632
4
1
20
3
48
52632
2
159
2
21
734
1
396
5
440
9
31068
1
26
3
4
16
1
1008
2
2391
107
30
1
5
4
78
529
1
23
31168
11
9
2
98
3
3
24
6
41
3263
217
1
8920
18
1
6
266
2
8
183
142
1
45802
3946
9118
213
6
6
94354
4752
2
1795
88
9684
1
1
11
8
1113
34
16
7770
29
17753
2
1405
1789
21
1
6245
971
704
9
47
109
28
4
10
434
2880
1329
2
26827
1337
529
6
11626
1
59
2
693
40
1
4
5
1380
2625
2
202
45
10973
9
394
82
1158
10
3
8
1400
377
1
1098
6965
32
2
13
1
23
84
27
21
69085
1899
724
2
1
750
14
8
6
44
25
88
2260
3
777
1
1
59
2047
747
1469
5
84
690
44
37
563
400
9
109
45
1896
14230
962
247
358
1
4452
3769
1
12834
2
17
2
1463
106
7
924
15
3
1
1
1
19721
1
36456
39
14292
28
5295
31
1
3
5394
14
3
46
32
41
629
2
1
22170
1
263
4
4
17
17572
5017
2586
228
170
4
2
15
1
13
11
16
119
18
15
36
84
194
11113
344
294
182
1
1
1
1
3033
14
270
2
7
16546
1912
322
69
44
2
5
26
35
4
2
2
106640
55
40836
33
3
36
220
71
5
1
17
3114
1
236
1692
1726
11599
2
2349
61
7
43
133
147
2121
2
8
10
52
92
11
655
4
235
21
1956
33
347
1
18
3428
152
4
4
912
28
2
5
325
8
1
3396
2
23
330
33
8
4
4
493
86
62
53
315
7
163
2457
34
1717
3452
1
31
153
5
78
932
175
1214
954
4442
132
26388
224089
1
50
13230
6234
1
6176
2
72
4590
44
561
7
1
4
68
4
1025
38
170
55
1
2
4084
2873
85
7
2022
18
4
117
1
30
4
3
33568
1088
19567
1
1798
1
7
20
4
68
3
3
6
144
4492
23
1
67
167
250
15665
3
1
213
421
4
16
2304
100
3919
22
5219
6137
6
71330
1
74210
1959
14
162
1
2253
18
47
402
771
1
52092
2418
386
53436
9
3
20
101
212
39
118
1
39766
8482
1
3736
1
8
9246
7719
190
204
12
5
5
1
16385
1
396
4896
3
14047
8
43284
9
24
692
2
2
609
101
10
1
5053
1896
6
10321
38
9
1
1
231
803
338
12
5110
442
5441
9
8
1
11
11817
6
9461
3
74
103
808
177
4
53
80
237
236
1
51
1
11
11825
9
5
11
6
194
65
504
59
1480
36893
21
7757
26
1
249
83
1
10
10
3270
30
3081
297
64
82
267
2
2
1259
2
1
2
1
161
15751
2367
158
6
2639
3153
53
1456
256
8499
4
1216
1137
6
244
9162
28
148
1
283
1
2
1266
36
5
200
6
627
12
1
707
18
3
105
48996
520
3947
70
6
787
1
148
6
6
1
22
2
4704
42
8
134
620
4
1
7741
13
9822
2798
185
137
200
481
3
48898
6934
137
1181
369
157
19
2411
35
34
1026
9
3
2
1874
11
14674
1
23
1
2725
164
93
195
2444
12
17
81
28
18
377
8
18847
261
10779
118
604
117
288
21
2241
21613
2
1
4
840
16247
55
43
135
2
58
1
29
3
71
536
9039
119
24978
3
5
146
12
19487
9
48
1098
1
14
4
22
1
1
1948
48654
1179
6
3
4
5
6
116
11238
22
11
461
4
48637
29
194
37
2
1221
800
3
1
2787
9
2
4
145
1
287
183
129338
2
1455
19
19
67
6
14866
1804
3017
69
18
1
4
12
76
9
15777
400
56635
21
14
5240
2
92
926
123
20
50
691
271
3331
1631
9
230
4
43
7
3135
29
29718
492
61
51
10
14
16
9041
2636
2
27
23386
6
30049
858
13
1954
1
149
2
12
10
53
8
6
10702
27
1968
31998
5079
22
1
181
1
10361
730
872
30
2907
1265
136
1160
5772
14
294
1
36
105
4
212
4
46
75
1
3303
18297
7540
1807
70
1
29311
1352
18
1
8116
48348
38
9958
15
1590
17
105
705
2
65
1
8
2
1330
21871
9
32
308
162
1
47
63
15
10
8
104
1
4983
3709
5
32
2
1122
351
9
283
3
2
4
8209
143
83
13
555
16
9
13
1
19449
2
11565
65
2078
9
923
4
1827
518
2543
1
2
3
1800
3
3
12895
7652
3
10820
555
3
4179
30
25
153
137
105
18
119
1557
4
23
15
2
11
1201
40
2269
15
25498
64672
491
1
11349
8
64
2
354
61
67692
27
17286
4
599
45
123
4
469
1
1
24
208
1
35731
10
12
17
7392
3
1
1401
14
13
8022
26
2
4
1
2
1
33
4358
9516
143
5036
19
2
18
2
2641
230
2470
32
10918
141
968
4
32
389
1
186
2
123
1033
6
101
14
5
7
856
1
5
1
2
614
38
3
14
19
67
1018
6
1427
878
407
27617
919
1
969
55449
270
407
8658
20
5978
436
229
105
7
950
1
1030
38
2826
124
1
13863
4
31
20
1524
1
203
16844
1
717
143
255
479
4
8699
4
434
51112
79
21
106
11854
3
6
2933
6
47
1
34
2
23
1
7
425
1
5
7
1
86
4
3557
8142
1666
17193
1
15
1
678
139
63
717
7
4
4
59
948
668
120097
2775
259
14
17
10
3
375
4041
13
50152
136
73
19607
5
148
7
2084
30824
5
3
16
1235
15
1318
2353
13132
5583
342
5
26083
130
2103
474
40
545
548
1
473
4717
788
4
4
68
642
13276
27011
229
8594
8
25158
13
1
3
5
214
274
7
2
45
25
32
16
289
1
5830
2
71
614
267
34
16
1934
233
255
1474
5
653
791
11
44372
84
2
4
5923
2
12
51
5
20152
1
1
2
100
5
12
14264
24
891
1
2818
176
11
22
10
19
1839
4307
3
13
7
12
13
61
9
9
2
3
19633
98
36268
9
1
3039
13
5
3357
889
25
6
80
22
193
2640
2
67
6
36
2
2
11784
13
1
215
34
139525
352
1
130
4
2830
1004
921
1
1
152
21
7
9
50
197
3
1
78
2
1
40
1990
47
2
12164
565
9115
2
11
3
303
13
3
203
3
30
3381
11
84
208
10
1827
1
3
1
1
14
1
296
1382
189
3
10
28
38
20987
14
1
28636
5
870
2
605
17
11
255
16434
1
76
2
12
19
760
1579
31
100
4
3
816
13
93
50
4
83
82
32034
8
4
18
1338
9
1
1
433
15237
28702
88
28
30
4
7
3305
112
7
1
135
7
942
2
12
1
220
193
25
2
1458
2107
41
3365
1
5
3
66
13538
2
326
35
1144
69922
4
382
112
402
17
22
14
4945
2936
5152
151
2
19
180
1
840
11
2891
93
10
58
1595
168
189
488
1
94
2
2
2
2263
5
17079
1
109
218
28179
2960
2330
1
3
698
1
2819
4
498
14
118
3
30
8
6
296
486
12
1656
2264
1
679
3
1
28880
10955
108
7
7
11387
6163
24
4
2
1877
12715
3957
2154
1
44
22
111
3515
7
1075
1
93
9
948
455
9
6
1
24
16199
700
13742
2363
332
1
1131
13268
20
10
638
1076
154
252
6
325
52934
7
14
441
2
4293
1465
1
21
1
26
10859
6
13011
6504
14751
388
2
1
62
1
6
3
646
2580
2
9161
3
95
2292
10
5821
2
1
22
788
11
3
293
1772
6
398
1
8536
12
233
273
62223
1
9
2880
126
2
1887
1
2733
9
7235
2
3
187
5662
47
29
2
1
1904
6389
68
13
54
16
2
71
17439
85
1
37
35
1
435
10045
45
1
6
53
14
3
525
4
2308
1
7024
3
109
16
1
11
112
475
662
46
34
344
23
97
5
100
7983
33
292
3
4364
2
2
1
317
14988
5
23903
2
279
635
43432
145
322
38977
1516
7
42486
4
5
3
3388
5
1
14
282
1
1
17
138
761
1463
4
1166
9599
275
49021
124
4
24926
680
1
10434
618
6
858
1
91
9
4399
10
6226
32402
415
20
21182
23299
12
2
4612
2
745
1531
200
71
7541
234
1
2
1487
4310
163
6
2690
2719
5
53993
15824
2
5
1
9317
541
256
8
6
262
8
21
2
2096
9327
322
639
230
1
245
18
2
47608
8
4
279
103711
1
15
678
84
305
11026
1
1
1
16
59
2681
665
423
1
27
2167
39
2
3397
3
2
4
3901
59805
3
38
1091
207
2
33
1915
111
135
3
2812
5
198
735
32
55
29680
334
5
185
1
64
1594
260
1973
1
6
19
1656
10
222
17
2
806
2
1
692
652
1955
8198
8
16
16
2
12
27
47
23
2
12
14757
15499
34
61
160
50
99
7617
41
223
2565
819
89
8
6852
682
11
1778
680
564
16468
23
88
45
4
3814
1
4
46791
808
182
12
20
2621
4
5
3
1467
1
79771
208
37
201
71
1
315
2
2093
16
149
1256
27
9828
4163
876
57
16204
30000
14
10
74
106
3
5
7
8
43
1
302
967
4173
42369
594
21
807
17
170
3
557
2
124
124
907
926
1089
4740
1384
98
43
3
7754
128
47
7
16734
19
53
495
3397
33
434
3774
157020
398
4
960
38
3
8
10
34
1
4
4
10
1
7385
4
41
12
9539
51
1
30
283
79
825
113
1
59
12
917
2
55
1
114
2
2365
38251
2239
2
6
35
9
49
7
5
4432
7
2
330
52
26
30
565
5606
100801
10450
638
37
188
140
16
4
68
10
938
4
583
42
23
541
21
17
2
9
13396
1
22
2388
6
479
1050
32656
66
163
5315
1
653
2
361
3
1011
1537
569
2
212
1
152
21
413
1
22
2
399
2224
14
1
83
135
6262
1215
4
2
1
1
4191
2714
1326
137
2
710
120
21515
15
260
27088
24137
3
7
111
92
1
3
1774
1
1
172
7687
17
2
26295
899
3168
2684
29
6
134
1599
20
9372
23
7404
41
73
2
50
2
6616
10117
280
4
7843
9
1
29
1
2
8
1368
15
3110
9
88
1
1
9
1
3991
1
1284
1
1
3
3238
6029
10
120
2523
112
14
12
1
5
6
22
13
9557
9
131
14
30
3766
406
9
6
160
6
5762
12802
11035
7
4699
14
4
42
46
105
5
1
5103
1
350
4
25
9
21639
1
1
4169
433
289
18163
18
1002
32
4
1930
29
1
28
22063
25202
17
285
16
6
2
1
14
2058
31
1
257
45
204
19
10
3
21
26
6
1
454
5
96633
100
2
16410
19
5
17
21
4
14
6
270
400
78
332
20
5037
647
1759
2
385
6
1
1133
295
20088
180
103901
8310
17486
15
13
687
32910
1470
9
551
742
2
1147
4
5638
2934
3
5
793
19946
3
337
137
567
10
2773
14675
159
986
1
37650
165
112
4115
1
1
4
8220
493
244
907
1
1504
17
248
7
9
19945
16
15
6
46
17
3611
36986
15
1
17
68
1506
3
3700
713
404
15
1186
83
116
975
16
2
97315
8
273
1650
174
9
5
576
10
363
455
8
434
11
10
2
6242
151
7412
107
8
575
47
6
147
3046
2
1
37
122
13
4
16
9
1774
21
5121
1
25
21
32
1180
46225
3
1
2
5498
26
266
11
383
6
316
10815
5437
9
42
14923
4618
366
902
20
38
255
8
23
10
57
5582
11341
343
2
4
261
8
874
851
38
21
92
1
4
21244
1604
9519
1
7
37
45
2820
16
69625
7
171
1
3
230
36
13
11
3
3919
82
1360
3727
144
83625
9
84
2
3756
2
88
28328
4
3
3
1
5894
1
1
65
21
1
2
24
2507
32
2
68
42
17381
4
1150
2
3056
1086
2
36
151
7
218
1
1
12
468
2
145
1
934
6448
1
13162
21
53
1
29823
268
1
932
127
2705
115
5
5
1
27
4380
1
6184
65
2
1
63
2
34
13
548
611
5
171
1
75
25620
52
106
359
5850
82
30
1
1221
21
31
1639
2
1
845
5
1
111
534
19
9457
94
1
14
1
3
285
1
1027
4925
107
26
31
55404
60
3
101
20
1232
535
50
4
70
37
1
2
42
1018
3
1
22
2
1864
6
1
4
223
530
5
2
7
1489
145
4
10036
7094
8804
3
62
122
1
25219
71
62
6
2
5
61034
5
1817
36
154
1
360
2
1
2
1105
3
1282
1
7
4774
5
3093
271
368
144
24623
1
110
2
49
1
2
1
100
1
2195
45
3
3198
1340
123
1
8
32
1
13
6
38
16182
1
319
3628
2
2
1862
42
219
12938
19900
351
20
13268
17
17
3
1
2
10
1
2668
57158
1
2
146
6
6
37
484
75
1
34
114
1
5
897
816
2
1350
31
12123
82
23
1
12
2
7484
2
3
5
2
1819
8139
6
1
4
22356
3706
23
1399
4
1200
2309
18
2606
198
4
1
1
22
67
11014
45
80
3
349
12
1
23805
217
625
279428
2
39
1431
55624
2
5
3
890
2
134
53
552
1229
2321
4
13
27
1006
2408
20
118
8
11
23
1
31
199
1
4
5379
2511
12285
9
1433
1
316
507
35
1
2674
3
2
127
2
98
359
646
5949
21
14
541
85
61714
1
40
10
1
1
14
103
50
6
1
7
1
931
155
3
57
2736
35675
11294
4
27
5
4509
1
1
3785
5
1
9
2
8230
194
8
1
53
2
2
328
8
1924
40
188153
1
31915
162
1828
46
57520
144
2
843
690
61
6
1
95
34
396
3285
200
344
5
78
973
6
38
1
9
8
1108
5
1680
15
1
2
26
1
1
19
4174
2
16738
1
27990
56
60
194
1
19
185
49
3
8456
1
2364
3
1
56
153
1
53
1
2093
510
32
18000
32
45
1
436
11
16454
31
172
75
45
4
47
1
10
1
297
126
2517
17
330
1
9615
1
166
5
1
632
10099
21
5
1
6
27
29954
5
40
50
21
5
7
12910
6
1
4
2
2702
26523
5
152
5766
1
13
1
52376
13716
335
169
1485
2
263
66
2
93
15
112
4
27
1
978
10
14
246
7112
2625
3
22
4
1698
126
3
14
29
9
5023
4852
11
3
1
1
16
3
1288
5
38
12439
7
68
43
850
353
1212
21
82
13400
114
27372
88
17
1
478
33553
177
211
5
99
1
407
568
22
6
9
1
7
69
81
526
5
3
1916
3
15
26
7
5
329
653
100
1
38
1
19998
689
27
5046
50
5152
40
6
21
5125
1
18
3207
25
327
55
1
1
188
229
403
8593
308
77
59209
397
34
14827
2
307
171
1198
50
7
1
1
1803
12954
65
7
1
18598
187
39
12
26
128
1752
3841
26397
24185
14
5
270
984
39
24321
41
14
2461
227
65
8
5
11
20
1039
85
4023
4
4
3
39223
1
8930
392
1573
48
2
318
25
1
265
1
2
1
29
120
369
8663
1
16
1
6
37
103
525
2
903
19
1
2
3412
32
11100
19
69
3
1691
2427
24
5
839
1
503
2
1019
3
129
26
232
53
40
5260
3
19
1
429
4
4311
205
254
36
836
18
173
2
16
1
76
1
7
426
1685
22
871
80997
3
193
1722
2
101
5
28
2
5384
3234
5
677
5086
57
1289
1073
19189
3789
27
139
3
44
531
7104
3
43272
14
101
8
154
1305
1
58
5
18358
30
16
3
124
1402
2266
1608
6739
10
538
1
1
29
4330
1
10290
56
22121
2
28
44
10
1
2
86
1574
3
673
134
1
7450
1
73
16
121
16
16
11917
11770
305
18
42433
2525
1
3
9
432
7
88
19013
309
157
29
7
111
100391
253
10214
29045
1749
34
2
3248
22015
13302
559
4
11178
1328
23
8142
78
21
1
43227
2904
1
7
1
107
2
4844
3501
1672
52707
1
1
38
27
4
20
4517
38
6
2
8
151024
97
1
5
1
3405
92339
28
54
1
28957
4331
6161
8046
13
28
1013
53
17
406
3
1
122
26
187
27
1
2
8341
119
9
615
385
15
39
5
5
1
151
9937
293
1093
36833
2234
14369
170
1139
1444
4
9
3
6
38
52
1105
26
9693
18
4
8
1
16
19359
467
33
1
5831
4
1907
1
1
87
1
24
76
87
1
2
1756
2
3
8407
3447
2
3
1
25
842
14
3923
2
6
305
11
5133
9
5221
42
3
4291
5851
32297
305
236
17
25
1
3841
14
59
187
902
36
5919
897
34
7
8
13
1
3
71
195
454
74
40
181
25486
4815
10
294
17
37
55
246
299
2273
1
2439
70
10
10273
1632
956
1387
2708
713
220
3
2
1289
36
900
3687
4700
14
13003
4
8
38
2559
3559
29
322
830
2052
426
2
20
6
1
1
21
201
427
109
1
2
29
89
25
81
1881
18
274
1067
1
2
1567
39
83
10
5243
2
410
5
5
11
105
11
218
1863
63
2
11
4
49
6549
1
222
21658
29
499
3446
2074
12
7
11508
1357
3101
145
37584
2
459
1934
17
20673
349
79
4
82
12
44
12702
17560
1
1793
25
1844
3938
2874
198
2
44
6
4
14617
90
1
4
1
1
211
8
258
4
87
4222
4915
1210
6107
1085
9618
5394
17140
815
3
138
1
271
1
20028
18
174
632
175
3693
165
20467
278
1155
665
1
6892
24
6
18150
575
2498
748
38
5045
5027
3
34
2
32645
3454
29
8
1
3
598
2
2
1
9340
3
5360
2
7402
159
2283
93
1
10
7
1
11
1727
3
172
5
66
102
5
5431
3
2
1429
102
3574
1
48
226
2
11
123
39739
709
5145
18
1
6017
28
8248
4
2097
279
39
56
14407
2
51
204
9
3930
399
109425
136
84
1009
2
4
3524
1369
2670
3
17
17
245
87
2
2
65
8671
14
1
16
18
2
15697
171
16
482
170
114
45
9
9008
1
1
36
499
35
132
530
5
51
118
4715
56
5077
203
781
102
2
20147
12
1
7
5
12
16131
47652
29
3690
1
703
114
2
2
990
17
312
344
10723
951
610
192
94
4
8514
171
26849
19
401
6
1
26
73089
33
54
281
47
316
43
105
100
1
10
3513
13419
116
4873
40664
1198
3
820
8
1
1335
50
2292
7
117
2
3
1961
666
66
4
25
4045
2710
31
13
3
13462
2211
2
19
14
8
250
11980
122696
1
2
110
7
25
201
49
1596
12
21
4
2514
499
10
17
330
29
225
99
13207
6
42
14
14962
247
8
3
1
19
1
3119
16429
40
688
740
1438
147
1
14
2036
217
2947
35
21
3271
164
8
1
223
8351
13965
76
67
2
218
7
122
5
1
31
502
4
62
80
19
284
617
21258
17427
17433
1
183
3
2353
1
63
2
2
1
10
13969
1
11089
17
299
11259
19
27179
296
5
2
25
6888
119
1
3333
1
5724
66
7639
1
6824
659
41
1
3
2
67
33
20
1
16
23
2
238
43
3127
40
5
145
23
2
1
14065
2
7072
1
8500
22
1
814
46
9
111
3342
16
2942
1721
2
13
1894
92
19
8679
2
4007
20519
654
41
94
6
5
4
201
4361
50
8247
69508
2
252
13
16
2
6050
1
696
22
1719
2
8064
215
11426
72
205
261
42
2
1
41
295
7501
1439
7
1251
43731
83067
3850
37
2490
38095
1170
42
21181
557
1001
166
4
22
5
1905
9158
562
11
396
108
5
6
5943
4
58114
53
548
675
44
567
66926
1
251
1297
10
58
8
367
60
40
4
2
8
1
101439
1900
597
346
243
8
14
38
22
50
340
1
1116
15
147
64
204
32
9770
182
9159
21
223
9343
2
1
71
179
1
220
94
12
930
291
23
124
4
28
10
6
17
69
16
10
461
11
8
18
2
67759
2
2
8
74
239
39
80
95
27
1637
273
2
5044
16
1489
2
5
11
6
29
6627
1006
1350
294
1
1
178
69
1
4
14
5
498
1
86
8
53
5554
4
4
11
2
12
1
41
167
4198
227
30
43
2880
426
97
48
30
58
2
15017
1
11
1
1
2
2
30
8238
1
452
7840
30
1
49
1
2
67
59442
1140
15325
1
5
1
26
21191
18
88
21
91
2
8
20134
873
2
2211
83
3331
1399
1170
368
1245
25
5
359
13427
68
28
211
8767
10
9
52
1
66
235
946
46
4
9568
73
22
1461
6
84
3935
688
19
3
284
5
354
5
3
25
17
111
1
2409
9
129
5
31
925
115
21
2982
5696
3413
2
5846
9
7
10300
1
36
3779
124
811
2
8
575
1128
224
2
11
1
198
9353
1
10
90
1227
3
12696
3
121
1
981
10580
1
5241
86
64482
16
254
18
23957
1
25
357
1416
1566
202
2
33
247
66
16
6
169
4
3
127
6
52
1080
40201
8
3
1
9
703
420
15792
1
107
399
18
46837
9
4281
204
30944
15
8187
23
343
1
38
50
238
150
2264
9
107
2
51
54
38
33
497
275
1710
1
28018
295
28
2
86
987
5493
1237
886
1821
6
18
7
439
7356
6909
131
299
4
12417
90
9100
148
185
355
4
50
1
917
69
435
1
3
291
1
23
1
12102
4756
6
53
241
104
1
2
7
26
1
5061
63
375
7
15
3
36
14
1194
165
2255
145
495
3168
3173
2
271
7964
5
437
54460
1
31
6749
25560
1
5
67
8
75327
27
4817
307
5580
179
1361
104
3
18
852
135
78
981
206
1
9378
1
875
26
20
8
4941
764
31
2
62
30
258
82
65
13
1076
18
84
16373
115
529
35
3
1
13
25
121
434
1
33980
247
3
21
226
3
11
107
142
14653
2
85953
42
1655
4
25007
1
18050
1066
30
1053
4
751
51
13
10
2
907
33
2662
1
3
46
61
234762
19
33
88
2
1
7562
4
1
3
16
226
1
2
72
14308
4
68
585
20
40310
1274
779
647
433
1648
1
10230
31
12035
35
223
897
11
10459
1
9
71
38
1
6212
7
361
51
6229
4
27
2
1355
7
80
2415
20
5
1
1767
416
20
8882
6206
89
12
2848
4
36
86
14
24
190
1951
461
17
774
10
2
24
55948
668
102
44644
7
3
247
109
6
249
44340
4
896
4
38
2877
2
2413
2
1
2689
90
1
23
275
11
26
12
1
84
18
70
1
16
1
245
1
4
49
2370
5793
923
720
2
238
154
15
20116
4704
2740
10619
7
2489
13
761
614
49
27750
23
93
10437
1
987
466
703
1
3742
4
1
858
25922
2
3121
65
381
2
546
6
4
10278
8
943
7
4
1009
6
2
17237
21697
70
21
64
131
26
1
5
2
2172
3
320
33
1210
2
10
339
296
1368
705
27
3002
113
2810
203
297
5
1458
2
9860
1454
57
49613
1
856
1
2
1
4541
306
1
11
1
116
16
124
93
59
39
14
15
588
3
4
5
1
15
1
120
6
31214
24
15
1371
284
1
1
3
7012
974
12
3
147021
4
2
29736
24
1
40220
271
5803
632
4954
1
11
599
54233
67
26399
2
2257
35
5
152
45204
7
928
16
1
26
205
2
38
26
28673
100
84
28
770
38
49463
9997
7115
8
709
2001
4
17
3
10
4
31
3
1
7
112
58
11
169
2687
170
7
139
2269
5210
269
513
13799
211
79
2951
3
2
4
99406
15
85
15
4
1
3
7
152
14731
68
41939
9
1
127
77
52298
130
10
29
1
1
1
1
22
25
3
4
290
27
640
89
7
184
141
5
1
127
7
13
269
46
4899
7
47
3
1858
57
67
29
1297
3
8
2
177
17454
15
474
6
12
19
320
27
17964
5
18
2438
24
3
1
211
357
675
1
5
4
1
746
1
67
47
1
603
78
6
2
1
1
1
57
15
7
40
2620
4
3
66560
18
9766
3889
34
1
206
467
1
16
2
21
1231
8
1
1
2339
31
29
923
7
2564
5
5
10551
1
343
3593
11574
71
9
14806
98
185
1
826
1
426
5
120688
23
1440
193
8340
137
68
261
132
1
1
8270
120
880
1318
2
1
1282
3
14
3
600
15376
123
2
70
502
43
31
16
12
13
3
22
41435
4
2
69
509
131
4
1109
13
15
521
58
1151
45
988
1360
1269
854
442
23
717
7408
205
2
1
446
171
1
31
6
18
55
9
16451
3
2505
2
78
3794
73513
22
1
15
4
1
42299
789
399
11
478
242
4
25
5170
16607
3330
310
1
1
1
57
106
43
1887
17
7
8
14
2039
6
50
1648
5
8
238
307
1
12
3
4
2214
1981
7
71
3
2037
632
3
3335
950
44
7373
4158
80
13928
28666
160
1766
10
3114
12404
2009
85
3055
637
3
242
14
2
5145
1
1
1
3
17
1
1
87
1074
5
4
62
205
571
73
73
653
16
4
1
88
30
4
5
83438
1
3
2885
3712
66
1
2
186
50
679
6760
199
1152
14
2
3
13966
1
2413
3
1
1
18
32
267
8501
754
14
62
34
2
122
5
1532
118
18
42
65
4
25072
7
19
21
8
1
28369
1
234
203
163
72
2672
6
11
13
131
13497
98
3876
29
2
905
2
30
10
2
101
55
114
15536
26
158
1
4
5
573
2
101
2
6
51
227
47
26
187
12
31234
1
8872
13
23
1
1
3
450
2554
124
5084
48
20
98
4620
2008
1
17
156
2
5
5571
6
3
82
421
40
8675
9
3
1
4
799
2700
12
1
23
10842
3
12
4
1
18
29
3
1
190
38
287
39
4
5
280
94
130668
4
1037
4
1
14628
57
25727
2
1
1
13
4482
6
1
85
133
2050
32864
4
147
5965
179
11
13
951
3
6
3
29
104
333
3
536
595
2
103
2426
12
33
1829
24437
2
5
10128
9
1
109
1851
249
11247
542
29
761
17
4
1
378
13
1
2
6
65
2590
2
639
1
11
5307
32946
1
20417
84
4819
18
13318
9
8360
2
11
25726
1
2
2
1
1
132
2106
1667
3
10042
1
50
2
21
3193
4
5190
1
11
54
38
11230
1
6
4
10920
103
1
20538
6
1590
12
144
52
8
10
5759
2
1
8
1
3524
51
1
33746
25
44
1
11
1
249
2
88
3
109
2
9
141
712
5
9
83145
2
4
19
2
46
9067
230856
39
1
1629
105
39
1
26
565
1
5
4
1856
3678
17531
1
33
2
1
2
260
122
117
14
107
1409
1
47
42
722
430
1
142
358
2062
3
37
1
7753
3
25781
31
5178
2
37
47
7
1
3105
1592
16130
4771
122
91
183
1
8
43
21
2
12
1
60
6
9
40
105
38
32
655
10
6163
14
3
1
123
3289
21
1
10
1
554
40
2
249
3
1192
23
242
91
123
329
6
2
365
6066
40
32
1
2866
2632
10
15417
305
3188
160
59
67
253
1
16
7568
5
13
2
989
43163
2
691
9
1001
19
135
88
6
1
27
568
7
4
137555
1
2
1620
27
1
57
12
1
2
1
63
3
3
108
11597
680
20
7
4
352
362
31260
28
11853
4
298
7154
6249
6
1
1620
90
14
184
17
10
5025
2
63
17581
1
3
26
34
2
214
84
24
240
226
5
3
17348
146
3842
149
4
130
1
1
2
84
15569
33
15
850
1
17
9171
1
1
756
5398
3
267
11032
84
92
19
1465
1697
1988
16
874
2
4
98
1647
1
249
29920
4524
1433
10680
1
1
1
153
25
4
1
4269
7
6187
230
4127
9
5481
1
99
8
111
37779
14336
22
1
2897
20
5
22
290
970
49
1226
1
35
20422
8
9
41
37
12
3576
96
394
22
22
6459
11120
1757
8
2
2
2668
48
14589
296
16
29
12
10637
3262
63
473
113
154
62
1
7
15246
11372
492
4
2312
1
142
22
5
30
4
4
44
73
1032
464
811
2
10
1744
133
9
1
20
1
2
4
118
284
8081
126
1
1
1096
28285
35599
2
6106
23915
31
3
3229
37
7
1
2573
2926
3
90
82218
33
3
50
728
3024
289
2
154
25961
3
2727
161
10834
39
2
1
4
815
3
1333
83
1
2762
42
1
2
50120
33
259
4
3
16401
236
1
60
20
28
1
1
956
1
1544
3
593
5
117
7332
7091
120
172674
337
534
610
18
1
16221
122
8015
43
662
4
57
340
27
308
1
17591
18
37
31907
1
2
10
375
128220
77
2
1
410
15
45
5422
1707
7
2
13
25
57
14
25
3
1
824
869
234
2137
6553
4090
5
3189
2
1
1438
326
31112
443
14086
38412
60949
13
17
34597
16159
3
1
98
10
8
1
6263
2
610
10
153
8
14
6
16688
1144
1133
1
17
9
1
347
6
342
264
27
1
8
1
1
1
57
4
9
2831
5
4
72
4140
129
491
2002
127
2
1
11206
1064
972
30
6
10
41
3
834
50
2
439
165
486
1
17845
1611
845
104
505
426
23
2443
25
473
31
2
4
84
1
3
81
11
3051
1028
12
19
5
20
56
2
1
6
16
6
1577
1715
1
29
1
46
2224
91
2280
1
4
2
5624
1
3
1216
46
1
7
21
457
923
18
2079
1
15
1
1
266
14799
1
1
41
100
23
810
1
40
6805
3
3
15
4
23397
2
1322
452
33
2968
67
134
15
4327
1497
6
2
1746
42
19
14726
30
5
4
1
5
1
732
732
3071
105
448
1
13
1
15505
64
1
26
2
46019
172
1
6305
40544
9152
10
2241
6188
86
1
12066
7816
6
80
33687
9
60447
1
1
9
1872
2
1009
3
25
58
60
28
1
104
83
7383
2311
2
103
97
4
1
3
3
3
6
6
1
689
96
2496
107
11
8517
5988
18
58
7
33
40
172
2
70
35
41
51
52
5061
2735
1
236
13
17
4
23
5
16
8
1896
21238
18
6
99
528
13
16
3
18
6
3
20
13
76
2
1125
21199
49
17
23
1
2
6
13720
44
5
49
2351
973
3
23070
46
12
21392
2
5096
279
11
1785
112826
8942
39
7
1
1
375
3
21
82
56976
336
6
23
436
17
95
95
415
28
65
28195
7
142
115
1952
938
266
2
16
1
1
3
2
393
20
88
1
228
153
2
833
43
12791
26
121
1
252
32140
8
16
52980
14715
172
842
2
84
178
7
191
37
10
8
7
190
1
176
29
3935
152
12281
9090
5
14
2299
18
24558
6333
8282
70
6
12
2
3
3
138
249
5
7
278
1964
638
820
3
3
325
28
181
347
98
367
455
204
16997
112
183765
4102
364
11
1199
123
25
1216
1
72
880
40
200
2204
2
112
1
63
2292
11141
3078
20
511
3794
2
1
2
10392
443
18900
8
2481
2793
40
1
401
26
9
9
10774
1627
93
1
6
1838
2072
1726
590
1
1
14
4
30
337
1
1
3033
10
11
12
98
10927
3
3642
44
3
3
44
288
680
11
6
7
317
110
648
1142
15905
2
1526
1
397
63
4
300
51
2234
1167
3
106
83
1
5217
558
1
1
159
10
88
1
1
2199
1
18017
257204
81
138
77
3
29435
2679
3
3
23404
11
1676
8097
9
1
7
30
12
24
76
816
35
12
15
224
1
22
696
4
5
162
270
11531
18
2355
6194
4974
3
59
33
249
65
1
69
1388
45
22
1
13
21
1
1
1016
9558
293
16
85
10167
1
569
14637
45
2368
8585
3
236
1
3
1
42
257
3
4
231
7
50
37
1
33
4
8
35
47
158
1
2
15399
40
6488
209
1231
117
1408
1
1
148
3
1
51
44
4
11
12
1
2
2
1878
10
42
1610
51
976
874
52
9
1
135
14
37
980
23785
1
1
1
750
1
11
293
15
5
5
44
1
2
3100
4785
69
16825
3
14
4
2057
1
109
4
1
553
68
702
69922
286
12
10
139
12
53755
121
180
1305
16
7
201
5
12
1
2742
2
11
497
206
1
3
7
5992
2264
29
69
8
1
1
1367
53
30678
1
77
383
3124
15703
4
1
25
24
1
621
151
17
17447
301
1
162
5321
4
45036
64
6357
105
1194
10
495
1
3
8
78
19
11399
8
563
168
80
1
333
12275
9427
28
2
1
204
1
118
28
2646
104902
8
107
16481
2370
143
71
357
2119
1577
542
8
17
1
861
4
2
1
5970
25
7
13
15
2
145
47
42063
40696
20
110
23
1
2
344
89343
8
1
5
20
223
4
80112
40
15
50
6
11662
110
1
5
174
1
881
1559
30
35222
89
3
2901
1
153
4
930
6692
501
1515
2
6
10
8
2
105
7
1001
3
1
77
3685
83
1
2286
1
47
872
1
21936
167
9325
1105
3
5
1
9618
19
14
10776
75
795
6
49
344
3
4
60
2
908
883
453
2
9
17
2662
56618
1
151
44
407
706
2493
2
1
1137
2458
926
51
392
543
1714
2096
7
919
12
18
15
11
443
2573
22
15
7
9
341
4747
4
2
955
5407
26
7
16
2
8612
1
57
5
6
6
1
30
118
372
2445
961
1
192
31
88
4
269
3
10
4
100
10
235
8
325
577
198
126
9
13323
28
2
16581
1
4428
811
2115
9326
2992
18333
1
22
1
121
8
169
101
10
1
14
15
1
4597
3
5190
1
50
20
5584
1
2
41
35
2
46
212
4
10
26
6
3435
3
188516
19
1
358
10
2157
124
38237
4
38
18
2129
990
1
6261
1
1871
356
2
1166
2
636
38034
10
153
50
5
1241
4945
2
2
2250
7
15
1
3
7583
2539
51
12
169
8
7
5037
1
7280
1
12607
146
14
6
25754
2
4
10873
12
19
10498
41
5666
18393
7
6
41
100
2179
23040
449
6
7115
2084
548
8
1
124
29
4
1
4
33
1
699
193
4
1
29056
111
21017
93
19
2
7
3972
12840
625
8
774
138
1
1
1098
13
1
4
6
6
17
10274
1
8825
2
81
2
2
60
3611
92687
229
7
10
1749
605
4
54169
1
2590
249
3867
19
40
131
3
1
1
1
186
172
1
61
7356
17
2
60
306
10
17355
3
285
32
26
22
4995
1894
3
11230
3
5323
11
344
28071
4
13
1
145
4
5466
3
8128
3
3
1
1
1
32
10
1311
1
16
130
193
1
5685
103
3
929
4
21
12349
6
7
1252
3
7106
24
157
19
44
1
562
56
64
5
2341
15
12515
53
2
27421
1
18346
176
3220
23
609
5735
221
5
112
22
1794
8838
74
13
13
27
28
1
7
14407
1020
8
12
12
17
35
49
1172
47
2
116
1721
277
95
1825
1
16240
3448
3
6
3
257
4
2
59
4
133
2081
1
513
18
6
49
14
206
512
2
5
63
11555
23555
2
1
149
20
936
21750
139
867
19401
49
123
5
94831
2
64
4
1
756
1
21
205
43
3
2
9367
3690
18
138
1069
309
7021
18597
99295
130
2
179
23526
1
86
1
2
201
1
12
5
107
1
2
4
144
2
2
1
3
31
1
85
978
14
20
1
3379
11
8
134
384
89
107
3136
13
30
2
1
27
156
5
988
3
163
14
164798
5446
3
501
60
101032
120
21
20
5
11
86
5
75
251
2
49
5
353
1558
51180
1007
42
2
15895
1
9
76
5776
778
1626
1040
54
1
2823
1801
67
106
1
47
3238
44
2
1593
325
95
3
8
71224
41
102
1
54
5
1
56
8620
3465
165
9
116
12
364
788
10033
1
1
1
4
9
1
5
11
3
1908
40004
8257
7
6
23
91
102
17452
1
3519
1299
196
5
12
59
951
12171
20
2
2283
49
37
1
2
20733
1
84
3609
3
33
4360
25722
121
154
916
15
2223
35
1842
384
34
12
50
21309
6
8
30
24
1101
99
118433
9
3869
139
9
49595
9
9
36430
28
51
361
6019
29990
150
77
6
866
2
2
1174
4
2
6882
21
6
2
2725
32573
1
16508
448
400
1304
1
1
3
171
2627
16
7
5
3
13
1
59542
1
9398
3
49
76
1
3178
1
1
826
70
11
3748
5
76
47
2
3
12
2
11
1
50
313
3
1
1770
266
18
8
1
3
30
1839
2
32
3
292
3651
3
60
71
2
93
46
33
2186
59
16
1
81
7
268
347
18541
4
27
2
6
13
2
165
5265
1049
3227
61
476
48
1
5
16
83
1118
46
43
38
609
19
301
2076
3
1
36
4286
549
60
7
11
334
2
10
7
633
10216
1248
85
311
1
16
1
199
25
12
30
31342
11
8
87
5
15
2
2
8921
1
65
378
1432
5874
33
1
36
822
6
1020
2
1
1
277
194
34
4
51
19
1313
45
112
1
2
112
16
1
497
4548
19
4
66
28
2340
49939
1
113
3837
1
59
33
1
108
41
24675
2949
1389
358
2
1691
346
6
100
4
1777
15783
87926
1
1
3729
25309
79
569
5
1
1
62
6245
1
128
2
5161
1
1596
2
139
6
1987
33096
6767
3267
3764
21
2
1143
1823
18951
10
1195
21216
123
98
88
1
7
12971
6
1
79
87
4685
1
3
22
2856
2332
38
9
79
1
2
33
16342
2584
3538
1
2
1601
116
28
17631
34196
115
1122
561
191
26
6
14352
6
1960
2
511
24
1
14
4395
15
5658
405
141
3
8198
692
13
451
1
818
27
7
307
591
27375
16
2
667
268
16409
110
12
1
72
3
2
1907
8992
77
350
4657
16
12
49105
130
2
1
1
143
1739
52
12
7212
47
2
3303
26
7545
46
7
53
247
134
10
17582
1
28132
4
6042
8142
3084
27395
50
125
1
1
52
687
50
35
138
104
50
7970
5407
7
1
14
1278
5566
6
784
162
78
41
254
6
3
217
9
66
1
1090
59
1632
1
22
14
1
8187
7
1
7
143
2924
3542
2
1010
8
1
8
11
44
21
6
141
361
2
7
57
84
1
110
9
320
362
2
677
9394
219
55
930
257
4
2
28
17265
2
33
12
743
4958
1
48
93927
15
1
1
1
19
3008
1
9
275
55
8
116
497
304
3771
88
146
59094
3908
2958
3
10
3
62154
48
43
1
12
5
5
3
5
1
484
29
7008
399
13623
909
1
5
1
78
1
48
2
1
487
62726
106232
83
2
975
13376
1088
50612
1
1
19
2
18
71
2
9853
3
27
1
43
488
4
284
1
1045
6
7
1
5898
3557
9
14377
4892
46
34603
14789
5
11244
892
409
1
1038
152
238
324
1
133
3
131
1
7463
1
10
24928
3
1
2942
1925
25
29825
59940
8
13
2
2306
94
2
30
84
1
10
192
62
141
56845
24403
44
166
4
68
2904
217
143
205
88
7
148
106684
571
4
18414
1
60
2485
9
68
12
521
1
498
1
454
5
1800
15
7976
10
577
6964
2
15
28
753
707
8
5879
6
2601
6
16839
168
1
1
20844
275
12
132
15457
3
2572
90
19
674
1
24
854
108
162
12307
18
43
1414
21
2
1
145
1
3
50
75
2
2
310
60
18
2093
5
9
44
3
1
27
11
1
2
244
2529
5
1
10
5
1
1
35
4
29
2
15
3058
5874
2
18544
459
7
11
1536
1
1
12
38
1
615
1406
2
11
34022
1805
144
67
36
1
9
13
44
8430
1
1615
94
65
427
134757
3
3647
1144
6
5
338
161
918
631
5412
31696
9
85927
194
4
1
174
9
606
1
8
134
8
11998
157
10
2809
80
7
808
1137
97
1
155
3
2
1
7386
499
770
2008
69
2
591
11
31
14
6
1185
5
22
1
5
51
15
14890
51
1354
7
379
18734
17
8
194
1086
1294
5
197
8
4429
2
178
1
20
541
48
4607
6
30
2
102
5
11994
4
43091
1
208
2
11131
3
3
4
41950
323
1
252
7
2
151
37
55
11
11
14061
394
9
1466
1
427
149
270
11
14
3
45
11396
2080
6840
14
1
142
29
4
7722
26223
29
8
3
869
2
76
9
4326
178
25
5
232
369
15
29700
10
196
23
1
198
10
1
20
11
9351
41
20896
1
13
34
1
5790
91
2
64
1
3662
1
57
20
10
90
1177
16
2126
7
63
246
1
1
2
1
15
9
7
94
9
1930
12
29037
5034
1
32
7
8540
57345
64660
3
42835
124
15
4
5
3000
2
2
5
1
77
7722
39
2
16
1326
2
13
8
12
1934
96
64
808
1421
885
2
6
3
12270
29169
3
11
108
37218
885
11455
2
24
653
57138
3
1
7
14
21
250
1732
2
10082
5
36
82
10
3
27862
402
1
3
419
7500
2951
2
764
2
359
228
442
58
203
99
2857
803
6
340
15
1
106
43
5
27
13
324
2
7
8
6
24
20
6
74
23644
1
23258
18
1
755
844
23
29
36
1
373
2743
64
32
4141
20
27
5117
1
21
3641
39
283
2
247
16691
1
239
235
26
2338
79
7170
160
9
29
25
3858
83
30009
48
3
8
30
3695
591
1
19
25550
114
71
220
4
54
2
104
37
16
6
49
1
4061
9098
251
2
46
6
514
1
91
3
131
898
1584
144
2163
6362
18
1
9
1
18
1
222
77
1
3
6356
4478
607
3177
1
20545
1
24
517
174
409
200
7
19
2291
48
338
15
3
2
71
11
4582
1
5
10661
2
2232
46632
552
555
1
25119
244
126185
9346
5246
73
2
766
3
455
841
617
1
23
5
12050
4
2
1
1
6560
3159
8
443
2577
739
37
7891
9278
2239
203
122
2
1
192
14832
70
1657
921
8
16
8491
6
1654
107
43
8381
5
4977
4
6
9
37
13
173
3
13549
8
1
29032
9
865
102
272
1
1
1
170
12
18
12
3679
51
75
418
312
17669
463
9978
10
2
7150
47596
11463
17
1
4
22
154
498
4
78
178
1
23226
11
744
1744
2
56
3
1
1
105
8
14
17
4007
1
44
34
88
2
11
728
3342
284
2
237
55
2
5878
438
2
3329
1
102
68
6416
26
24
5021
119
1
5179
10
491
822
100481
21
37783
7127
1696
245
867
36
1
3
17112
12
598
3840
45
1
224
2
2
48567
4672
24
1
37
17
2
1
7
24
1
77
24
65
660
6
8
21849
2
3626
10
5
162
1
8
39
47
1
2993
950
40
4545
36
1
29
2
467
85
606
13
30
19
52
1
19
35
25
2
785
39
28
1
50915
1
2
26
21
123
6
4412
1
4769
1
1569
1
1
441
1
62
250
27
34
4497
2
7
230
19
1
2
8
329
8114
5310
1
5925
1093
21
381
51760
23281
1
7
60
16168
4
8
80
16576
6
8
1009
1
370
15
6
122015
101
710
45
18
64
8
29
1718
40
382
1
62406
8
5
185
15
117
1009
1
3478
1
1
3
578
2154
17
126
934
7425
119
24
28
551
9801
90
30
7298
126
2
19
16115
4423
78
200
22
86
534
1
2
2
5
3946
1
468
7809
6441
4
9616
2
11897
366
11
6
1264
546
32
13
9
2129
608
14
190
57
54
4
11425
770
210
9
1
40
1535
3
4
1666
3
281
2087
4
15
467
1
5
30
1
2
34
15
2
2
196
132
7
21
1
1
12
6
1
91
2
1190
20
30
2
33
8
326
24
2
139
3
1
38
135
16450
3171
13
2
630
2
15
224
9150
80
2
61
19201
28
2642
26
7006
15
5824
1
6156
9
59
41045
179
451
375
3105
8
3
9462
44792
3698
2
1
106
3
14363
3
135
4
144
835
508
156
51
2
12
57
1
15
420
11664
79
4403
4039
16921
669
20
533
17
1022
60
1
2590
2647
36
35
102
1
6
42
39
2905
39
65
10715
9
237
18736
19
42917
420
2
37
8
51909
1
109
1
4
1749
26
214
994
5640
3
32184
8277
1093
10
14
64
20484
76
137
13406
1108
3
114
84
2508
358
2
7
90
24
732
75
391
3
20
2972
219
1
76
6704
255
51520
1
135
2680
72
2
2
16
27
51228
2
196
3350
7
133
4
104
93
15
88084
613
9
182
6
1
21
1
37
6
13
57
1080
52
425
110
9
8076
7983
97
1460
11439
2
17
29
3628
31
2
1092
12955
3916
2
835
6731
30
15
3
59
2
1
1
25
6600
5291
5369
2881
83
378
316
22
1
20304
2
2
20
5
6
938
1
49
31
141
64
5
14
17
11
85
1
2
251
1
14
35
33149
5
2
1
1
1023
135
40462
243
120
19878
3
2
86
21
7
441
1
86
21
6
11
12
209
31621
896
20
1
1
89
57
2
884
5173
101
83
2811
16544
1181
31
40
27
2
856
612
51
195
1
1
49
17
2655
123
5
13
135
1
171
9
39290
162
581
158
18
749
8522
3
6
39080
100
6575
395
35331
3965
511
533
5
6
30
4
2
40333
75
72
4299
10
70
143
1
3396
5
1322
3
52
3
5
3008
2
4
8
13
5
108
39
3
303
17
410
57
7876
14
413
184
1
50
1
2
2
3
2
7
3
1
4
23
84
1
12446
24241
10
127
13
11
7
488
6
3
41
1
6834
48
6
285
4499
1
372
9238
199
22
945
9
16
2192
26
61
188
2
2
2
3138
4846
196
80
2
10
13940
18
19
2944
1
1
1
10
18936
97
1
1
8
39
715
697
17310
169
70
2
9957
13689
1
18353
6
56
1
1473
2
177
1
23
4792
4
10
216
1807
37
111
706
85
902
7
1233
9927
11
407
1
293
55
12
6
233
6
7120
1
1
28
444
643
127
1797
177
13
83
1750
2280
34
11247
5229
1
2592
8218
1471
15
89
1502
127
777
16047
253
352
5
79
1
7723
9
20
914
8208
110
16497
63
506
1
1
14109
536
3979
1
783
1
439
137
218
1
1444
334
1
483
444
74560
1
18227
12
26733
95
148
57
151
83900
8187
1
128
22
106
6
1
449
65
825
14
55
579
7
1
31995
10
6586
10
69
20
28
2
1170
20602
1803
10540
21
116539
26115
2313
17
62
2194
28
21
24
4333
3
4222
125
6
110
3230
34
1
10
63
125
12
15
3
85
59
2
1
33
70
4
9
361
5
129338
296
932
20
82
23925
5818
1
76
30
36
35174
10312
8792
148
2
1
458
1
2
182
1
72
5
24694
51
10447
20
265
2
1
1
1
29
2
11
4
155
25
11
17
3
19692
3266
29
11
127
700
1
185
2
1
794
5
26297
8735
438
783
4
2
621
1
15294
6
420
2305
8
25
4
10
740
2
1
1
7
6
4981
12
16
3
167
62
2
8
164297
287
1686
7
7
1
340
4
10
509
113
66558
4
1
44
1603
17
6
5160
449
2889
22
5
25
8747
537
14161
3
12456
6438
1232
12
21
114
62
919
6804
66
5
3
15
26
1
49
2223
208
493
5
156
2221
1578
1
27
31
456
12501
3217
3
1
4169
28
1
101
38440
274
12547
8
475
4
12
7
1
6890
46
7
2
1
26
3
136
419
18228
25438
1
1
5
2
735
2851
1
214
3818
3
3
16097
1970
22442
202
402
27719
20
2
2
1
11
61
82
12304
244
4785
5
413
7690
1
18
13
2
24436
60
2723
108
10
7
1
1
2620
1292
4590
13
1
2
19
13
16
1083
11
9
22796
8
2
16032
65
517
3
3
21467
63
6418
153
519
8355
1
1
9
73
1
1
17
1
117
7
10504
3
458
1218
3223
86
2
55
3999
263
1406
14
1
45
1
1
5
20
8136
24836
7
20
5
14
4
1
3842
16
20331
827
4
3
2610
19
80
145
754
1
3156
8271
68
3655
675
405
1567
41
127778
1
58
38
501
1
11
17796
1
3
9
17421
2600
1
5351
1728
3463
3
1281
303
2905
5
2
32539
28019
44
24
3
544
1122
1
3032
2
2217
1041
39
2
6454
1274
248
5226
3
271
805
3
1431
2581
3
60
28
10596
1207
8
1114
6
57
1226
16
1
429
10
17
561
2088
4
4049
2
25447
1
333
1725
38
5
8
176
112
12979
7
9032
11
169
554
691
3897
214
8
36
171
6
98
5
3
6576
1
1
269
1264
16069
449
2
406
508
1
4166
14
1
12083
4
23
154
3
50
69
956
3
3
7480
2
1
16671
1
10
5516
68
1
1
5
1
59
11456
9
2
197
217
3
473
1137
4537
4028
5
1209
1
1
125
11609
1
1377
13
54
16
2
7
535
59
1242
82
886
161
457
1
46221
200
340
9
414
2466
3106
144
101
7006
544
71
180
51
50
1
7503
64
2217
9
4
1
2
93
10
12
39368
5
32857
87
554
155
116
5258
8
772
29369
25
3
421
3
169
19
91
1
604
496
8096
3
3
57
19
361
135
1
25
5752
121
4627
10
232
1
4569
10762
7628
1
62
12
2
1
67
10
54226
7785
7033
1
19
4
163
269
2
10
10753
2
6468
1421
2
4590
1
2
82
3
92
818
2180
1
290
4693
29
124
30
64281
100
4
404
5
1
588
42
154
2
18066
1506
66
80338
15
1
1
366
7068
46
2
692
3564
25
45
1461
1
270
17174
13
9
45
1
3173
8
469
4
16
93
4
60005
5
12
3
3
1
1509
8
17
708
2680
1
26
1949
1
9
1
53
1
2
12
814
14189
3
17003
9761
708
12540
995
109254
2
1
588
1
15713
84
80946
67
1
168
17
15
5
12041
53
32
4
480
13
6
348
6
2815
177
97
4060
146
2
4684
2683
1202
52
365
1
430
37911
1
39
2
2
2
88
64
70
1
5
8
149
10
2
31
281
4712
11323
8
331
2
47
484
16
28
1
2994
2050
336
48
26
1
26
5
35
4792
26698
15
5723
12115
236
3
112
1
716
59
12867
1477
6
314
330
4014
41184
4
257
1
134
1
8
1476
12777
23
1523
382
259
84
5
83
179
155
3
41
3
331
14
21
2279
30
2
3
3493
7
17259
344
8916
913
236
6110
26
12
9
8
13060
3865
1
26
113
760
55
3372
6831
2
2
7
11
51398
3
10
7
22936
2
9
59
69
63
242
1477
4623
2
1118
37
1
93639
15052
1
924
13
60764
6
4610
603
467
2
5
8
64208
64
9
9
7501
53304
2029
2664
1
1755
36
2
1
5
717
17
8
31229
43
1
1
13
96
146
4
1089
8211
9
7220
2
538
3073
29
6
26
2788
2457
103
1479
4
6
10003
27
1
21
23
10820
1678
25
2
66
6543
5715
27
468
406
109
457
193
32
7
545
7
32
58
2103
2
2953
10
995
364
2354
153
1
2
845
1194
29382
14
1
448
133
1
79
4
2
3
5
8
8
2288
2
198
1420
2
5
106
117
497
45
176
143
9799
2
177
1047
5
1
11
3
1
31
314
4
442
6
1
3831
266
4435
716
2
64
4
1
5
1948
16
15
2
26
6018
118
7
15
7
7
18
5
4
2348
1268
3
2
1
1
13810
2293
128
9
41626
26
96
7329
2
1835
12
5
26
142
4066
3
74
275
115
3
5
14
679
7746
3
86
13
540
1
3
2
1
641
15
1
2
84
1
95
14999
26
207
25
13
2
410
8904
2
3
2
492
5
1
1
25
814
3
41
27432
39
248
57
3381
1
260
19
36
2
1348
5
70
218
10212
3
10178
3
54293
174
15162
4
25835
1
13824
1780
112
8754
5
2
35
37
15480
1457
1368
2592
45954
3
5
12
5
1
1
329
15080
27
15
231
39
59
3
56239
21
19
1605
13625
8924
497
1072
8
18854
2991
2
4
16
19
592
9
5285
352
1
2
2
13
8
21130
1
1
1470
4
290
10
13
3974
20001
2
7601
12
1
1112
1
23
322
217
2230
243
14
212
3
514
9370
1
1
2283
16
1640
175
302
370
83
316
25
1
140
4
1308
44
2
439
59499
1
239
11
32
408
514
210
392
4
4
326440
3
81
14
10
19920
38
1160
583
78
108
1
593
169
85
72
155
1685
3
5
16
2
130
715
795
25
1
8
2
44
6
3662
4
4
83
1
66
5
2
2
123
169
720
1898
24
2
1650
3
538
3588
95
510
248
9
6
1
10
29
119
5557
41340
13
18
1805
3
360
2
1
11
3
107
464
74
5
31
10119
15
1923
1
9
19
1500
2
21647
14
1501
821
1172
1412
473
36
6202
8
135
140
32723
5
5
3
198
98
457
14
11
54
2064
21
4
4
15
738
2
41
2
1511
3219
3
1602
1
38
2152
5
4788
1499
1
3
26
205
10
1
390
10
169
61
49
196
102391
2
5
33
87
28027
1
5
2
112
4
4
2
4788
1162
430
39
4
155
14753
23768
85
1
2545
3
1
20902
1348
2575
17904
190
3
846
239
1366
4
2559
5
14098
15581
4
3
13401
13
32
408
5492
3431
1910
7831
1
8245
10
18959
60
1
61
1089
3
13347
9195
390
3
1
1302
12
3
1064
7
253
623
5
3
18
136
530
704
1
1
15576
6
128
919
8076
6815
195
1
6
97
9751
2
2
2
1
261
2
1444
80
1
18526
1024
17
255
101
1371
3078
20
4
2
574
52
3
2
19580
2
10
11342
1
8
10
63988
108
520
2
3151
82
3185
94
83
25
14
22175
1406
239
9008
11
2
1
12794
15
19
101
4808
2
13
3
1
1
560
3
843
30
3
11714
17
2
7861
1
48
4
36
2
708
54
2534
107
9
12181
25
375
444
11476
461
28
2
5946
601
7316
10122
44906
57827
146
2395
57
11
89
10895
236
1
42
19
356
1
8
2048
68
1
6
2
437
14
107
548
1
3880
4611
3415
33540
6
43
3
2
90
1
33
2001
3
21658
23
4
22
2
101
96
103
5
15783
11
1
14
225
1
2848
2275
8
1
9
31
13
11302
587
500
50363
3
22
103
11015
5317
700
10
51
3
145
52
72
118
15030
27
1310
46
8461
2
132
8996
54145
1922
17
37
12770
34
22
1430
1
7
11
3334
2
159
9610
2
3
1
493
2
431
5314
32
1
31
1684
1
279
48
24961
7
7
7
44
4
17
2265
11052
2
2
1
3
2
2
3
185
15
1
19
683
172
444
1
94
2
18198
386
26
1
1
10
16
38
7925
3
4
81
1
9
138876
2
17
335
5
22311
1905
1
122
5
50
1
89730
6
5
3
74
4741
5
28
13378
47
2
2
15
181
5019
11263
13
1
8307
20039
365
5141
4
10
3
204
266
2
3461
2
625
5
517
17153
1041
1433
1
7
18676
7
1
364
10970
21628
65
191
165
25
275
3
5
1
1
614
44
1055
291
10530
31
66
28
146
710
2
1
19
3
1115
71
690
42
55251
423
6140
1068
2
12447
2
53
6
131
9203
1
3
10
5
7
183
31
276
6
5
27781
5
457
3
35
22
3
12
106
31
505
2
10945
65
3
460
233
156
2751
56
24580
6
2
1
6
924
20
418
2
2069
1
30
46
14056
1
1
83
3
1
352
1
2
5077
14224
2
2
3
7
3483
1
698
2
687
97
2
9651
196
2480
13
9
2
930
389
3
5
49
843
2
6658
10
25179
284
26794
318
875
884
1
12552
1
46
36
17
149
18
424
2
252
1
49621
6
1418
6
279
6
386
2
14668
161
2
27
7821
12
300
41
11161
13
1
13
31
1
6
3885
5
32676
5182
53
1984
134
4
6
3700
9640
1
786
204
514
357
266
18
1
422
7
12840
56
100
1237
3
2
1
3527
4
166
1
237
2
9294
378
8096
2238
259
127
5169
842
292
1094
214664
1609
2864
3
47
48
44511
2
1
72
20
567
2
2
7
3
1
1
2
2
45
11
282
1
2983
301
11
91387
3
8
2185
1
3
1
22743
2776
136
12
1991
28
2650
5
607
12
16
17
3
7374
7
1039
18542
3568
22
39338
2
22628
2915
19464
1
89
4956
4
5747
689
151
1
28
497
268
22
6706
14
478
7
1
18
2041
21
43
357
192
1
6
2
67
5
157
4
23657
3
9
10
8
7
9086
1
344
17
573
13
3
31
869
196
1
4
37
50
4
9
155
2
679
683
124
2
17697
129
140
259
1
113
6
183
38
19
736
23794
7919
4
3875
1
5
4
23
2633
11
16
67
37
12
2140
3
574
2
365
325
2
9285
10
61
10026
9
579
1
138
22
1
372
138
40
14
11301
1
1
362
84
3
8
41
1
18
1
13
4
1
1
18
3
226
81
23
2377
63
1077
3519
7
267
296
1
1495
385
1868
5
22
7
3978
17
90
312
112228
9070
126
73
470
1
1
7367
9
2053
2
20
1
38
2
1
660
1
15
17
1
3
5963
2
28873
406
2
3
16
3915
445
69
43670
1489
287
4
8
69
1210
1
1
5
3
4872
303
151
73
1
205
8
100
378
258
2
2460
15
143947
5
1
468
4
2036
1
1
2
110
714
160
3352
5
1
115
460
3389
1
22
156
180
127
1294
29
10
74
6
4
3
19
14776
90
86
19
2
15
7
1
20
325
3
131063
800
1
9828
2
2
780
2030
3
1
133
50
4205
17
28
106
39
1
22
7
1
2
571
37148
1
11688
21369
3
929
7
699
1
1
24
13
5
2
31
2
18595
375
81263
68
1
2
2
173
8186
2
2
474
5
2
6283
68
156
399
413
57
1
1
20
189
1435
59
63
415
2
201
10
684
7
67
25704
1
1
10
162
92
32
3138
34
5070
1720
18
1
325
7
244
30
8
17
2
1
2071
4
3
7
37
9930
2
10012
5
297
8
482
4
2147
1842
3
12204
11
2
4
1
8
345
15
33
23555
236
43
16498
7
2224
78
9743
219
728
401
3
2596
2
12
16279
407
2395
423
447
158
13764
5357
10338
6800
4
15
6951
56
7
40
31455
203
5
292
4
16
4
3716
233
33547
12
51
1447
4699
22854
437
873
19
83
385
1
134
202
6
2
5109
1
1
1427
187
168
2
16
2
5
1104
515
1955
179
1007
47
5
511
6
6
36
423
1
153
94
2245
2
916
31216
312
2326
1
2701
1
1
256
3
1850
53309
148
19
31
15
3
24593
49
24
16
1
9587
41501
2
8
11
6
90
27
10824
314
403
2676
2
806
2
206
505
2
26768
108
1
672
329
1443
38
3
299
5
197
11
1
28
1
456
39216
55
7
8917
1
11
843
93
2
2
18
63
6
249
284
127042
4884
3
1
4148
12424
19
226
12
46
8919
1092
3
2
18
3
929
9
8
975
16
2425
8
31127
317
2
28437
221
2
999
20
10826
34
5
886
111
6520
8
1
2
10
17
3188
100
1070
1
3663
76
266
3
105
24
3
177
11
114
142
2
9731
102
418
14
312
23
46033
1
40
1087
10951
10
4901
3
4693
2148
1
364
2374
1580
3203
32
14
87
49
68
34
82
1993
2
62
20
4
3
2
4
2
3
1
24
4312
540
204
22999
1
3712
3
1
1
4
12
1133
476
3
77
84
49
23
1
88
31
1
11
4898
80
92831
139
14
13335
7
18
1989
4180
3
1
49
4
22
188
6
601
7
15045
6208
1
568
13
1
2
6
276
26
380
2611
52
1
116
9
7
484
808
2
78
5
50
1
2
35
2
197
77
30
452
1
273
100
5011
23020
3
2
5
6
1436
49
2
18328
4
20
3
2
19
447
3307
6
112
139
80
246
67676
1
1
2
12
1
2
201
7918
102
21
2
1
181
80
60
10
12
98
278
228
680
15408
17
32
127
30
4905
1
3
5
7
12
3
1
1144
12
4661
39
25
3
405
6
206
18
345
133
6
75
5
2
5232
1360
66
24
2
618
74009
138
21
3
10
5106
3
6
5614
1
8536
8
6888
401
214
1757
5046
88
2
1
5754
1393
6
1
2
342
4
3077
264
85
32
315
476
3121
13
623
1692
2
2
336
3377
512
18
1
327
231
1265
74
181
17825
4
3
1
12
6
60
4
5
172
407
14
15
16506
2180
64
9
1
4
1
1
73
78
5
1
1
2
17
9430
5
16
12371
16709
3
15
3
60
5
3
8876
642
825
350
4
1
4
1531
26510
165
32329
2108
550
30
100
32771
8
4
3
9443
7081
1
9
97
6
399
11949
1
86
3580
455
1574
2600
10163
33
2
14427
6769
1077
19673
59
119
3812
1
36
13
56
13025
4
18
3
460
3693
2
8
310
1
2090
2794
639
1451
3585
4005
8
1
280311
11
32655
5899
206
794
31
499
1178
16
407
3
4
1
8
13
2
1594
2
1
971
31
162
9
1
6
8
144
34
1835
13
9
4
15397
1855
1
23
2
2
1
49
10318
1
6
234
10
1783
61
91
687
51
2
38
1
1
390
4
23
5
10
1
1007
152
5958
7422
1
45
18966
1
41966
2
2
187
3067
352
32
90
3
1
4680
5240
37
28231
855
1
10823
53
56
253
74
3
2
194
213
1914
10213
47
2
4
27
240
6
9843
59
825
2450
62
2882
25
1
449
9
42
498
219
1
9115
150
10143
1185
2255
22
7
2
76
59
24
187
1665
232
188
33
12289
502
1
2
2133
1
4
32766
2630
1
8
1036
36159
233
2
5512
3
3
23
11
4
1
9
5
4
34967
670
10991
5954
17
2383
2
27
1
13870
12
1
6
8
49
2
102184
1
2
543
128
11
23
487
3718
67
437
25770
1664
4
1
722
91
2639
1
15317
1
2
2
1
17
3
319
1
1
2
60851
157
211
1
1
26
1
2
1
589
2427
12
316
1013
19
10761
610
25
4791
4614
9415
36
23
42
3
37
4528
22
25572
2973
3
120
1000
2
2
2
25
2
36
6
1853
1
8426
876
11879
15005
37
6
1
134
119
2
4
7
5
3
199
1561
48
1
2
4
1324
1
65
1
2011
358
4358
2
1
1
5
28
91
7
15
20522
1195
20218
1834
59
302
9
1
984
1200
174
194
233
2142
63609
5
6928
566
1
10
18
96
10
8
40
293
128
31
932
6522
219
4729
2
5709
93391
8070
1
938
445
47
243
2
47
17
31346
1
124
1
5
7
104
1
78
8
1
2352
569
2
1698
2015
20
19946
11
17
18
27176
2205
4
7
24
213
2233
9212
29639
15
65447
317
9
31903
21
1
57
398
6
25540
30
96
1192
32
54
4130
1
43
632
2
186
1
1
3
29654
2
184
347
4
15
19310
3277
587
5
110
1161
4258
2
8
73
166
1
227
211
15
2
2883
2
1575
91592
9
1
266
650
56
35
1202
1
38
1
111
2
44140
2
70
3365
2609
1
5988
4438
1
980
3670
7
2
50838
76
80
35
36042
68
83
2
92
10
11434
4953
9
261
191
12803
14
30
1
2
7
3664
856
1
13
16
2
6
938
2
997
921
24
10
2
177
2
24
75
17
133
1
3378
1
953
398
449
436
34
2179
52
1
3484
12
577
57144
1
8
3
212
2
6
2
409
68
4
27
8
1029
4
4
13
9
291
1
1417
45
2
50
997
349
354
111
16
1
27175
115
10
5311
838
19
5545
4536
694
1
4
2
5560
17665
116
300
15
10393
4676
2
1
15162
47
137
19
35
3104
136
14183
1
25
7869
1220
3045
8
1103
680
46
38
1
12
892
54
6
685
4
1
2
3799
2698
2
650
294
7025
511
7
2
79
2
2
64
5
1541
245
1
9
24
2
20193
5
3
216
34
10
1133
3272
125949
110
114
583
215
1500
324
76
1
14
1
265
6
516
588
129
2
1
62
3
62
6
3070
55
1457
148
51
1253
29
117
86
2898
5872
5
1
147
15
587
154
48
13314
2
337
1
863
45852
10
673
2531
1107
21456
40
2379
139
13
4
121167
4196
1
1
28
9832
87
6
1
1
334
2
2
3
13
125
36
18
2109
5
2529
27896
1905
2847
133
36
3
48
1988
23
2932
21333
1
346
23
112
5
18
2995
83
2
12
235
219
4
149
8442
34
1
110
26571
27
996
294
3080
30
58
7
7
1235
46
2447
56
634
65
1
1915
10
6
85
415
1794
199
1
28
6
217
747
2
6
202
6
1855
22
130
30991
6
8
1
1020
6
2
542
1
38
5
254
1
505
4
2930
3
8
13
74
13860
20
10
23702
56
2
1
4
34
526
35247
261
41
1821
105
16
3
220
1
1
45
1
11
3
10
1
196
15
8
14
3606
12
2
727
89
2
1003
7811
152
26
7094
1
85734
73
32
1
153
5340
3195
2
169
2
15
14
9683
33759
2
3
11
45
1
19
28
111668
762
34
55
3
4
44
2706
160
139
6
43
3977
36
11546
9
38
16975
31
1
76
42
96
1
34
2
31726
2
637
1
688
1749
3
1584
2834
11
2
1732
546
219
1570
528
18
946
3386
149
48
2
29811
46
17857
11781
2
2
6
51041
9
329
6
67
24963
1777
555
1
63
3
9913
3
3029
7749
290
16
487
97
59
68
495
8
2
610
3053
2
1713
33
68
441
4
9
104
20
88
10
57
292
4
345
610
3
9
7324
329
8
1
595
767
2
1
40
14
5
133
2
39
49
1550
1141
3086
9
81
86
61
1
6
5
708
9
1
74
5640
2
247
29215
6738
6150
3
92
1
92
18
3454
5649
8
1
1
12892
445
356
2
1
39
32635
9
18
3521
76
130
13
6
4
296
1
3
55
3050
135
2
3
7
9
3963
1819
2
1
47
1
5
67712
2
38
95
596
1
27218
8
13
768
98
182
182
1198
241
16507
18
8403
35845
128
1
6
915
86
1
15977
3
4115
2
28
3533
190
4
9
95
97
1
3613
173
36
71
404
2274
29933
1
1
5
686
28126
8044
8189
12
61
10723
4
541
1
2285
22
27
4184
2746
1
10
6
7
1435
157
1
54
8094
48
4
16800
114
622
16
1
1
22137
1
1
6292
17
1
3
1
4
4
56
25622
3
6
59300
651
13
29
114530
6
39
15496
416
159
4
5
50
1
4194
1
1
1437
11
29
28
2
106
1465
3
79
767
1829
28803
16
46942
407
125
84
25
11542
264
3
127
1066
35
298
2
7044
3
81
24351
1
182
1
219
28
13272
26
1
359
14
9655
6
9
24
1
4
1087
18195
46
16
2
11
10
9
41
4
5897
12884
63
6
2054
6
5
67
4
1135
493
1
53
44
161
1455
1335
1
13496
8
57
1
1
2
2278
2
67
2721
14
44867
25380
66
1
1119
3
1717
13
773
27
14
18
1
248
31
461
1
34
19707
4
56
39
1
1081
3410
2
540
40
2
626
4044
11
15221
4
9
1088
4
13210
10
1
78
942
3
490
60
10
2
579
114
18095
4
1
1
2
11
8
2369
37
1
19
9
2552
112
9565
64
575
234
737
3
1
5
431
125
1
3
7
41028
203
95
4
10614
13
39
267
19
1
40
20612
1
2
561
7
16
71
230
2144
23
584
14298
11
20064
3
2
124
1
7116
31
21008
359
14
39
1
171
213
6
3
118
17
2
6
11
161
59
5
134506
384
4
440
300
30336
19
134
12
70
2272
10433
21
160
30
2
4
275
153
1
469
9
36
180794
905
185
234
52537
3
144
2
5
350
2092
6
23
1
34
5
1049
3
12
1
5
14
4046
331
1
25
16406
30
21
3
31
6801
4
216
25572
9989
53382
24
2
38
69571
6
26231
1
247
2
7
31
57
138
99
368
3380
18
2141
988
42977
2
2
43
3
53
3931
280
3704
4
9
879
1322
25923
295
5700
42
8
6266
19649
2
23
1
3
4744
17
408
6266
2
11
26727
2822
11
128
23806
29
64965
54640
93
9
5
103
40
36
2
8
20895
3553
4
41098
390
1306
100
2
538
294
1
33
28
1
10
20853
1
5
3848
33
1682
40509
15
2365
4
127
1335
7701
1
1
6
5
228
15
1846
1
28
43
589
9185
482
14677
4
1
34
12701
26
43
2
5
571
2
12
1
1811
36
28
9
11
1
2
388
1
9
265
1
2
5128
1267
4
6
188
17
21
10667
181
334
949
1047
4510
43
11
4
9
4
84989
5
2
146
6590
179
2194
1
117
2
8
1
124
5399
10
2
301
9212
4499
4
1
1940
1
13
27
113
643
1
6
2
209
337
1
10
2
98
50
5
2693
10
4
430
65
2643
1
3
11817
2641
97
2
8437
84
320
3
4
252
1
3086
34
2
27
401
33
172
3
2
1
58
1
2258
18
2
2
5252
516
3823
6
1
8
788
1
1752
235
9
349
6319
12
162
37
2
2
43
11
32
1
115
57630
21
8139
7
89
1
53
7371
60
193
1
4
2
3
152
16
4762
18
5
17
12
4
4
435
1431
1
5439
93
83
100
6952
14979
2
634
1
40
1006
550
415
13
33
399
180
9
149
159
120
710
22
10
2
57852
5
31
10012
6
22
3176
319
7463
12
28
42
10
61
624
81
50
3063
2727
4
33670
2
15
18
2
106
2
12
17
1
10
2
64
15
1094
1
4
3663
47062
1
39
70
7
2
32
6
4
1
28
25
4
7433
122
1
154
480
11365
105
24
1
49908
5
82
144
11
3283
38670
2
9630
721
1
114
76
2
3
640
1
1
6
2
17
2059
4
11
7161
1
2
1
3
2608
75
162
598
684
7
9853
99
5
5910
4
1
17
1
5
8
1097
43
6
4
2
2
2156
7
12772
242
1496
10415
209637
1206
21
231
420