314095
7
7
33
172
1028
41
4
31
6
302
8
2
1
36
1
13
12
9
8
1
7
1
7
16
1
2
74
426
65
349
790
7
4
122
37
1472
162
78
2352
1018
236
20
304
83
42
63
50
10
2
1233
2200
13
1
867
18
1
2
1
2
269
34
122
43
27
6
57
6
121
7
3
755
4
1
3171
2
1
5
1552
19
5
11
5
3
214
9
31
152
45
4
353
1
1
184
218
6
6
1
96
116
12
3
5
286
1
7
2
1
812
9
7
387
1
157
2
255
1633
2
3
2
272
19
11
1
1
3579
13
2
50
1510
1
1
180
4
48
1
38
1080
901
20
22
373
5
6
15
143
406
2
14
1
92
105
94
32
14
2903
367
75
163
13
539
2
31
10
4
67
85
1
1582
6
178
297
8
3
5
505
125
1
2
175
1
6
154
4
7
812
831
9
253
232
12
380
564
9
6
15
6
1
2333
12
54
16
47
891
3
187
4
1
68
15
382
15
189
111
2
540
94
415
25
29
1
554
309
1
1
227
144
83
2
1538
1246
83
1
7
63
1
4
13
2
1398
5
46
7
46
487
307
1
535
8
517
92
3
6
2
1357
4
202
98
9
648
1951
2
33
59
95
21
2
5
7
1
1
230
9
1406
319
28
236
299
183
1
4
4682
4334
127
9
1298
332
1
1
1
3369
44
22
407
1
55
1
1
59
1
69
1
4
7
5
736
52
37
4
868
23
2
38
61
3098
550
16
36
7
2
2
1
2
136
15
1
6
26
683
1
158
186
2
2
27
133
187
7
1
2
1
287
1287
917
1
6
2
10
477
2364
52
185
964
819
1
1
1
37
71
30
65
480
8
1
396
129
6
361
2
236
33
1496
51
6
6
62
199
2
144
1
5
255
3
8
1
26
1193
2
1
60
3
5
525
3
5
1188
580
296
144
66
86
2
689
603
2321
899
11
165
4
1
16
649
12
1
1
243
1418
38
2
791
1
37
1197
11
42
15
2
1671
11
1
96
558
794
268
17
364
1
37
7
192
10
167
4
4
482
1
106
75
2
1
303
2
4
62
587
12
1
235
1
3
189
4
339
19
3
100
10
9
17
2
13
282
272
3
7
37
8
1
2
1357
6
645
941
24
2063
3
2213
250
5
265
7
23
3
5
705
13
8
1
4
2
3
2
322
7
268
3
190
6
5
1465
10
23
511
4
2
235
97
28
1406
14
14
2
231
18
3
1
1
74
70
31
8
416
3
222
2804
37
14
238
39
1
173
173
62
2
1
1
3
1
11
12
817
4
1317
531
2
264
104
4368
19
2
12
1003
10
9
796
193
87
1
1
1
3
5
9
107
119
32
502
27
2
25
44
9
251
37
21
133
1
259
210
1531
305
1
10
644
38
165
382
1068
115
314
191
2
29
88
35
22
928
962
70
17
100
11
706
7
42
29
10
16
6
10
79
2
71
265
1
4
126
16
48
2
39
3
11
8
18
4
1395
4
47
937
123
1
5
1583
44
1
369
135
323
27
1683
2496
1
3
27
5
163
217
1
200
1587
7
4
24
8
2
834
1
17
1
55
857
32
55
4
1
113
240
118
1
1
85
118
437
18
51
46
11
13
790
160
602
5
4857
3
17
67
407
134
46
862
245
97
63
9
1109
5
281
31
68
23
2
13
1
79
101
12
1685
6
4
26
90
1
582
24
457
14
620
2
13
1
2
378
1
906
14
16
17
320
3
32
47
34
411
17
1
256
225
336
2
1
32
3
1
1
650
291
1743
221
104
150
20
19
4
11
6
29
64
3666
2567
7
87
14
82
1986
430
11
11
5
20
3
585
1
4
13
1
4
4
71
113
154
40
14
12
67
15
21
1049
63
6
1064
5162
14
2
2
15
224
9
77
13
17
58
14
2681
1
4
749
227
186
6
186
1293
2
547
270
30
2
3
940
6
1
23
17
28
1
10
5
3
66
311
4191
1
342
1
4
51
971
1
111
45
17
4
18
160
5
44
340
2
32
5
508
15
522
32
9
17
4
25
3
448
33
1623
115
6
2
1
107
32
2
1
1
1293
156
564
1
354
20
25
14
25
173
108
1
1
16
3
1032
1
172
32
1515
3
1822
45
14
2
77
5
15
259
38
933
726
94
468
7
15
4
1
27
53
7
118
6
2
91
121
478
1437
2
131
3768
16
2
253
25
4251
3
1
1
89
7
848
49
73
43
29
1287
57
174
15
2
241
53
8
3
163
649
1
1
3
129
569
32
1
10
1
1965
7
13
6
11
556
1
30
74
9
7
29
415
301
1
111
141
219
12
55
62
2
35
23
41
42
1773
2
109
236
1
88
823
1765
83
41
582
32
2
1
1127
13
12
66
48
90
1650
688
839
317
4
11
1
49
2
928
17
21
1
211
320
20
4
21
714
60
117
13
5
11
1
1165
1568
353
1
24
76
1908
126
1199
4
4
226
35
39
11
32
21
1
890
171
46
4
2
29
141
1
39
111
17
280
2
1
11
1005
2
6
12
1390
45
204
1
927
5
51
1
35
4
21
272
2
1
182
9
1987
3864
4
29
11
1
1
21
295
3
132
207
2
2
295
27
15
4
330
2469
37
22
30
17
4
5
1332
5
256
168
2
202
1
2698
89
271
51
1
3
174
21
1
44
208
70
3
3
262
1
19
1060
22
463
1
416
25
97
627
5
1
283
43
19
1
1
174
8
2
26
5
26
22
3
482
28
61
1
20
1
5109
22
1
181
56
1
27
2
2
34
13
81
144
32
3
38
4092
16
43
1
44
1
9
19
8
16
92
237
8
4038
16
160
384
7
100
962
198
4
390
1396
8
42
50
2
190
33
1007
1
4
59
17
3
6
608
2
43
499
2234
12
1
645
8
4
3
340
353
4
67
1169
1
10
5
788
2
463
6
11
5
95
30
904
231
14
8
43
9
3
22
236
1
211
12
7
91
1
220
36
843
1318
29
372
6
49
67
12
199
1
1
16
50
2
32
3
952
505
4
7
904
16
1249
13
1
42
1
1
13
27
4
685
482
1738
4
2
269
2007
355
237
40
875
3
26
17
771
696
596
143
145
39
94
1
2
1
7
25
78
475
7
7
25
343
7
2
1072
1
19
1
2
60
18
208
238
2
1
3
16
741
2
1
4
181
18
1389
23
15
1
1
1103
20
1
22
755
1
2
471
1
14
293
1
1038
3
12
493
152
32
303
14
714
564
50
102
1599
2
31
6
1
4
63
10
2157
1
211
135
1
985
51
1944
2
2
4
62
149
250
487
247
684
618
20
157
217
820
4
1846
10
3
4
439
30
66
29
1680
37
7
414
1
4
1
324
823
193
3
4
693
47
1
316
8
5
2
2
5
147
6
318
1
1208
22
1
27
184
4
43
178
1
562
639
5
208
8
8
10
1
12
161
1
176
2855
5
42
7
10
11
90
1
280
6
6
5
48
16
1
2364
14
1
417
16
183
1
62
1
1
48
9
82
9
233
62
15
289
21
1748
3
9
10
18
813
889
24
252
4244
164
9
20
162
1
636
581
37
2890
2
19
8
1
5
1
1
1
616
1211
23
3
68
403
1
2
1
93
2
1
89
3
1
41
94
1
4
7
1519
384
30
69
1
58
124
56
33
351
9
76
117
1031
1
1016
1
218
22
2
2
4
3405
47
170
1
9
4
18
53
3279
142
1206
1
2
13
94
53
4
263
1
66
458
165
6
1
51
21
1
1
1782
4
1
110
65
7
12
1
20
12
1481
72
167
1
24
123
1631
5
537
21
112
1
283
477
318
42
10
120
20
955
17
497
1
167
4
4
19
1
13
106
5708
26
3
1177
432
86
15
195
7
23
25
259
31
6
286
2
5
400
1075
5
1
123
3
6
3
3
1
1
89
749
70
76
1
16
1097
41
13
1
3
244
6
4
28
1315
3
2
4
66
135
1721
75
2690
18
14
1
596
107
1380
512
44
10
43
2
28
155
1
20
32
48
25
56
11
465
39
1226
2
2699
1
147
21
2
2
1
47
11
443
101
9
4
2
82
383
879
387
1207
3
78
17
1
20
45
1
12
909
509
1158
844
30
6
965
27
25
87
277
328
9
385
1043
6
52
1
192
963
52
67
1
340
83
1
5
4
3
3
2258
912
56
8
1
5
3
1
7
1
44
823
3
26
2408
320
1154
2357
560
2
6
3
63
127
1
1
842
169
23
13
1158
14
535
176
468
162
13
1
11
40
663
548
53
5
5
245
6
1
126
2
166
2
2
12
909
2172
3
1040
3
1
1
26
692
196
1
152
94
33
4
3
1
30
1
1146
660
42
23
19
24
1
5
993
4
326
1
1630
34
546
420
18
1921
2
7
941
419
21
338
27
96
85
198
7
6
75
68
92
3
188
1658
31
34
1
1
1
7
95
1
20
227
8
2
22
22
221
7
10
4
1
62
9
43
3
8
2492
64
83
1019
14
112
578
5
2
554
4
58
25
1
426
3
85
38
1
2
2
1185
7
384
3
26
205
26
1082
131
90
8
1
419
132
70
24
3
2
1
1
2
8
1172
45
19
32
2086
20
89
141
1
4
152
64
1653
119
1315
2
82
235
5
31
782
43
2
2
130
75
117
10
8
4
384
5
29
262
138
19
1297
130
7
568
64
2828
2
228
1
106
63
36
21
8
135
232
8
1
12
20
34
1
128
1
3
13
1037
1452
121
39
1
124
11
2
1163
176
16
1
1
1
75
13
3346
16
16
59
59
77
2622
2
37
1
1
1
7
18
4
761
907
232
1
47
20
1
70
163
1618
1
118
2
2
4
31
7
2395
1
612
43
2
758
7
361
889
16
38
239
1034
1
94
738
1
2
1
76
8
112
5
1790
356
4
1807
427
18
31
597
2
1
428
4
2
777
57
295
826
2
1036
520
1
1
1
731
5
32
53
24
6
267
5
30
9
2
4
70
163
4
453
27
21
4
1
1
4
1710
2897
38
16
6
1027
553
199
8
12
1
98
179
1
8
15
214
395
425
1427
43
3
37
17
8
45
3040
2783
66
8
9
587
41
21
47
401
1125
3
71
3
167
124
4
24
7
4
28
86
119
763
178
47
2298
1
947
124
1925
1
364
365
20
16
8
2
464
13
119
1
17
6
4
52
33
1
14
81
2
13
142
809
4
3
1013
11
1
46
8
3
182
3
148
4
328
66
4
7
20
6
14
13
468
707
11
244
58
30
2
35
585
818
178
266
1579
10
1
168
5
4
31
1207
54
102
3
15
1
45
5
17
320
1533
192
3130
27
5
7
34
2
4
12
882
39
65
488
101
26
18
3281
2
1
153
1404
35
32
78
1
4
9
917
225
109
2
2
30
17
3
1495
6
246
12
77
312
31
373
4
7
58
129
1285
1195
635
33
8
1064
3
70
26
1
276
7
10
98
267
579
41
152
1
112
27
75
167
314
2
342
14
19
56
62
891
17
8
516
15
3
8
17
11
21
8
1
29
595
44
39
1
2
95
2
2029
7
74
1
694
1
1
82
203
115
1028
1
147
1351
88
1
44
207
1
1
1441
1
212
86
85
329
11
42
7
1126
258
310
5
419
63
15
6
75
22
1
16
20
55
3789
8
6
165
5
11
223
43
3520
2
31
8
38
1805
1848
4
1
5
1
4
1
6
6
11
5
1
8
1155
4
1
2
7
16
1
54
4
1555
7
1
10
682
2
249
1
3
12
473
990
7
2
2
23
13
16
333
321
31
33
15
28
192
1
1782
263
4
3
11
6
532
36
221
3
810
128
3
2016
139
46
1
50
4
44
10
1
1
1
407
2
1539
181
152
1
2
20
30
2838
174
2
761
7
1
1
1
4
735
27
275
1
1
1
733
1648
47
26
64
727
28
200
707
74
12
338
166
88
44
1219
1
2
5
11
2
233
125
7
26
50
4
709
116
6
3
486
2
1
3
13
158
122
1474
2
4
3
4
16
100
32
670
6
2
253
5
3
49
1
117
11
29
959
8
38
98
18
259
900
3
3
344
479
32
1
86
1
2
10
1
564
29
9
152
1
13
641
41
245
268
72
7
6
11
314
109
531
12
42
1806
3
2968
1004
164
9
191
77
448
256
154
93
80
3
1
93
7
36
3
61
3
14
3106
3
2229
164
2
1
55
20
536
1
13
85
13
9
3
806
5
756
5
1165
3
76
572
1
1
1
127
66
919
676
2648
278
53
1201
2308
27
206
7
304
1
2755
140
14
3
149
1
15
23
3
7
158
20
1247
37
287
25
1404
2
88
18
26
4
885
29
2
90
1
2
185
799
50
107
2
4
69
293
108
7
698
208
4
2
160
5
29
1
10
64
82
6
260
4
13
2
582
131
346
34
87
1172
3
892
535
4
188
4
143
157
136
1
169
119
465
3
13
11
16
19
2
6
2
527
400
719
3
56
851
4
1
1
168
26
2
1575
1
40
58
4355
402
9
67
315
50
1522
26
1108
2
30
1026
39
145
14
2
1
12
5
55
73
21
4
624
25
1
74
65
14
134
9
467
67
1599
44
2054
1
20
30
3
23
198
10
1
553
279
81
17
9
6
119
3178
2092
127
16
34
25
24
4
19
122
89
77
28
7
52
1123
51
1170
1
1
217
401
2
1
8
3
396
158
35
121
34
1
16
204
295
11
3
310
93
2
253
1
36
8
48
147
1
1
2
61
11
65
30
1
1163
1
109
10
588
35
232
1
171
4
6
1
5
11
3
3133
57
15
11
22
9
24
1
261
3700
1
1
1
49
5
28
50
435
81
105
134
1
1
265
1
17
226
40
214
1098
129
367
39
4
21
164
2
181
145
184
25
22
2
18
2
315
4104
24
10
2306
14
19
2
3122
2623
41
19
892
237
43
24
129
67
450
406
317
704
123
66
173
92
3
94
108
409
3
9
758
162
1
1
488
344
106
3
13
1241
227
4
2
1
22
1369
311
112
3
8
202
9
30
16
3079
164
2
19
250
6
18
184
991
30
1
21
130
5
15
37
15
1
87
3468
262
483
2
600
7
68
193
1
3
52
8
805
32
16
154
35
901
452
943
3
3
944
7
161
18
25
1122
2
2
33
92
2
12
551
1
3
5
1
63
11
9
498
4
12
4
1
34
3
867
27
21
647
1426
14
6
7
6
3
14
87
1
39
183
780
222
278
4
115
95
3
13
542
180
1
42
11
469
4
7
5
92
19
151
39
35
231
27
1
6
4
13
437
338
2
18
7
5
8
10
113
42
155
1
995
12
29
4
129
5
38
3634
275
60
1
1
156
15
3685
103
1
5
1
22
829
22
5
533
7
1288
7
1923
25
37
1
3
2
55
79
18
1
9
1007
2
2
144
16
266
24
68
25
2
19
2848
19
717
249
26
51
3
1
742
768
20
79
885
93
654
90
3
25
172
639
1
1
141
14
12
9
24
2
6
2898
4
11
1
266
1844
2
112
13
4
1
344
767
3
60
1726
208
25
1
339
3
156
192
5
31
32
8
116
9
316
104
7
158
62
84
4
58
32
1
161
353
34
2
57
2
10
1
3
1227
1354
35
552
186
2
58
1
15
80
1
4
3039
12
48
1231
3
7
6
659
56
1
14
2
703
2022
19
9
6
1368
155
3
7
39
13
11
6
146
36
2
5
3
1903
777
2
1
19
40
429
1
15
12
6
27
661
751
406
18
5
1161
12
213
1
1348
1
426
3
2116
2
242
5
275
127
102
3
21
2
143
6
180
715
85
16
666
15
3
1
10
1
113
148
123
1
2
1
268
205
866
292
6
68
291
1
17
41
5
18
30
6
5
22
153
1272
46
1
475
6
76
41
226
12
34
133
1
173
2
17
8
40
2
270
2
1
1
1
8
1
4
2
3
177
7
3
4144
2
1360
24
10
4
3
34
210
7
2606
186
2
19
6
432
4
167
3
20
8
10
358
34
11
1
115
152
142
600
106
1
5
534
1
3
13
1021
14
142
11
681
3008
1
17
12
2
18
12
1240
398
127
1
644
3
39
102
1
74
3
2
448
68
2136
425
1089
3
822
8
4
1
1
3
45
7
1
6
2191
19
10
2
4
5
101
7
1
350
6
3
159
8
8
4
195
1296
100
11
419
3
13
5
822
21
6
76
47
9
227
11
1
3
19
42
50
41
1
752
35
14
445
15
233
40
1
5
10
25
113
12
1168
400
781
5
3139
46
1296
653
1
1536
13
9
283
1
22
199
2
2
20
217
692
3694
35
304
272
4
7
195
33
123
223
24
21
58
2
243
1
62
1
746
211
8
1
138
4
1
6
9
1
9
51
107
25
144
1
4
4982
168
1
76
38
4244
23
119
14
538
310
1
8
1
10
2
3
54
3
187
131
24
7
2194
11
1776
11
276
207
2
1
1112
86
2626
75
3
276
67
147
86
2840
247
12
17
1
3
100
3
45
8
39
2613
46
32
7
1
50
5
15
50
93
2
1
9
1
153
679
2
138
112
19
517
3
1
7
216
2017
109
2
20
960
3
841
8
36
41
770
186
5
2
121
1
9
18
192
6
2
292
2
17
1
466
70
2057
2
226
63
1
81
19
1
142
1373
325
20
1
289
76
5
100
9
11
176
510
70
700
1
16
85
357
43
8
49
213
1205
40
2238
106
1
873
294
169
118
16
30
20
80
232
5
34
992
8
3
17
180
421
1
4
4
385
2
708
63
128
54
553
1
125
71
1
1
2
170
512
3040
2
137
221
888
7
2
174
2
1
203
64
27
3
77
352
14
6
334
330
35
9
354
2
2
15
3
174
10
4
1
178
8
116
3
44
709
198
49
59
714
8
1928
533
480
21
1
12
170
933
52
47
1
10
1
28
112
11
5
4
1
1
25
11
1
236
1
28
1
137
361
9
309
1
315
168
64
87
1072
472
11
1195
1
11
104
3663
2
2
4
4
3
51
28
1
61
31
33
7
1
1
1
236
3
68
6
614
23
1390
5
5
288
1
64
2
93
553
14
5
325
215
4
1359
7
1
6
10
1
31
34
9
12
833
2256
71
8
1
2
1569
1
2241
3
58
270
11
43
19
4
204
124
6
152
18
1
1
1031
29
24
4927
1
18
1
1928
1
20
1
96
1291
497
8
7
155
644
255
83
2
3
115
1
121
277
18
4
818
52
4
105
1
104
72
5
9
8
10
2
25
8
2
624
320
431
5
9
14
1
10
196
261
5
2
141
8
10
11
18
3
2
12
1
4
3682
1
10
6
425
2032
110
576
73
5
55
1
1
447
39
137
20
34
30
199
22
14
8
39
1
87
20
349
1
14
1
2214
315
1040
83
7
1
71
36
601
1265
8
706
18
160
23
3
273
11
27
13
213
991
1
6
4
21
2
1
34
149
1
1
9
4
2252
1
2202
33
5
3
2
329
72
1
39
83
530
5089
15
21
139
77
65
4
4
29
7
51
48
1
10
12
3216
1
2
3
226
1
1
17
46
2681
6
45
4
2
4800
20
1
180
20
1
489
14
6
83
2
396
829
206
1
140
3
870
26
1534
4
9
24
122
157
125
38
1381
7
81
53
1
448
2
10
2
4
465
24
1
304
246
5
1
4
4
1
507
165
2
103
1
7
4
2047
6
966
3
27
228
9
1623
48
94
660
371
1929
22
175
1
8
1538
1
1
775
1293
33
18
52
6
1
2
3010
16
224
107
405
346
23
1059
79
4
62
1
4
245
1
1
127
1
1212
2
377
72
1
3
6
4
4
2
22
8
4
561
1
63
19
789
167
5
1
1880
435
598
358
132
2
30
60
400
85
3
439
657
1
2
153
276
95
814
59
4
33
760
326
2
2
10
70
14
14
124
20
702
107
1938
53
70
894
2
623
825
2
421
1612
1
7
23
512
1
1
11
28
11
694
10
1161
2
8
1
114
13
37
335
2307
107
13
134
140
163
20
1
2
28
1232
1
31
1
15
8
773
2
1
16
1
2
12
67
2
599
1
3
31
93
3
20
51
2
3
174
120
981
121
9
32
26
850
731
12
4
6
1
2
6
5
647
467
47
12
59
46
637
424
25
2
1043
2826
2583
2
2
28
85
1254
1002
293
1156
2
2
74
76
7
2686
54
141
18
71
339
5
3
49
28
834
1793
62
1
37
2
11
7
2
865
1
3
915
15
15
314
5
2
11
2
3
2
27
598
9
1325
4
465
3
446
280
3
13
399
1
2
179
1085
7
630
5
21
473
238
10
1851
2
21
154
64
187
1
18
2
1029
3
463
22
28
1
12
22
11
3
12
10
9
1360
2
1
1511
142
1907
121
29
44
104
35
74
5
4
3
1
243
556
351
365
10
19
22
5
151
10
2
53
3
457
3
19
883
53
44
1
2
9
356
4
231
46
41
29
3
9
533
592
1
211
111
1
4
1
186
1
6
62
73
12
4104
175
1607
293
1
87
1
1455
2
1353
9
2
1
16
1609
77
19
2
126
388
1276
46
47
556
74
21
40
33
2
279
31
470
8
10
35
3
15
1318
27
115
1763
956
7
131
48
341
1
7
67
764
1
15
42
394
55
89
13
11
63
1
5
165
2
8
7
58
33
69
268
190
4
1788
499
4
1251
19
3
4
7
46
73
1
19
418
1075
13
1028
18
234
2
12
2
1119
3
30
54
124
1
29
303
1653
6
123
7
2
183
1390
7
2
19
29
1
2
3
209
13
79
17
1
1890
2
631
4
2
4
1
413
2
5
1
4
13
118
36
11
2379
168
3
1
659
1
91
496
1
9
197
957
1389
27
2
44
8
1
71
43
1
4
78
2
23
529
186
1
67
1
1515
7
190
112
1
1
3
155
9
9
3
1307
17
6
4
901
35
1
1270
77
299
9
1468
11
156
21
56
234
419
26
33
36
1895
1
30
96
2
55
3
8
1
240
14
1
20
1543
22
3
10
1029
3347
44
14
31
6
17
1261
1
97
202
107
3
1
2
411
213
1
14
100
42
1
2945
127
168
1
64
4
1207
26
1174
1
3
1
1
15
422
1601
83
132
1
365
36
187
62
12
1
8
623
253
23
1
9
10
1
20
575
22
1
71
1
850
32
1
1790
252
1
1
329
477
74
2
6
2
4
14
179
5
148
18
12
1
1
75
26
6
24
3
5
134
846
20
23
22
8
8
1740
59
1
5
4
720
53
3174
6
33
5
2
164
375
73
2
75
187
131
1
2
2
13
2
2
25
1027
247
163
3449
22
2
4
57
5
829
2048
1
10
68
85
771
58
92
9
1
86
16
2
2
27
36
80
2
3
3
61
4
272
1
191
476
6
13
60
963
884
368
23
1
13
144
49
14
1
31
9
11
1539
1
4
2071
30
17
1
3
505
1
30
18
734
35
4
2
33
1
5
365
37
5
1753
18
6501
668
1
4
1249
27
47
211
9
21
101
1
16
10
10
1
1
449
613
3
14
120
2
1
46
1
53
94
968
63
2
16
819
35
1
234
452
74
100
16
21
1
4
675
9
319
8
3
3326
1637
2
1
20
134
1
4
2
154
32
9
4897
31
132
5
332
6
19
5
16
4
7
2
634
865
15
1
7
1
283
198
1
153
19
18
18
1
2
2
48
16
20
459
786
1
8
7
27
15
3
1
563
574
16
195
642
2
16
43
8
37
205
120
1
19
1
242
708
45
2
12
61
54
553
1
207
1820
11
18
7
7
230
20
2
2
753
164
30
2
7
203
202
117
2
3
952
38
7
41
64
6
225
4
270
3
1546
331
87
456
2
34
1085
155
168
487
3083
2
981
10
47
72
1
127
7
1727
352
6
5
9
96
34
2297
5
1
22
30
192
3
106
426
33
13
33
205
19
1683
341
3
2
17
36
60
2
862
302
1962
1
25
79
1
2
1
32
189
1
6
400
1341
396
27
2
3
16
3
325
13
82
123
39
270
9
10
5
195
2
11
9
484
1379
1
94
57
332
2477
21
1
96
31
11
90
7
614
2
2
2
426
1
52
13
490
1
31
1
74
93
9
186
211
1091
2
3
17
1
50
490
2955
180
40
572
820
1
2
5
178
1
3
88
7
1
2
18
55
34
2
4154
14
1
2
26
203
457
60
4
73
34
165
787
22
1
1
5
5
105
117
40
18
3
6
1
1
61
6
244
83
2
2
2
298
951
39
5
214
21
822
15
14
10
13
6
1
65
1
2
3
1795
593
112
1
8
3
7
434
1493
1036
60
15
4
1041
4
16
18
1602
3
26
1
9
596
3
3
59
15
1
929
569
23
8
24
45
2
8
462
21
6
70
72
4
10
33
2
18
300
2
66
60
12
1729
2
3
4998
22
1
56
25
16
12
1
1
4
44
374
1
2
83
583
1014
2
74
26
712
60
58
1
20
1
19
214
844
5
18
2
6
1
943
602
10
1
2
5
59
14
10
4
131
42
35
559
1380
6
5
267
5
2
278
1
1179
1
36
335
18
2
54
5
279
6
265
1707
5
22
18
39
1671
18
4216
3
2
8
4
1
777
8
607
2109
3
2
1
235
24
17
2
64
360
42
552
31
832
1
518
63
144
55
3
626
77
1
303
4
1
4
4
221
545
1137
4
78
68
57
2
1
270
1
6
2
1423
1
1
1
138
42
1
111
980
2947
340
4
14
15
366
1019
3
12
167
1
2
48
6
1
45
4
10
9
1869
1640
558
53
17
11
1
1
348
138
6
38
23
52
11
3
11
157
582
3
1125
58
2
139
268
1
899
3081
173
379
6
1441
1
341
21
3
34
4
517
1
584
294
53
46
157
52
73
8
1
4662
1
104
117
102
1
36
1
1
3
3
789
2
1089
18
23
146
18
45
172
210
1
28
5645
1
1
1
22
177
333
3
341
21
2
16
8
171
1
15
894
34
1
68
3
1
5
895
4
312
5
1337
342
4
1
5
129
1
253
1
41
6
4
101
11
3
17
6
2
3
613
4
39
42
622
778
31
66
1
37
12
8
25
143
82
188
202
3
240
9
1253
25
1054
2
6
33
1
2
27
47
17
305
72
10
3
314
8
251
1
9
3
446
299
94
43
1
1
11
1503
23
71
980
1
27
84
1
85
107
99
674
6
102
3
7
17
1
7242
3
165
1
1048
8
47
173
467
13
2
41
3
1205
14
388
301
935
1
408
5
11
29
1
1
6
1
122
6
65
11
1
3
2
84
9
25
24
4
1
167
388
2
125
2
128
559
2
395
1
154
26
2
902
23
3
195
1
49
999
7
4
8
1
199
18
2
1
610
2
2
222
5
65
11
1
1501
9
31
1
1118
1310
2
3
203
15
8
930
7
4
53
62
1824
51
3
288
58
797
7
552
134
16
79
83
10
1503
93
292
1714
294
36
222
95
6
1
34
12
2
59
763
350
2
10
1316
1023
1
211
14
34
1073
1
15
2
11
114
4
1
5
20
77
12
6
494
76
1
119
8
935
21
1660
1
1
3
9
4506
1
25
575
213
27
1
10
313
15
1
1772
1
1
79
1
12
42
95
3232
55
1
888
1
641
1
1
85
1085
13
7
10
43
88
181
12
8
102
31
4
12
18
57
123
1
23
267
933
31
2
635
75
16
6
8
39
1
3
2
32
42
128
931
1632
109
839
2
183
10
58
60
3
1
112
8
3
1
24
16
2
7
6224
1975
1
2
748
57
26
2
369
1046
13
50
17
3
1
1
363
4
9
965
763
27
4
8
53
71
564
37
55
21
495
1051
1
181
632
185
15
2
32
9
2186
347
499
133
3
1
951
16
19
3062
460
2
25
1
174
624
3
2
147
58
1
125
78
193
1
36
2
5
104
334
4
3
1
317
7
1
3
950
6
115
102
1
1
4
102
180
56
269
12
192
1
74
2
13
2
5
1552
3
1
20
13
2
1
56
1
2713
1257
986
7
777
108
53
49
28
5
74
840
72
1471
2
289
216
1
11
2
2
18
775
1
1
1
1
4
3
188
1459
107
5
705
1
1
110
2
1464
147
1540
39
1
317
121
11
2
194
1
3
7
4568
45
3
3323
1717
20
1
1
12
7
33
59
216
28
12
1327
4
42
22
2
3
52
14
3
2165
128
16
30
150
356
4
2
14
99
15
38
62
13
1
1
114
167
698
25
106
75
119
447
224
119
15
1449
89
901
13
5
2
56
3
79
59
312
3536
2
1
3
8
43
6
14
3
1
13
128
1
50
3
25
7
1
108
7
58
22
985
2
1
1
1326
11
452
1
1
137
73
1
1
1
978
4
232
249
10
714
391
13
24
2
1057
466
9
2
80
44
2568
4
912
14
1
14
6
23
3
3333
310
1
1543
214
1
263
420
428
101
33
22
67
9
2
54
414
2
105
3
241
11
1098
1
133
233
13
125
58
46
146
3
549
8
119
18
353
66
3
18
72
192
1
3
152
4
1
1933
24
932
128
80
1
7
829
540
2497
3
431
30
4
231
359
1
1
12
249
68
288
617
756
8
1
41
177
583
3
34
10
18
2
120
2
2
498
144
135
88
40
10
5
219
365
1084
1
8
2
42
1403
2
5
106
1
406
71
207
6
84
1
2704
72
281
34
1109
2
68
2
137
6
1
15
4
3
40
29
12
1
65
1296
22
219
2
35
490
40
593
645
331
25
39
277
141
20
28
104
8
721
77
3
1
1
1
515
73
173
2512
34
265
129
1
1
2
12
192
15
8
1016
2
61
1012
262
1
1
135
1
1361
11
1
1
641
4
61
8
1028
1
5
2
39
91
2
1
987
1
3
224
1
22
31
3
7
2
19
2878
160
8
143
2
3637
32
3
2186
581
20
213
2
6
1
12
62
3
1
25
2
242
9
3
37
39
1
13
58
2785
1
43
14
52
594
23
2
32
11
106
216
1
1
2
1
38
5
1912
3731
103
1
47
133
107
196
48
48
4946
150
2
2
4
10
7
22
3
94
4
11
3
1
61
862
295
108
317
6
1350
5
183
5
5
3
389
1
330
4
51
3
12
3
5
168
1
429
4
300
21
26
924
19
6
11
1
3
12
808
5
286
21
20
1
597
31
1
378
2
4
8
955
1
25
1
1112
1
2
4
1525
650
1