459450
252
6
170
3
6
3144
16
34
2
329
76
95
6
3
691
527
681
11
3
35
1743
18
88
30
61
18
5282
4
32
1
415
171
1
686
2
121
1
24
33
119
32
135
902
2
1679
1
6
1
4
1372
5
8
1
3425
1570
4
42
1
27
31
170
2
775
162
116
23
5
4
340
19
3272
12
1
321
20
896
27
4
162
282
5
988
7
139
6
5
1
7
8
1
58
7
795
2
372
459
558
291
42
2
1782
6
139
53
1927
226
3
8
15
16
290
128
239
1254
2
9
11
268
2
3
6051
231
4
1
811
1
381
9
1097
4
256
531
2393
17
351
65
2
2
365
1
1027
222
2614
12
45
5
83
23
1210
137
3
181
2
19
2
2
11
2
100
16
2
668
5
43
1642
37
2076
289
16
3
9
1
3
19
603
1
479
5
12
62
46
40
123
1
46
949
34
20
754
2
5
2
722
28
1
1379
1329
185
27
87
3
1
3165
17
426
15
13
1522
26
3
1
8
363
562
1
197
74
124
4
191
102
32
59
332
112
4
5
1
583
1
11
1
62
1
10
395
3
160
18
231
1815
107
50
2344
207
1
2
4638
244
19
4
32
15
2
61
109
3
37
200
73
247
985
73
1736
594
426
140
2
262
29
2
74
58
3
96
79
1
346
259
439
24
1
27
572
161
39
13
146
1
1
7
1
1699
38
15
11
316
592
18
7
38
62
1462
115
40
2
137
2
4
11
343
1
71
33
1384
21
1433
21
2
4
1
4
376
1
1399
95
152
2434
30
105
591
1
230
3
9
2
3
11
2423
72
12
36
734
40
2
39
3
1
2260
1560
1220
1
5
163
1
4
1
2
3
147
8
102
4
70
2
799
6
3
21
2
234
228
325
1521
32
23
1250
150
2
1
174
2
2
92
21
38
14
6
32
1278
2
41
240
86
6
7
180
170
141
50
40
363
47
4
55
348
2
1436
132
40
1552
5279
5430
22
1
1
1
1
1054
1
2
242
146
142
449
1
4
16
360
2100
19
2
147
142
423
27
61
53
1369
5
10
87
5173
7
60
3034
5
13
42
6
1
57
3
9
472
8
1623
1
2
86
99
1
5
22
90
920
79
13
345
6
341
3
2
17
4
6
4
6
450
7
6
18
303
137
18
216
35
1
5
88
138
272
1451
10
42
158
2
3
1
24
2
5
3
24
58
36
1
1160
1
17
2056
2
2440
1
141
222
400
23
4
3
1081
343
1157
945
24
485
1319
11
7
21
561
7
68
604
2247
8
115
9
222
449
52
65
239
12
1
47
54
1
327
126
7
201
5
9
16
1327
2
2
36
56
71
1
78
137
2823
28
18
26
45
10
6
584
531
6
2295
991
3
406
1036
103
433
1
2
1
21
11
2820
12
1
32
171
1
72
7
5
85
3
177
49
12
74
1
2
464
41
217
187
247
1
66
8158
176
1
252
227
3
2
12
5
519
246
477
14
8
1
3
55
5
1
17
1
1
2
1
947
280
2
139
1
72
12
4
75
444
55
71
14
1548
241
736
2
1569
8
1018
11
4904
5
16
1222
275
3
29
222
35
653
12
5
31
38
5
7
1527
1
61
2
15
3
4
74
12
1
6
396
1
72
1
5
819
1025
74
594
2
11
7
43
1434
75
5
1684
10
189
846
17
27
25
9
1230
17
18
12
10
101
1
98
90
4280
81
563
1013
81
168
11
3
1487
646
6
79
57
1
1
7
1
9
3
4
433
1
18
1363
9
79
237
6
1472
2
51
7
31
102
10
2114
6029
8
70
3
214
300
13
1
2
1
25
30
12
645
11
2
19
737
52
12
359
1992
97
294
13
15
73
4
1175
2
9
12
3071
5
8
2
379
83
17
1
67
145
3
105
7
15
301
1402
1
563
17
454
69
8
953
690
50
96
1
219
184
878
344
16
592
12
380
697
34
1
7
693
436
9
637
1
3
6
10
15
148
2
247
2
716
25
144
29
1784
1
246
5
3
8
2
319
2
839
67
321
980
45
2
1
84
29
685
1335
172
740
149
5
16
62
279
8
7
162
1
7
85
10
1
111
1
1726
5
7
141
47
1
3556
2
2143
2
314
35
75
44
5742
6
65
1
31
25
1
2
35
14
79
33
52
20
5
4
5
29
5
4061
16
295
14
328
231
2200
5
621
45
16
4
2032
2
342
2
2
31
1211
12
51
1
131
169
20
8
8
309
1
1
5
363
426
8
2
3
35
2
1279
3
19
603
170
2068
3
1364
129
99
1
6
7
336
3
16
1069
879
2
957
2
303
23
4
120
3
198
231
18
9
15
1
451
1
308
2
3
3
57
18
2
2379
7
67
2
29
406
721
1
9
4
6
18
28
1
17
2
9
3
38
3
8
14
26
6
3
2
7
1196
506
26
68
1
594
35
3
734
4
2
5
1
24
626
46
6
19
108
934
258
845
1595
358
37
572
60
23
16
39
43
9
48
4
6997
55
844
99
4
3
217
679
4
34
1
1
1469
144
3
304
7
27
206
93
992
24
20
1
2
1908
1
90
348
2
25
73
1
6
1
581
209
3
14
337
1
53
3
1
42
211
631
42
5
311
119
5124
83
12
12
1
4
28
1500
266
45
159
16
3158
125
64
139
51
271
1
352
908
79
132
213
58
25
1
1
1
379
351
1039
97
108
69
191
31
1
36
461
193
2
2966
720
324
2
45
10
54
39
24
51
191
67
93
16
1
124
2
4
176
4
2010
8
219
1
5
8
2896
48
74
189
2
1
3
1
135
1
13
7
372
16
101
102
9
313
6
3
9
44
1
2100
1445
44
4
8
1
68
25
730
2614
4
14
1
1181
2
289
137
598
276
10
967
32
27
2
1
782
1922
4
130
30
2
7
230
7
428
27
870
1
1
73
8
2
8377
59
30
1
5
2
2082
91
791
38
1
1
1
3561
4
5
6
10
588
16
4
653
2
99
1563
8
11
1
64
560
17
20
26
1
1
1
30
9
1
4
1
1026
121
25
2119
124
1
295
17
361
24
23
70
20
467
1100
2
1
232
71
2
14
228
11
1
30
3
31
826
1
663
6
3270
56
3
3
242
99
4
1
39
3
1658
1
79
10
1
16
1
1
13
4539
292
22
1
86
6
4
16
17
12
1223
4
1
3
211
233
553
127
1385
1
3
1
1388
334
20
68
228
24
634
84
3
187
1
169
1
2
6
2
3
118
1
27
3
9
1649
785
15
92
62
32
4
3468
2
799
4
1
8
163
73
640
340
711
196
2
692
99
6
12
3
15
127
7
687
3288
1
310
7
1096
963
543
32
23
1
1
738
19
474
5
21
5
5
113
3
76
46
480
149
166
2
8
37
6
42
169
4
153
68
3
1
39
11
1
3
908
4
357
11
51
7
297
21
9
7190
46
2920
564
68
4294
1
1
50
116
103
638
4
13
194
1
3
113
1
5189
5
13
333
261
12
35
1
267
24
264
333
33
10
416
1
45
1
3
32
74
2
1552
1
2
1
7
154
264
1404
5
2
431
2
431
1
3
2
31
205
1045
242
5
354
1014
502
2
333
147
618
68
9
9
4
133
1
584
4
457
287
2
20
8
7
1
234
1
1742
78
4
18
2
61
178
150
4
155
2879
3
376
2083
212
1
4
7
2
17
3
541
779
19
2708
4
3
188
1
1100
168
62
830
1
173
2
2
368
354
11
6
10
24
635
4
18
44
21
3057
1
1
132
18
48
45
9
43
297
2
3786
22
602
1644
1
1266
35
2
2
1
1708
2
27
16
111
46
5
57
3
518
8
1142
1532
1
321
2
3
46
87
13
76
20
1566
100
9
3
838
24
52
221
1
77
198
4
4
14
56
41
2607
49
3
1041
45
617
9
309
1
1
11
2
13
1
16
2
3
81
1
1
5
672
148
237
2
47
19
2
89
30
720
1246
2017
1
4
654
14
9
12
5
5
2
1
2
2866
1
1
2
16
1
63
13
10
10
432
95
64
3
382
8
723
303
475
62
1
644
32
1
130
346
5
97
2
1
3
2
1347
37
31
979
439
6
428
1
42
493
2
19
2
1
3
450
60
64
33
1034
59
37
1118
2
1231
6
102
39
39
4
17
1058
2
3
2
113
62
61
210
139
3
764
506
14
4
3
54
2512
3654
15
1632
13
81
4
764
5
472
1354
7
409
13
470
10
15
686
1
67
2
2
123
10
142
1031
9
108
652
4
1850
1004
3
27
32
4892
375
177
1
2553
870
19
6
112
47
3
9
6
736
4
110
1
1
171
383
1
124
515
203
2
32
7
11
190
1
3
443
916
12
55
297
607
3
1
1
1
2
40
1
2
1731
1
78
141
5
2610
509
7
4
12
3332
4
11
23
1
3
3
5
2
2
1
69
2480
28
5
72
1070
9
2
3
28
1007
10
34
2
1454
20
3
1822
1
840
56
21
102
126
1
64
8
92
624
24
1475
39
40
19
25
408
120
64
1
27
870
6
37
380
5
30
11
171
661
9
211
3674
432
6292
12
5
359
1
170
667
8
31
28
1120
10
772
663
7
5
27
2
302
83
1
1356
3
1
10
5
122
61
266
71
393
44
2
42
2
55
5
727
2
24
9
104
53
46
22
2
1
14
2
1813
173
27
6
1669
2
149
1475
17
58
1
23
1
8
146
76
2
11
33
2
5855
7
1
8
1
1
35
69
86
14
130
2
3
1
221
1249
274
3
28
22
8
869
1504
1708
373
1107
2
1
4
20
2
36
20
1
24
24
509
1639
8
60
242
45
101
21
793
1204
1
80
173
788
3
186
9
5
30
4
1334
821
3
4
5
4
30
2
1
5
1
1
8
95
5
1
17
14
9
58
5
1618
24
1
4
27
5
1
6
6
163
1
1
155
237
2354
32
6
6316
3
1
2
127
1519
2
3
3
9
1780
26
1
4
84
255
1
1411
3
8
55
1
2
1
139
1
1
2
14
114
741
786
1
8
2
2298
5
36
1
78
292
17
3
512
17
55
122
3
2
27
42
2
1247
408
2
206
37
26
4
2
12
324
55
28
6
39
2829
48
11
7
751
208
2
1235
1496
56
1193
18
330
877
1
602
42
90
3
134
2
85
4
65
1331
3
1
884
2604
1
6
1
31
420
580
322
226
23
5
222
103
223
49
640
895
27
3018
4
173
8
65
273
125
1
3
6851
463
1
144
5
5
2
820
98
4
40
2
690
1452
5
2
16
462
3
19
1
25
1
80
157
4277
58
54
17
24
333
5
6
634
134
1128
10
36
191
155
275
1
2
2
371
81
577
9
17
6
466
123
2
5
1
1
48
2
1
13
137
65
3
745
2
2
2
3
1
934
396
1
28
775
518
9
20
690
376
1798
3759
2
116
1497
467
42
1
73
106
2
1
22
2
57
531
257
2
1
2563
3
163
8
1
221
1206
5
172
6
1344
271
1
86
120
13
49
82
2
9
70
14
2
2
1502
69
237
1503
13
334
298
5
624
366
149
44
5
7
29
202
2994
4
2
102
23
1151
496
2
18
3
8
12
12
3
642
1
17
6
86
1099
40
723
6
7
2142
1101
99
297
27
99
78
1
21
182
55
4
522
10
4
83
3
7
11
1
10
1
31
2
3
179
50
259
5
1
4
1
7187
140
6
9
1573
511
343
141
34
423
1203
41
1979
125
169
2
17
65
4
431
12
5
8
3383
1219
2
2
142
1
40
164
7
49
167
762
776
27
239
1
71
54
1
2
582
65
50
50
6
27
97
1
1
49
24
326
767
3
8
105
10
2469
81
7
615
534
1411
220
125
46
25
111
44
7
30
7
85
156
1
152
114
2
6
17
3547
50
1149
5
29
6805
8
24
1
18
66
1751
66
116
49
6
2
2
66
5
2
145
182
14
3069
204
18
9
3
10
16
2
624
15
2
9
554
6
64
25
1097
180
159
1
282
788
1
102
2
1
4
391
53
9
1639
75
405
4
6
170
23
154
15
173
744
64
4
127
8
24
1
2
21
2
139
4
11
54
7
226
978
75
800
16
330
29
6
20
266
99
2735
51
14
5
59
1
3
656
42
18
686
2
180
8
195
2
1
10
1
2
25
499
12
1
1
11
4
20
102
758
59
1
533
1470
1
54
41
7
26
5695
2
5
1
1
91
1
6
4
1095
140
1
5
365
75
1
1745
14
2
7
91
188
14
53
9
449
1
30
1333
1926
2
1680
29
6
1206
5
756
1
2
1
3
1485
2
5
226
9
81
42
382
1
3
5
1
69
10
3
13
6272
1
246
7
4
2
190
2
6
17
1
2
4
394
380
4
454
112
2240
87
356
1450
37
1470
18
2
45
8
34
1
1
31
1538
1
1684
2
58
147
27
571
1
19
18
4
1
270
11
28
5
250
3
7
3
3
230
604
1
193
4
3
2
59
19
3
10
15
1055
2
2
1
1640
19
6673
161
17
13
371
11
13
7
1
72
48
6815
18
30
14
5
7
113
90
131
2017
4
34
365
2
14
1929
59
52
4
102
3
28
98
42
174
12
2
1
110
3
631
464
14
2
7
943
29
733
164
51
1
52
1
36
638
611
1
10
41
61
2
1
1183
6
2
29
717
106
6
5
10
401
453
1
1248
1350
1
2
478
3
1774
38
4
2
421
17
1419
14
716
32
78
1
7
62
3
561
26
1
9
471
239
2293
26
16
767
4
2
2
255
1
1
1804
70
13
119
19
28
49
1
3523
29
9
919
189
1
1
2
6
519
269
19
64
21
1
7
7537
350
3
1
3
1
1
134
2
2
6
1
2
3
502
197
7
373
2
76
756
149
698
204
121
6
4
4
8
83
3
1
17
1
8
607
2
199
4
91
322
421
2
54
472
2
734
2
209
4
56
721
39
28
22
133
441
217
1
32
127
180
9
542
3
6
13
1
2166
135
37
17
5
3
911
1
13
1
176
3
2241
23
630
2
2881
9
80
25
1
223
13
6
8
124
129
2
3740
539
4
167
247
66
184
40
18
38
1
45
2
2
21
214
2
1683
8
30
41
29
2
2
243
11
8
5
2009
46
150
1
2
146
4197
105
315
14
20
4
1018
39
1548
672
1
2
128
43
395
24
92
139
5
5
986
1
42
1
367
14
2
19
17
341
3
20
50
3212
34
1201
261
6
321
355
4
83
198
719
14
6
66
1077
60
8
22
46
46
7
2
248
801
3795
10
29
533
38
44
37
42
407
1
9
898
16
3
8
29
24
4
22
104
634
35
36
1
18
3
1560
2355
1
5
13
1068
5
3
4
62
128
1
45
2486
177
19
18
1
203
4
18
4
211
459
1
1
104
1
1995
2
325
80
1
11
1
1757
2
1019
67
74
1
3
2
29
1312
1295
74
14
85
40
800
1
466
20
827
632
2
60
116
5
1
19
6
28
165
28
11
307
96
7
4
2
2927
4
347
1898
1
9
12
413
32
5
394
1
2650
32
1
1619
1
710
70
159
1577
2
9
28
5
2644
13
1
129
10
1
6
272
13
1149
65
190
1
16
2
244
124
5
7
9
2569
3
3
2
6
68
5
1717
2
41
19
1
21
1
22
219
1
63
5
5
2
2
82
813
4
45
125
1301
3
2
534
12
9
746
412
1034
6
1
83
1
558
1095
307
14
585
210
92
773
81
7
183
5
317
17
389
28
5
39
3
244
1466
2
1023
47
488
346
497
13
1
80
2
223
13
698
197
1449
1246
385
277
48
458
3711
171
2
1684
14
1
1876
5
13
3307
6
2
15
45
31
140
12
104
1
7
97
1294
274
1877
7
4
113
1
7
21
1354
14
2
289
2534
9
2373
1
1
17
26
49
45
344
172
5
3
5
16
1
1
610
790
2
97
208
521
1153
130
23
33
224
775
1
51
7
8
11
12
36
9
367
115
2
3
301
3
255
18
119
9
1
25
2
1420
2
2
550
44
187
1328
35
78
1
8317
130
58
366
37
27
2
33
60
4
170
46
98
8
14
2
738
82
1
15
3
15
6
924
238
787
10
3
224
842
545
10
1187
1
59
247
407
2
160
77
2203
4
1
823
6
1
5
5
1
5
18
8
28
1
2
1393
387
14
10
598
90
54
2062
13
21
78
10
6
2
1970
11
4
10
36
5
397
51
5
19
6
880
20
118
10
253
1932
1854
88
44
5
2
60
6077
321
6
5
45
4
24
78
26
285
51
710
2
2731
64
4
1774
3
269
4
3890
1337
1
32
6
87
4
48
50
65
1
360
22
100
990
1
91
37
2
1130
38
288
55
6
8
13
331
1
2
154
4097
1
4
222
1
1
1800
2
17
151
122
404
13
3
9
1
51
1
1736
18
169
161
45
423
1
4944
127
58
5
92
498
2
98
460
7
86
2
27
1381
3
3
2
5
5
2
153
33
125
13
711
1
7
198
115
9
31
25
6
25
1
3
80
47
382
26
1632
195
7
2
178
265
471
37
1
2875
38
39
2486
16
8
1
202
4
20
25
1
631
155
16
123
7
1
4
8
1193
4
10
2
140
186
824
2
6
64
8
23
159
32
784
597
5
251
78
3
869
12
35
1
162
922
187
43
24
646
2983
110
657
13
147
322
1291
36
2
61
4
17
536
131
1826
5
1
1749
8
49
912
22
3
476
155
4
706
1
256
240
19
77
6
1855
31
31
3
1
46
1
9
29
1
3918
2
74
1
2657
29
45
76
477
1
49
1194
23
411
72
1130
3373
47
8
2
10
1233
30
213
762
13
1
4
253
4
5
184
155
105
11
3
1645
116
250
95
15
122
10
1137
22
271
69
9
6150
4
218
8
258
97
28
12
22
1
1
5
11
24
516
3
5
47
299
3
1817
2
42
22
66
2
2323
1
28
961
44
5
1
28
1
41
3396
504
38
76
13
10
3
1
1918
3
5
77
12
1
3
712
56
250
1575
30
1
16
8
68
7
1
7
12
10
110
85
14
1
2
1
77
1
1
13
9
394
1449
1
10
21
408
2
1986
29
101
19
22
3
1
13
53
20
15
1
8
16
17
170
416
1
833
3255
1119
2
3
444
10
12
301
9
37
66
657
4
2443
1
13
2
31
362
28
7
117
1
7
6
13
17
10
704
4
2694
511
6
1821
122
1
20
346
10
6
42
1904
9
13
1
643
12
895
3
1
8
2434
1
21
11
6
1
170
4
179
314
23
97
1
876
1
324
27
288
384
9
2856
17
675
73
13
176
8
7
2
46
22
94
49
13
4053
1
2
24
39
245
1
4
32
3459
1028
3
606
93
450
666
181
143
2
610
66
28
3520
294
1
1
374
1
39
841
32
176
39
11
11
44
62
1
23
9
269
365
2
3
2424
2371
2
209
256
14
483
8
53
240
3
4
2124
192
49
5
37
56
127
170
116
1753
599
2
1017
137
6
2
8
1415
360
6
96
3
16
26
40
104
7
1113
1847
559
402
2
92
540
9
8
139
4
97
1
824
141
1784
2
1
2
4
348
57
5
363
1
9
6
2
56
5
256
452
66
8
9
46
3
64
530
3055
1
19
149
31
92
3
59
7
432
2
322
408
8
213
32
1593
21
43
194
1967
4
7
7
118
127
14
1
2707
1
8
14
34
171
104
283
84
22
1
5
3
84
32
14
3
412
51
57
2
2
13
2
1478
100
1935
2
1249
159
1447
7
228
24
51
15
3
310
134
23
17
13
14
26
29
425
104
2
10
10517
340
7
1
1
42
2
18
10
1
33
1002
11
866
1
212
13
7
7
300
3
446
7
1
3775
492
181
1
1
18
5
8
47
56
1079
4
14
148
359
140
2
2
16
109
315
2
97
1122
2
1
84
1
230
242
291
1461
31
28
1
2
219
1839
5
1
8
4076
256
37
175
19
779
1
2
22
13
80
160
41
3
72
14
41
1486
70
7
33
1
72
2
26
7
18
200
1783
27
15
60
47
1
169
495
5
1
147
856
3
4
3
97
80
89
6
4
2
4
2649
2
5
2
1
39
123
688
98
1
3
5
1815
1427
12
4
43
228
3711
172
26
1
511
1155
38
8
51
640
17
1
7
1
1
1
53
1
2
10
9
1934
1270
1115
62
291
1
5
35
1
334
1
150
3
35
5
1
59
1002
11
12
280
28
241
4
908
8
146
4
3
1
53
1523
27
2
2
4035
24
2889
4
264
73
25
12
3
64
15
36
26
56
106
912
61
56
1
115
1
6
58
14
94
114
133
6
28
85
1301
6
149
20
2256
1
2
99
16
2
1908
224
84
296
2
1152
235
850
3
274
76
389
48
478
99
13
1
4
165
1
5
469
2
10
171
1
196
48
134
16
1
32
95
147
596
13
27
1
68
913
4
160
429
12
32
833
177
41
291
56
3
4481
191
1217
9
981
117
3
32
16
189
22
17
28
99
12
315
1
10
39
423
12
55
38
23
319
1301
869
22
616
10
10
166
120
873
849
13
2
7
159
17
90
90
104
11
4
390
32
6
1826
2
17
622
161
7
7
53
116
22
15
1358
339
1
2
148
7
2166
7
786
1
2
4129
2
3490
21
255
20
23
47
1
145
633
3526
134
162
21
11
774
1
3
30
1
12
5
20
1
37
18
10
632
243
1
5
125
362
4
936
140
390
35
1
93
941
1
1252
1
92
19
142
5
19
240
2
11
13
91
3
322
915
77
2
128
105
937
44
3
1799
765
99
238
68
1
35
1025
938
3
12
1
9
34
2826
200
528
1
50
663
46
13
29
6
325
43
1
19
190
1085
533
1
55
1
40
17
853
3
127
25
52
2
259
757
52
9
296
65
166
14
24
1
36
30
175
76
287
459
12
7
3012
1587
25
627
1
95
7
23
130
4
2514
573
2
1
383
67
15
4
1
60
190
2
2
1198
1
2
9
33
311
188
4
835
4490
331
39
24
11
5
1337
143
737
1
491
1
64
439
1000
5
90
1628
12
46
1436
1
1
9
141
401
13
1126
85
670
4
901
400
26
2
2
1
85
1050
54
3
402
29
4
2
1
13
2893
32
3
95
27
2
16
19
64
10
14
45
1
21
224
398
14
14
910
260
1370
2
89
13
1355
90
187
1541
23
2
179
921
2
1
5
9
1607
5
22
9
269
30
8
290
10
3602
444
295
140
85
42
2391
2
75
5
1128
19
1334
1
1
45
1
128
30
1
2
7
10
10
2318
333
44
181
2901
352
2
22
64
19
1
5
12
105
115
1
69
16
157
132
29
426
62
7
2
3855
31
2279
1037
747
658
293
217
60
4
1
1315
8
3
1
7
169
232
60
4
1023
6
445
40
3
75
2
9
16
309
1640
64
89
25
16
1
1
131
3
149
4
1
179
3
103
8
55
69
1
1709
335
103
9
2
1
1
99
44
1968
394
188
1
206
81
148
2
1903
20
9
419
14
1
1
1425
46
529
3
25
57
2143
48
1
1
10
250
406
16
1
1785
726
56
40
44
14
1
14
966
751
1101
2
188
13
4
229
815
850
4
44
8
182
310
32
101
1016
2270
9
552
59
12
939
2
14
16
4
257
32
1505
3
2
270
25
25
5
91
733
39
62
255
1
259
538
165
941
1791
1
8
11
84
10
52
162
8
29
70
6
1063
6
1
74
99
1
1895
66
938
15
369
101
13
48
21
173
1853
2507
2533
3
383
112
1
1397
6
113
10
45
476
10
12
173
1
515
147
1
1
327
195
2046
2
2
2
1272
72
3
663
46
473
8
105
10
246
13
1
290
8
104
23
63
1
737
2
12
5
36
5
69
926
2
5
9
9
42
644
31
10
23
1
12
80
1
2
1442
1
3028
11
2
77
64
2
27
2
54
2
15
632
150
555
19
15
1
1
5
935
7
862
6
99
64
18
698
259
34
509
1
126
2552
6
11
63
303
8
2
2164
110
1
62
3874
6
103
6
1614
3
4
253
875
1
27
31
1
1214
194
8
6
3
3
36
2852
543
1
26
8
55
9
22
117
25
189
446
4
1023
49
4
117
24
1
47
525
14
2
2
30
3
13
227
3
3832
66
1
1601
19
1
1
13
2
77
84
134
43
2
6
90
2210
1947
18
127
1
307
395
219
2137
384
2
1
2
4459
1
6
2
2
376
1
3
10
986
114
25
8
1336
193
1737
1
36
123
27
80
136
603
1
11
358
417
309
112
42
326
40
1
42
159
2
838
12
12
1
7
139
12
14
1
3308
773
93
307
5
14
81
1
37
13
13
1729
4
22
1
2
348
2004
85
255
1
61
3
32
66
3
4
1
6
1
3
20
6
20
8
2547
114
230
55
295
14
1
8
1
662
260
16
2894
1444
2
1
42
83
1
26
3
597
404
94
1116
7
4
17
49
2
4
1957
1
754
1065
1369
279
4
21
37
6
457
226
142
650
1
69
8
4
1858
1
143
25
1
4
108
59
1
150
7
40
33
114
1
1
3
1
730
4
29
7
1
5
170
134
1
483
47
97
38
3
14
74
4
42
2
3
13
38
32
3055
16
13
88
860
123
21
716
360
22
1
61
8
142
48
48
1108
1
5
202
26
4
88
1
3
146
77
50
5600
3
2334
1
13
3
2
3138
3
1
2927
42
1
54
2
8
1
9
15
11
32
2
3
220
870
233
79
313
287
3
89
16
7559
10
1025
2
1
9
118
177
125
740
19
22
69
39
236
17
1
1696
1
2
1
1
777
1
21
17
1
67
680
1
2
41
466
240
126
5
5
1046
1
1677
2
709
4
62
2
113
61
228
5
267
29
14
14
1
20
1
86
7
21
1
34
1
98
629
74
4
95
2757
52
4
1167
140
1
2
38
2
1
16
15
2295
4
1
154
6
69
124
1588
3
36
32
2168
73
2
9
4
5
33
76
656
84
318
7
2
7
6
1
1
11
44
710
3460
31
44
23
2
133
3983
118
161
8
353
21
37
15
154
3
2984
151
1
388
7
5
3054
1
533
557
65
414
4
1
277
3
15
145
174
1985
59
2
4
504
14
83
38
4
16
3
16
22
1
473
5
1
1070
24
193
1024
1454
13
1
136
2
131
24
6
8
1268
3
648
17
44
715
139
491
12
2
963
1519
782
1
332
2113
3
140
6
4
5
128
393
5084
54
1
4
43
88
5
42
115
1
172
16
589
525
1306
273
15
1341
357
2
235
325
38
16
2
2
171
47
219
57
56
3
8
85
4266
409
537
169
1
639
3
2
16
981
40
692
1183
5
3010
1
1
16
172
12
4
2
181
1
129
3
9
254
4
86
2
1
2
18
43
1735
1
1
164
125
415
1
173
12
10
2447
3
30
305
1248
80
3
2
1
648
702
2
1
7
38
6
41
12
1096
1
283
1
42
1
415
7
25
5
864
1525
40
429
33
93
449
15
94
14
1
185
1036
4
1
4
101
5347
4
2
1
1106
2
4
38
221
82
13
204
2
1
8
4
2956
15
25
60
154
2
5354
97
11
440
824
5
93
51
423
6
1
120
2700
2
406
384
67
1505
115
962
3
12
47
115
13
146
1
198
5
963
921
309
213
179
24
8
7
2
900
8
285
5
100
181
2
916
56
6
2
61
125
63
19
278
10
1
80
50
2
6
1107
6
855
5
13
1
440
3
1
209
4
1
276
574
1
4
2
950
1
130
260
16
9
11
14
38
14
1358
3
819
18
5
349
36
44
12
2
1
15
646
172
43
1
2
7
1721
321
49
6
6
36
561
19
519
45
1710
2978
4
10
327
26
94
202
7
2549
655
1784
6
534
3
1
978
1
26
161
38
32
140
3
6
2
363
612
421
80
34
1781
25
3
6
7
10
151
5
465
4
2
8
1096
11
2
379
80
30
2
2
105
565
49
160
232
50
15
98
24
37
11
41
253
8
14
50
339
25
1082
8
3
6
34
486
806
140
1
90
1
1
350
19
6322
29
7
5
191
1129
754
31
1149
1080
1
85
1
58
3
60
2
18
45
104
27
1
3498
2
12
320
1
1
2
360
44
1044
2
12
1
1921
40
4
5
1
7
1
445
6
2
2667
1297
575
24
39
13
120
84
1
432
40
4
27
19
358
37
2
67
37
232
1
1
3
38
4
58
4
2
2
5
7
7
56
1
17
153
5
583
1
432
1
12
108
356
273
418
3500
985
496
4
4
1
7
226
113
2178
76
8
1
45
338
919
72
33
31
692
3
1
28
2
140
1
20
3076
5
378
552
1
97
1190
151
19
34
57
50
237
1
1
561
280
57
6
1354
1244
2828
133
689
1946
121
33
373
92
1
1
73
111
7
27
586
425
57
1
9
4
425
3
314
454
8
4
2
1
49
1
603
11
1
169
4648
10
51
5
108
3
20
25
15
47
10
16
301
19
1
1
4
8
21
1
149
56
2
54
99
14
21
741
337
16
376
17
129
9
1
2
2
1235
977
538
5
37
381
74
495
52
160
1
112
309
3
9
8
3
11
8
1
47
164
1088
22
312
2
660
7911
22
18
2
646
636
181
12
24
1
5931
1607
1
7
1
49
21
926
9
20
93
268
1843
9
3424
25
1
427
1
54
15
1
5
858
23
485
4
232
11
19
441
62
927
190
13
272
21
1
12
384
1
27
1541
10
47
2
1
661
228
541
104
26
1
158
16
85
2
39
4
22
896
4
9
48
6
30
44
4
84
41
802
1
142
9
10
247
62
1110
249
314
682
1186
135
1
5
5
39
2
1
596
10
283
345
145
380
2
54
13
20
195
3
346
3
208
87
1741
1
473
3
304
1888
435
7
2
76
10
22
250
1510
4
1
2219
698
42
3
1
121
3
891
25
5
10
1023
2
2187
42
325
23
124
89
112
272
157
3
872
7
2
3909
900
1
50
132
3
4
18
1034
6
819
3
1900
50
27
1248
392
468
15
496
243
66
3
215
44
1
164
9
3885
3
4
1
358
1
8
1
438
27
1
33
3
387
37
5
97
1
49
683
21
1
65
6
3
7055
10
136
1
433
63
983
2
161
419
1
2
1
623
1
5
1695
1
36
6
46
28
1
214
1
524
923
5
120
7
610
14
1
1
142
5
65
7
3873
888
534
157
16
1258
1
16
2
6
2489
10
178
3
8
725
21
15
3
965
3
85
16
30
9
3
3
31
1
703
5
461
98
120
6
8
5
57
129
1305
7
1
485
14
6
4
6
24
10
2
2
3
5
4
4
436
7
903
1
98
1
687
1
288
1
23
518
3
1
1
6
14
2
663
1
103
4
5
13
1227
1
2
5
167
13
2144
8
4
2
71
1489
252
1221
163
98
196
173
2356
1
939
358
39
23
74
43
59
48
14
50
45
78
20
3
1
3
1
13
448
1
2
1
1109
1726
192
16
1722
55
1
71
898
711
27
11
1
7
1
1273
10
8
13
29
15
1
894
1
2
11
631
1
58
24
2
2
1
15
549
216
15
1477
375
12
2
1
4
132
62
5
1
919
12
307
117
54
520
91
1
1079
48
6
731
648
1826
43
1
2
1299
2
34
8
2
2878
701
4
270
4
1494
1
8
3
6
259
79
1297
50
33
1
873
2
24
1207
1736
68
1210
4316
17
621
37
780
59
1179
1
1
1
6
32
19
17
1
1338
1
141
2
67
40
1712
395
19
1
4
3
14
15
3950
7
2
11
79
11
2
2
69
548
10
163
12
5
11
16
1
7
101
93
27
446
196
363
1
8
26
132
47
1
39
1
7
1148
430
23
19
7
24
374
130
12
95
155
1416
675
7
4756
46
106
469
506
1
102
67
134
538
75
1
11
7
30
1
31
4
1
140
2
1
54
1
3
2
55
394
474
53
1932
262
426
146
1
1
37
50
2
5
13
179
4
2238
2
1
3
35
74
24
266
1
172
69
367
24
1
6
796
97
29
78
1497
15
1108
1262
12
8
452
16
14
351
1
2291
1
19
540
1
203
475
11
2
2
2
4
91
452
1106
2
9
4
8
2
617
1
75
1
3320
1
417
529
519
71
11
1690
389
16
99
1
9
543
73
76
124
65
296
1
3
4
2
134
63
5426
190
1100
8
8
140
16
1
245
16
11
3
4
1
2
27
1
982
182
19
1434
3
10
1
22
8
3
9
7
1268
10
508
5
275
4
101
42
1
7
8
914
6
2
6
1007
244
7
36
111
12
3
63
2
142
31
39
1
633
1
123
214
1
77
1
2
4015
12
1335
21
1
36
3
1
1102
105
1125
4
1
2
233
5
29
7
1
1520
108
22
15
1
460
35
1320
6
22
2
5
18
1
97
19
1
3059
345
6
3545
20
20
84
2
23
154
16
33
2
8
16
160
1535
122
1
187
56
5
190
568
4
1735
12
1
2
2
1
42
35
182
15
622
183
1
346
180
3
4
11
6
16
3
4
174
74
125
34
250
2
18
4744
1485
5
3
729
107
32
6
72
25
80
17
51
571
1
50
7
707
186
3
2
152
10
4
309
1772
14
255
79
506
25
1
35
27
18
8
3565
2
172
1300
1
7
122
19
6
22
228
34
48
243
1
186
13
1
1004
2
30
78
21
11
447
1116
27
17
3
1
2230
2
2
4
201
2
1
56
86
585
48
314
2301
498
161
3
171
2
1
51
20
16
39
7
566
82
22
1
101
3
19
5
574
1
181
17
16
126
291
39
20
90
954
6
1
1467
27
33
380
388
59
9
1891
2410
82
4
6863
6
20
35
741
3732
1758
10
5
52
1
146
228
2467
16
2
49
41
70
1192
505
36
17
2
2
1429
81
12
29
364
1
45
5
20
5
3
5
444
602
33
1229
60
233
8
1
822
11
982
277
1
44
6
1748
502
66
62
76
130
174
73
1338
4
1
83
1147
2
288
3
4
431
87
535
166
430
4588
222
3
1116
2
2
1
56
35
4
7
6
3283
1
40
157
2257
280
654
560
1252
8
54
718
2
5
31
692
668
5
1
21
589
38
12
7
1489
350
1
14
1177
10
14
256
8
6
58
1
1
4
1
5
4
65
4246
1
667
23
318
72
103
10
1
176
205
3
952
5
25
474
56
238
4
4
10
1
428
1
41
411
139
67
2
11
17
521
1
365
210
178
79
509
13
2
17
4
4
8
11