220121
376
2613
38
419
389
21
28
17
95
179
27
57
60
1989
120
4
35
4
494
104
2
14
8
1404
1
16
46
132
4
1
34
1
1592
1
154
8
1
6
49
8
3
3
297
24
706
31
95
481
8
5
14
5
9
250
63
1
45
21
205
2
346
274
24
50
4
8
414
20
430
466
25
79
1
4
1
195
6
14
6
869
2
244
10
17
898
3
40
1530
368
1
747
78
5
12
546
4288
163
2
663
2
3
32
2
1098
335
210
104
22
180
76
483
19
20
425
21
7
82
1
27
2058
21
82
731
662
22
9
77
4
452
3
12
4
5
9
210
2
1870
273
1
3
1
62
4
918
10
6
514
1
689
2
2
6
31
1
428
14
12
300
109
1
7
939
49
620
79
192
1
8
116
11
1
4
16
1049
3007
102
12
1
24
576
7
555
64
24
84
4
216
181
1
91
772
20
85
212
48
268
2
2
3
2
7
469
62
2834
1
4
349
397
146
2
16
33
4
3
269
3
2
1
1532
77
25
1
4
82
276
6
30
2
1
199
29
1441
37
30
64
1
2
1512
95
193
7
48
9
27
1
21
11
1123
29
2
2
26
170
415
285
201
48
4
1
78
259
104
18
600
1
1
1022
984
16
323
160
54
141
112
331
17
176
12
36
94
10
142
923
1
116
326
1
164
3
167
2
280
1
13
1348
4
594
4
53
11
772
151
6
2
872
16
22
10
1
1
127
28
103
86
3
3
4
27
10
79
712
7
12
133
9
319
71
202
9
1683
2
5
2
6
1
1
1924
2
1373
2
97
21
39
2
246
3
13
929
26
207
11
11
11
209
6
1057
13
4
7
15
9
21
41
1
13
13
23
1
2
5
13
347
3
158
1
1
26
501
27
56
262
7
1
528
33
1
127
6
6
20
1
4784
1
6
168
58
13
16
7
35
78
183
14
1317
2415
17
32
1877
1550
15
4
8
396
94
20
392
33
3
1
16
45
3
99
2
1
4
6
1777
8
12
1
152
9
127
30
6
27
15
262
2
4
1
835
5
14
8
1
23
5
5
1529
190
8
3
35
11
121
21
369
1
18
1380
76
15
166
10
1
8
789
2
4
4
7
8
143
1
681
13
3
64
15
72
86
1231
14
38
120
3
22
11
14
2060
94
2
1094
24
46
236
10
429
1
2390
277
333
1
135
274
2
1
646
90
2402
306
1
13
127
4
68
684
3
1
11
24
77
1
148
1
4
2
165
79
2
72
133
81
24
1
1349
121
36
76
2
5
4260
2
40
55
2
3
2
363
11
256
2
563
585
1
60
1106
1
262
7
10
513
2
255
1
254
342
25
10
783
400
356
1
49
3
29
11
79
376
1
3
15
450
15
45
3
44
1
376
29
12
65
71
105
47
77
1
1
1
505
1
4
338
2
46
1
143
5
7
767
643
1
13
60
2
7
7
53
5
16
1669
2
3
987
25
278
686
1149
9
1784
4
399
2
480
1
1026
192
9
4
15
1
3
22
4
1
215
255
23
206
772
22
116
859
66
25
42
34
162
113
3
1
29
48
6
149
2
2764
1004
125
2
104
7
150
1
3
364
8
2
63
4
25
57
6
1
44
111
26
1
4458
5
8
21
1
62
25
18
6
13
6
1666
19
166
4
22
168
3
18
1
18
54
1
3
389
1050
169
26
1568
177
106
46
59
10
496
983
76
6
1
12
35
3
11
7
2
37
296
9
37
1483
22
1
1
616
511
6
339
21
8
25
946
41
28
1
3
1
154
6
938
1
115
1
17
1055
4
124
1
1328
178
497
609
1
8
334
8
15
41
32
106
654
48
2
2
5
362
26
2
52
24
14
17
17
69
913
1334
18
64
137
3
15
9
2790
8
110
31
2
2
967
491
325
22
12
38
10
61
14
1
14
3
9
16
1276
1
11
2
202
1353
189
9
4
168
13
1
34
1
17
111
18
24
391
90
1375
1
1
6
2
1
2
8
4
1
32
22
147
44
108
1
106
71
1
34
12
3
6
57
205
3329
1
601
1289
9
290
16
99
9
2
21
91
41
74
25
1
1
1
50
467
37
14
122
3
1
11
638
6
2
195
3
24
12
696
8
1
166
746
29
1
15
466
1
63
2
63
1
8
163
2
2
85
2234
5
4
1
100
6
1
4
50
706
364
41
210
483
2
17
6
115
55
9
11
3
162
1226
985
18
3
31
3
1
479
436
2
7
5
148
1
1
4
9
1067
43
61
1
60
3
6
4
2
1
529
1144
1
116
404
59
7
827
79
256
374
14
97
3
1
172
1
1421
60
397
2686
83
28
829
16
8
7
263
3770
2
3
5
3
5
1
11
12
31
95
105
2384
487
408
5
1
120
436
23
309
3
2
8
2
106
37
98
75
476
26
1723
1
4
320
29
125
1
82
66
4
656
19
8
71
576
1
1
354
6
1
1
268
102
1631
1
3
5
6
329
74
203
9
17
1371
248
559
12
2
261
9
7
131
184
9
9
49
913
5
3
11
4
28
1
16
92
891
1180
13
16
6
2
632
19
460
1
21
1
2
1
103
2
34
352
13
470
9
45
1860
53
9
172
2
2
263
1
33
948
822
19
13
194
569
271
18
254
1
35
1141
108
23
15
22
2768
81
323
22
1
1004
325
2
475
223
921
13
144
420
71
116
15
222
7
73
222
4
207
31
142
281
242
2
1
8
3
706
5
65
83
34
799
79
1
158
1
48
68
54
1
141
101
23
2
7
8
71
11
19
1
9
2
21
1099
91
2268
41
33
1331
20
304
18
147
1484
260
2
56
173
3
2
107
14
3
1241
1
6
247
51
20
8
1
2
127
1
72
1
1
10
1
2986
1
9
3
3
2
11
27
429
1
4
26
894
943
82
2
4
1
2
666
21
1
78
115
3
757
19
74
2
7
450
19
4
289
578
12
10
2
16
6
332
2
34
250
33
75
546
381
137
119
163
803
8
4
281
3
285
1
18
6
24
223
3
2
954
550
1031
2
359
513
296
18
94
263
2
2
10
32
40
446
55
2
2
3
18
12
4
20
1
1
196
469
42
1
216
123
1
23
840
223
34
1
58
15
1
1
46
387
2
4
60
1
217
11
4
27
576
5
75
154
20
66
46
260
240
1310
1
24
2845
54
1
1
30
11
1
4
237
18
8
1
85
525
3
2881
3
99
79
1796
542
37
2
885
17
477
1095
13
12
5
1106
894
1
2
6
5
412
59
144
43
44
75
11
162
328
32
3
24
102
9
15
7
5
1
284
1
1
1068
780
5
530
1143
18
37
33
2
33
31
6
1
2
1
10
17
1
200
2
35
9
42
360
1951
274
1
2
452
885
2
16
8
2
734
8
1
271
156
980
16
14
125
64
354
42
1
59
17
1
5
1
13
28
1
5
38
568
2
99
1766
115
40
9
31
2862
32
3
4
23
10
2
59
142
3
164
267
50
1
1
2
2
3
4
28
846
863
1193
7
1134
93
240
672
503
1046
2
1
902
2
815
52
3
32
9
27
46
8
1
58
1
14
1252
64
100
12
6
29
235
1
1181
9
2
10
4
13
29
9
31
22
39
150
3
110
2
684
2
259
21
230
50
16
14
1
33
2
20
1
4
123
457
15
1
249
130
46
807
117
19
646
2
4
1
158
78
69
16
1
216
29
25
141
699
14
65
1
509
8
115
1
1016
1
40
155
354
94
198
82
55
298
209
37
12
201
165
34
15
275
1037
4
24
64
1
64
4
136
9
1
402
342
1
391
3
2273
3
6
10
2
12
488
819
5
14
142
189
155
37
6
21
2
9
9
2
1
1
1
110
1037
1002
66
63
883
461
196
5
104
1
6
18
4
2131
140
624
120
9
110
1988
5
3
65
21
16
1
1502
1
1
1001
18
25
2
2
1
15
2
2
2
1
6
15
339
3
9
112
884
4
15
861
13
41
4
444
6
1
1
20
118
1
170
2
722
1
191
120
2
1
1
16
203
672
2
3
548
2
17
1
27
1
68
230
2
65
1
1
2
20
208
3
6
1642
1248
257
1
59
1204
6
576
3
335
75
1
11
9
5
559
4
2
17
61
7
616
1153
86
14
1
15
456
89
1
77
1
141
16
1
1696
5
45
1115
1
10
309
40
1170
171
246
16
1
872
6
650
13
14
27
24
2
699
62
5
2
48
341
78
147
10
9
11
12
19
133
7
194
476
2649
23
294
66
6
1
8
1
1
1421
77
37
3
1811
35
98
6
114
421
7
8
11
1
698
29
21
4
2
171
72
225
892
13
1836
204
204
41
1
82
8
487
184
135
1028
48
31
7
11
1
53
1902
24
15
90
432
474
499
1043
891
26
161
17
60
1
147
3
21
3
19
17
1
9
21
622
135
509
64
195
5
1
4
453
46
2
57
1895
172
33
12
325
22
309
70
9
3
166
5
1
27
2
155
57
5
2
34
268
2
221
2451
2894
18
1
223
1
14
1
1
8
2
286
7
50
24
183
1
105
37
1
171
621
296
6
12
9
471
3
196
3
3
4
22
247
1
16
1
12
231
1
109
3
1509
6
92
4
1
1
2
317
229
1
871
73
24
206
9
941
1443
48
1
609
1
566
52
22
91
35
280
1
13
87
29
21
36
17
4
343
663
14
154
24
45
19
108
1595
91
19
8
1460
16
1
24
111
24
45
13
7
8
4
8
10
1
318
37
392
1
12
5
586
522
8
13
39
172
12
45
49
1967
7
8
2
51
19
66
115
110
107
2
63
891
7
1
153
3
1380
488
10
10
1
260
11
271
4
1
693
291
22
3
27
1042
624
1
3307
76
16
9
9
15
172
3
110
176
25
446
259
13
306
47
475
192
103
1
256
124
5
4
1261
4
217
353
297
25
1
46
43
19
2
2
12
23
6
1010
609
1
24
20
32
14
279
12
4
9
206
93
52
2
85
27
427
221
51
36
5
1194
2
12
10
6
45
1173
103
11
21
1
292
1
2
1
1
83
2
32
4165
102
3
1300
1
25
3
70
3
56
6
2
103
8
1
2903
162
6
1
1
2
6
11
26
9
3
1
13
208
1
98
374
2
384
8
6
706
40
84
4
1
25
349
5
919
35
561
304
13
2
4
6
45
1
355
147
701
12
2
340
1078
1
15
1
1
1553
4
1
2682
1
4
2
2
5
12
10
1
266
431
20
12
23
64
11
351
87
1
3
1
3
7
4
123
286
13
464
11
23
325
441
43
762
63
441
4
42
1888
62
225
1
1
34
176
13
1
185
8
169
23
21
9
3
207
2526
1689
1
183
4
1
764
1
836
637
139
7
25
382
1
1
345
5
3
646
137
71
619
172
1001
195
23
6
2
7
3
13
1
8
21
7
40
264
1
8
4
798
157
1
4
3
8
37
1
45
776
1
29
313
2
60
15
2
597
69
108
70
32
288
443
25
1
6
44
925
1471
2183
9
1
18
46
29
5
5
30
12
6
1901
16
363
511
140
587
3
262
116
18
19
17
17
5
9
8
23
27
363
26
645
10
6
24
1
6
7
15
49
58
1
2
866
2
1809
1086
30
528
2
3
2
29
1
1
23
86
1
1497
379
1
32
8
36
121
27
2
1
5
10
71
1
1
1
38
305
1
10
10
1
1
386
780
22
947
121
10
25
2
525
94
2
1
1657
1
21
58
37
1278
167
173
1
38
15
1842
29
1008
137
18
3
58
1
33
25
3
18
54
2
2
343
2
231
11
1662
11
38
1
545
211
145
5
7
50
3
260
1
12
110
7
14
1
14
179
22
568
76
1
37
19
6
2
31
145
753
5286
6
242
16
585
1
2
78
143
7
22
49
1314
9
1
8
5
156
86
184
3
31
6
1
35
5
10
77
49
67
139
47
1794
15
601
5
2
87
161
2
5
105
4
5
123
281
595
18
2
6
39
4
1
2
1
29
80
15
3463
18
37
3
52
92
2
4
325
142
24
5
3
71
3
52
10
102
2
61
1
120
611
1615
225
1
84
1319
224
87
216
1
36
17
413
632
957
9
92
30
13
165
5
2
2
19
337
189
100
1
4
270
2
5
7
38
1584
4
21
46
3031
44
1
1
36
27
40
18
7
118
4
7
12
260
12
6
2
44
73
10
10
2
15
492
2
39
45
59
36
1984
40
18
1
87
124
2927
42
42
114
1
1083
8
59
1
1
2
18
24
3
51
26
1
73
43
155
23
32
178
257
530
1
5
5
1629
8
197
6
80
1
361
63
824
1
223
344
14
359
68
2
151
652
2
134
10
3
109
47
286
15
1
61
32
289
1025
156
9
29
2326
225
1207
7
50
642
22
2
1
13
82
3
90
15
5
2
1
1
238
434
586
507
395
18
220
167
88
6
264
1
44
7
73
4
981
1
3
105
2696
300
142
10
15
4
775
1
1444
3
72
6
12
80
22
14
7
2
22
5
4
59
361
23
952
3
4
1
4
53
2
9
162
28
3
320
40
8
507
6
121
2
108
58
1
26
3
1
391
11
5
7
1022
3
1
1
15
41
415
23
9
605
8
89
22
1
2
8
381
10
176
1
11
1254
61
85
497
7
119
1
8
10
557
23
1
461
1
3
65
227
65
852
2627
44
167
257
1
63
7
5
3
22
4
4
158
2
1
1
2
309
47
325
17
104
154
347
683
149
166
8
13
23
4
90
20
385
16
431
6755
2
736
21
467
70
22
8
38
1
21
6
1
140
2
167
1756
3
52
2884
12
865
9
5
1
18
1
47
1
379
11
1
2
2
1
1268
404
103
119
237
3
45
2
1
20
17
657
32
4
161
1
614
14
4
3
128
222
710
31
877
1741
4
1
7
1
41
15
4
2
14
11
5
1
421
2
26
2996
811
97
200
47
688
4
23
1
1
11
246
245
194
3
3543
739
58
32
2
43
11
7
7
1
1
1
349
17
3
1
12
51
566
78
1
546
3
2
82
13
20
258
241
37
51
4
3
3317
168
2
1
1
453
137
16
46
155
1
72
62
197
182
313
13
1
1
5
1
205
24
32
28
693
1541
14
502
560
3
12
3
1
30
669
123
11
9
195
2
45
60
71
91
1936
3
3
56
8
16
777
381
35
16
3
1
17
66
30
2
24
1
322
1
5
586
1
607
422
58
1168
181
83
10
26
588
96
1175
172
9
9
9
119
511
104
204
32
1
2
1
155
98
1
17
45
861
2
662
12
50
50
58
58
1
3
6
74
358
9
4
135
360
6
2
57
112
3571
7
1
6
775
5
2
3
84
10
2
1
1
3
20
200
17
1176
14
34
1249
104
82
39
52
92
1
7
35
1
1
5
8
39
130
4
872
385
135
4
9
17
409
962
5
1637
20
15
37
2
65
61
438
2
174
11
5
1400
21
271
16
1
347
25
1946
14
1
11
588
2
9
1283
40
1093
26
18
180
271
1
59
89
5
468
163
3
2
9
1117
1669
16
36
47
234
7
22
6
1
1
61
1044
17
93
380
933
39
1
12
88
3
50
78
12
2
2
1
30
4
8
11
4
5
171
2
12
1
8
34
1
167
25
625
499
2585
2
21
5
1
1192
2
2067
21
18
33
662
466
1
1
15
58
1
67
3
5
34
3
250
237
178
617
95
328
17
2
41
16
14
1
232
2
229
1139
182
29
52
1452
10
6
107
6
21
1301
132
979
108
26
1
635
1
8
1
61
24
2416
9
2
9
4
2
8
95
9
1
3
38
27
38
272
6
1400
1
3
4
141
1
1228
1
140
2
72
31
4060
3
66
20
3
2
8
347
183
213
55
38
399
127
460
766
927
14
262
62
16
1324
2093
186
10
2
36
116
2
43
4
105
19
178
97
3
5
1
183
21
892
14
2
4
576
4
1296
7
1239
392
198
12
36
504
1
2007
122
16
5
14
4
5
2
110
6
47
473
473
2
3
1
113
53
14
238
18
128
1
746
1
174
3
57
507
1060
1606
1
80
37
7
334
365
8
1330
8
3
3
64
160
233
7
4
19
12
7
4
405
1601
5
1456
1
2
3
62
14
1
12
498
449
3
1
1
147
10
1
67
858
1
125
45
1
1
2
11
5
162
11
4
4
916
215
83
1
14
34
23
361
169
1
64
100
20
3
40
7
11
1
1
14
59
364
2
59
46
2
3
281
8
661
10
114
181
3
22
1486
2
1
1130
1
5
1
3
6
1031
35
320
9313
30
59
4
4
33
6
34
47
7
14
1813
29
44
1
145
1
5
250
1
425
278
82
2
2
191
8
10
481
165
78
21
54
197
119
503
7
75
11
1
24
1869
470
73
2
13
26
1
187
4
1
1
1
60
3
18
14
20
3
2
16
8
336
21
23
39
135
2
11
795
314
1
1621
8
55
995
4
280
80
1194
85
202
56
4
1
1
48
2
5
199
2
49
931
379
3
4
839
243
1
263
84
11
32
6
11
12
5
50
762
1
5
229
737
2
3
1
2
2584
749
8
15
1
384
69
19
5
1
2440
1
61
122
46
1
82
20
121
1
1
17
38
492
8
808
2
30
1
239
61
5
17
92
512
1
281
1
4
360
8
23
328
79
2
539
3
19
18
24
131
2
1665
894
118
227
267
1
222
94
25
191
1
223
1
150
16
3
14
119
77
1354
1
97
10
1
63
2
1
378
9
72
960
878
2
1146
111
7
9
14
1702
1
1
314
120
511
1117
712
1
21
191
59
6
125
39
146
759
16
1036
13
9
1
1
8
187
254
1
154
9
161
14
8
157
14
28
1
1069
27
76
310
65
6
132
16
27
419
459
17
155
164
339
36
17
2
1
11
158
23
1
8
9
503
19
562
1
97
2
19
15
1222
14
21
4
495
24
191
2
1
52
100
129
199
1102
31
842
631
7
1
13
12
1
8
972
1
314
1
152
162
2367
1
1
284
240
18
2
152
46
27
77
3041
27
298
2
1
532
8
3
2
127
8
10
2
2
179
50
4
12
1795
35
103
16
1
1
32
2
14
1
2
40
3
1
67
617
621
33
5
205
2
14
62
3
4
2753
153
44
7
5
118
463
154
7
14
12
33
48
42
534
669
1697
5
1
3
957
14
17
1
275
1
67
73
11
2
773
30
1
41
1130
1
5
8
20
302
1007
339
8
1
9
75
23
18
28
1215
6
2
1
198
2876
7
1
238
109
1622
50
17
311
7
1745
23
16
845
53
56
20
8
211
8
5
1
64
196
16
2
344
3
840
521
17
5
2
125
78
536
6
14
665
34
11
682
65
2
8
1
8
8
2
953
154
1695
52
2
289
189
697
24
25
11
2
4
1
3
10
4
6
1
1
95
17
1
9
3
142
4
18
1632
30
1
88
14
269
107
93
1
5
8
99
286
2
3
25
247
32
2
427
1354
193
27
11
123
6
13
617
1714
14
256
7
44
3
1
442
3
771
7
30
4
14
1
217
2
1028
11
11
1
855
3
1974
1
247
232
409
2
535
2
45
26
29
13
38
5
7
1057
2
1
11
12
13
3
118
4
5
2
98
867
224
24
66
678
4
100
952
375
6
1
3
849
2
6
924
164
7
310
34
12
65
58
476
41
2260
9
107
11
1
44
17
235
97
81
10
76
15
10
1
247
49
52
26
2
28
335
138
11
4
10
177
5
2
1
771
49
5
14
1832
1
1649
1
1704
131
269
5
4
1
134
1
165
16
21
1
16
44
62
3
2
97
92
22
1
10
2
30
74
97
27
6
1
97
1065
246
37
1
13
224
33
5
16
1956
1
1
59
18
3
280
164
43
17
110
519
1838
2
3
913
1
23
35
6
398
118
3
2
3
1
1
1
19
2
1386
12
80
2
857
5
1207
1
1
20
6
1
1787
345
163
8
12
346
70
16
1
7
65
831
253
50
105
188
79
1431
8
17
386
23
1
149
4
2
1918
110
191
18
73
187
9
7
571
679
135
262
27
145
1
16
198
20
132
5
400
3
199
7
25
1
422
7
18
155
15
361
6
15
342
9
122
1
2
4
167
432
1
1
59
7
49
30
194
1
908
2
1
6
6
49
149
1731
75
5
2
149
1424
44
1
1389
95
1
7
27
133
20
98
1
145
412
45
1
1
29
499
152
145
109
6
182
4
14
2
13
2
1
12
93
15
55
12
17
852
32
85
8
370
8
98
913
28
18
355
166
9
606
64
2
24
18
16
11
14
30
7
17
150
8
1875
19
2
1213
731
3
1
21
41
408
68
1721
36
260
34
354
264
1059
2
551
145
71
596
555
215
1403
1
43
1
1
1
1
15
18
2
10
7
460
10
2102
6
3
2
50
615
159
6
1
7
138
10
13
42
2
10
569
7
65
120
18
98
1
31
5
79
26
34
3
1
82
1174
7
8
117
17
3
197
2
61
1
3294
433
9
62
1363
27
21
1190
32
3
2
56
4
1
6
157
1
23
490
96
12
6
1
5
1
12
6
430
3
6
11
45
4
130
426
2
5
53
30
16
352
13
285
4
2557
148
1
11
3200
868
42
440
48
4
349
867
13
99
3
1
147
44
41
26
20
2
545
11
62
64
100
8
376
418
28
965
226
16
272
700
199
1166
388
429
4
203
1
3
32
4
5
8
1098
2
2
57
2
46
20
102
64
159
18
55
4
358
5
13
6
1653
584
1
123
68
50
10
98
632
5
1
285
3
1
6
1
2089
17
43
1
9
239
1
1
70
7
7
45
495
2
25
1407
131
3
41
613
2
4
134
420
182
2
70
3
2
1
1421
124
55
14
68
68
9
938
121
1
2
1
1
8
10
279
1
2
7
154
2
272
1837
495
7
1
3
10
31
157
569
132
25
2
680
1069
1
3
338
29
2
1
2
329
1
966
207
25
1
23
15
4
2
280
13
1900
2
5
2
10
290
1
21
194
199
740
1
1203
11
2
1
12
2740
2
7
35
1
95
8
119
2
1
72
134
69
2
13
319
1
40
1
31
5
8
250
31
4
38
1
1
136
17
2
867
265
22
2465
332
1
38
360
2
90
248
2
17
7
329
14
11
50
2
481
52
5143
161
636
1172
7
4
115
1
52
1
319
11
137
70
258
14
169
3
1439
133
10
1
5
100
2
2
818
54
2
60
268
1
155
569
35
1
54
4
784
52
1049
81
10
21
60
670
4
4
56
473
84
2
40
688
60
127
1442
16
314
31
503
11
49
121
1
7
1
178
41
14
328
1
410
16
931
17
34
1
1
178
24
32
1448
1
2
1
285
205
15
11
78
12
31
43
13
180
527
3
1
1
2626
45
11
1
81
1
1455
177
9
7
1
16
10
12
84
559
3133
154
2
9
26
5
122
2
783
71
21
442
677
175
25
1
35
205
3
1
303
158
1671
2
24
60
1
138
689
2
1004
291
1205
5
7
51
11
6
16
15
1
171
256
2
5
33
264
1
2745
403
15
19
2
11
1
247
165
47
194
99
2
177
133
170
21
1
1
1009
102
1
10
3
957
3
174
77
117
1
614
425
47
956
35
4
128
2
7
17
7
6
2
1
51
1
15
3
97
27
2
1
1050
387
12
378
3
1
686
230
1
497
76
109
119
13
134
53
4
981
334
3
12
492
450
289
4
617
2
7
2
49
18
1060
3
20
2
28
1896
55
32
50
284
4
2
523
2
26
87
97
7
746
3
66
68
12
80
178
500
5
278
470
952
444
147
3
28
1730
254
1
603
22
44
1
1
1069
2
24
21
25
674
872
446
27
85
2
129
238
317
245
16
350
10
27
28
11
1
286
347
19
1
111
31
7
429
17
1
1069
4
4
1
48
763
4
15
820
2
8
301
16
859
970
6
1
17
29
613
1
1
4
16
46
230
625
2
793
3
22
5
3
249
3
43
195
73
210
16
12
2942
280
3
1
561
32
200
72
348
14
35
858
5
30
60
7
1
848
1431
14
1596
2
1027
24
4
6
3
144
2
528
9
13
870
3
13
6
8
218
899
8
35
2
3
951
11
1
473
5
1
11
2436
28
2
670
15
791
65
423
12
3
1445
1
1
2
3
2
6
254
85
45
1
51
1
9
7
36
2
2
674
99
4
143
2
32
1948
1
16
2758
58
2
1
62
199
4
142
2
280
1
124
3
72
4
379
1
1
54
216
1
1215
5
92
91
1
175
8
334
8
5
15
6
357
140
8
1
103
164
2
170
2
1
18
2
10
15
1
32
92
43
1
7
389
654
1282
4
55
58
1
2244
22
32
2
130
351
238
1306
11
28
3
212
15
328
2
393
3
68
64
417
18
177
18
2
90
29
651
48
14
210
25
950
12
2
1
3
96
20
59
1
452
585
43
38
8
4
2
3
2
549
1
36
40
1
60
363
85
95
3
6
46
13
947
19
12
1
99
4
1
1
38
452
1
753
298
2
36
18
55
363
1
124
567
14
3
2107
622
50
8
144
206
12
3
64
208
23
1
1073
1
761
924
12
299
13
465
23
2
685
1
94
165
9
1
2
536
440
1255
175
2
2
1
142
11
342
1
230
8
9
1076
5
613
81
100
211
50
111
10
71
532
5
10
1
97
372
1
31
810
1
3
87
86
3
5
58
8
234
51
6
4
126
8
329
932
3
1274
13
849
84
317
3
776
617
1160
8
6
335
16
1
3
6
4
224
954
2
1
1
1
27
4
24
109
1
160
3
105
7
172
14
657
93
6
3786
20
2
4
1498
1442
156
9
100
17
4
177
125
724
1
15
26
105
54
28
1
99
112
4
37
87
32
3
24
3
8
79
2
2
1
10
1
130
772
2
1570
117
1
44
2
30
7
3
1
15
11
594
80
821
76
589
16
11
42
37
7
15
438
1011
7
131
88
11
57
614
3528
118
127
15
17
60
1082
62
24
845
91
74
23
911
550
197
8
1
6
286
100
27
5
34
102
2
545
617
60
11
360
755
906
2
7
5
46
9
87
205
38
39
27
621
2723
28
42
12
730
11
285
4
26
326
1
538
2
2
58
296
346
192
1
68
213
153
41
1
2
788
170
9
1
3
1
236
3
1175
6
2918
1
103
28
494
165
128
3
8
429
5
3
74
1
9
17
1317
13
1
174
50
53
2
32
2
32
505
1
253
188
2
143
1
1104
58
2011
15
4
3
6
4
3
353
5
18
371
35
50
43
1
5082
3
12
5
1
646
1
61
5
23
466
120
647
52
26
1
244
34
8
412
2
78
10
51
188
1
4
75
1
36
7
1
3
699
1892
129
70
4
17
32
1
42
322
113
108
1
1
8
6
368
2
152
22
171
82
190
1
224
26
8
53
7
824
13
202
2311
205
179
5
4
95
4
220
3
3
2
1
246
123
315
4
4
12
2
230
1446
67
4
2
335
36
633
12
280
106
1
2
3
81
1
1
113
10
717
29
3
3
70
1
2
499
639
13
2
140
15
16
7
5
4
2
3823
106
8
889
78
48
13
38
99
1
1
3
63
1
3
8
228
2
99
1
81
12
37
8
2
5140
2
5
21
4
1
13
53
76
23
486
2
1
2
1
759
6
88
22
3
164
2
1
5
3
51
87
2