2960756
1
10
2
171
5
175
49
2
95
1
22
28030
142
2813
475
15
982
56
2
1
8
307
338
5708
192
33
273
528
26
34
2
153
4044
7819
184
194
7347
798
391
7
13
2
10
19
1
4
286
30
11
5
21
5
150
527
1
289
10
864
1
35
4
111
3
10
7
4936
70
14
17
2
105
7
8
853
3
149
8
21
3
37
100
3863
25
3497
12
9
3
18
4345
50
1
18
57
12
1
3
2
219
8
89
15
6
6
476
5376
1
4
1
1688
989
512
3
44
1166
2
72
729
2
2
60
12
1473
14
1
87
98
1
11
2888
770
9
3
1074
7238
5
1232
1
7
287
3
26
5
2
17
149
68
4
334
43
1
1372
345
54
4328
26
27
6
1
2
26
313
7
740
2540
2964
44
8
2
1
6
129
1
1
63
3
2
59
128
1
727
1
221
6
4
9
8
692
19
334
251
4202
1
2
211
41
250
978
38
1
104
767
5
1
621
5829
2
17
446
1129
2621
23
4
198
2
1881
79
22
15
213
8
2264
1
405
3388
2654
1
43
6
9
176
113
622
1550
4083
71
2
1727
13
1
49
4526
2
13
3
4
62
5
17
43
3
6
21
287
1768
1
224
1104
1
25
31
5
26
6
8
66
38
459
4
2
6043
55
10334
11
129
9549
1489
1
230
99
3
2
1
342
13232
1
7
103
2947
855
32
635
356
81
887
3
122
36
653
1
1
225
1
395
10
54
968
1519
17509
2
2193
155
1
13
48
2163
837
112
60
2
274
22
822
150
6
8
11
11
2527
1
63
1454
154
2086
16
635
2002
2
6622
9
32
452
4004
616
1
78
2
609
2
1
8
1850
679
3
436
74
8581
22
1
2397
45
5046
321
1842
3
57
3
7
585
2
39
222
1
1
87
330
202
153
1590
41
107
498
2
193
7
20
1295
296
578
80
2
8
5
433
2
189
325
484
51
102
4
8
3
10
2
99
42
134
3582
77
1
421
297
968
2
1
1
30
1
32
1
3
17
396
340
1
2
2324
8492
3
583
41
7
372
62
10
722
2
2052
117
1
10
10
8
3108
1589
844
60
7
1562
15
51
330
6
153
2
71
3
2
90
12635
483
1
3
333
29
9
2
2470
60
550
280
118
3551
3
8
1529
4
95
1
53
3
528
1
405
434
225
86
194
32
10
13954
32
4508
376
512
3362
1
8
6
10
84
12
67
42
6
1517
5
1
1
6
7159
13
1
1197
1
3501
28
38
174
5
133
84
16021
12
1079
1
1
467
506
317
203
2
85
7
65
11
588
31
12
1
78
1677
124
35
305
5
25
552
2
1
5
2
824
2
1
6
847
2
20
53
130
2
4
227
10
2
3
2029
408
3
1
4
1046
341
2194
682
1299
3
20787
3011
791
4
147
29
40
14
1
9
21
30
1
909
1
951
7
3210
9
31
400
9
11
152
144
14
347
2
2
5840
241
6
2
10
2
406
13
316
2
4863
36
607
349
2
7663
8733
167
8
7
1
7
810
20
46
1
63
68
152
114
5611
775
22
1
8
444
1765
28
43
1601
41
4
289
100
169
2
164
274
1
6
480
159
181
1
2
285
32
744
4249
566
1
1970
6
33
11
224
114
2932
34
1420
2
223
23
135
20
26
3
2
8
139
87
855
12
6
3869
2
8
66
461
5
128
158
3
2
50
2
1
3654
31
526
102
11
1925
4
717
214
293
96
676
802
743
79
6
7
17
1591
24
21
539
11
64
421
1
14
103
24
356
2
1
4463
74
1
48
40
8
52
23
9
41
33
223
6793
112
15
522
2364
4177
5
3
12252
1734
13471
7
98
35
12
991
62
8
3
2
1
5987
42
15
1515
20
4
4
2
1208
815
1
42
63
605
42
28
118
1
8
3395
4833
66
2
78
1
109
16
860
7
79
2
7
33
9
14
3633
2220
16
9674
763
30
9
3581
12
3
3
32
3
2
1
3664
2560
1953
831
618
67
35
314
4817
391
2
2220
11
16
172
1
3575
2
22
206
91
1018
45
1
12
3722
128
835
89
15
8888
4544
5
223
301
67
1
751
353
4535
1
6
4379
20
393
39
1
161
26
83
11
262
175
24
2
6
112
3515
1881
946
655
18
44
962
1
2
14
130
23152
286
1
599
9
710
857
340
1
1
299
27
3
87
3
6
2
82
21
1
7
39
269
20
877
10
22564
4
2
266
6
261
1
5
4
13
8
4
4
185
2410
5
171
283
5508
120
54
1
9
1031
30
2373
154
4245
975
1
54
7
194
60
544
2
89
186
1330
186
110
8899
1590
3
3
382
22
1
2
575
1862
30
468
1
12
20
4
11
11
2
113
609
2088
45
2
2
22
3
1
58
33
1565
65
1894
2
294
2875
1
49
8
5
649
1536
64
3
874
5
351
236
427
2335
3
6
2
48
1
5
62
1
951
1265
89
374
3
1
5243
16
3
6
199
1
5
196
42
1
75
1
156
1153
12
1
11
1
472
1530
1009
1
8
1
3035
61
426
4
1
5
2666
3
28
41
43
134
16
364
31
1
128
45
6136
27
17
403
1501
1
35
1
98
8
4
3
1823
7
15
1
42
117
3805
1643
289
706
685
2
12
5
114
278
1
3632
2
168
360
184
11
32
7
14
20
1631
1637
9372
1
7
273
2058
4
17
21
124
52
1
4
43
62
332
62
1
1084
283
5935
17
5
2
30
6
1
5
131
2
447
1
118
2608
569
33
3499
41
15564
355
12
8
15
5504
12
9
359
2
1274
4
22
1
2
2
15
1
4
243
1
2
3
1
3
2
2
2
2
2
9
42
1246
697
7
1
11
1
395
16
11949
10132
13
227
76
5
5472
15
1
5
4
7
4825
586
8
1
674
10
9564
4495
8
671
4
86
1
1
198
392
122
8
89
2
424
45
3
637
154
9
26
349
12
29
1
5
26
279
260
640
210
1386
1
1
23
2
35
8620
1
4
73
7
1668
6
86
88
126
1989
2
2431
31
615
3400
7
1
13
2
95
22
11
16
427
10
3
906
554
16
14
10
49
37
17275
1277
13
71
179
467
6335
1
31
107
310
452
160
318
2040
3
1
61
13
1206
53
22
8115
3538
1617
13
1537
14
18
264
1
6
15
19
2214
327
1
6712
1
94
235
2
240
94
1
9
2
1
1564
323
1254
175
8
3712
2488
1
2
14
23
99
74
678
654
44
2
5
676
4
4890
980
2
3580
14
170
1
509
3330
17
2
56
10
662
1
1040
16
201
503
1
886
51
673
96
1671
5
1473
1176
41
442
5
682
2
7
4
2
3
2
730
20
6
1192
2
65
65
17
54
78
4
1231
940
12
7
4732
2
6693
73
5
565
9
139
521
3
14765
54
9
1
1
7
4
15
3898
9
366
2606
3517
114
1
2954
693
403
1
1
220
1
141
65
323
51
39
3
244
17
466
20
13
9
7
6
2
4
36
1
3967
80
1
4
1
2
258
50
21
9
38
518
496
261
8
179
436
1
14
7
849
1596
1669
3050
1660
15
616
40
5
2
38
2
290
33
3668
4
3
1
2
266
300
582
2886
1370
2
9
611
159
35
992
8655
113
6874
11
2
36
745
3020
2
176
2
10
3816
652
1
2
7167
458
4
7
49
445
181
10
4192
1711
107
13972
3
446
7
2
25
9
53
32
751
257
1477
5
7
31
92
251
12
104
16
9
24
36
56
29
36
20205
133
16
10
12
41
6
2
19
1
388
2971
101
102
191
1
5
6
9
750
3
55
117
52
512
134
1349
1
29
3
6
7
85
269
22456
5953
15
282
13
755
25
18
339
2382
238
60
28
216
467
30
80
15
177
1
121
120
84
25
7570
104
1
74
3
10
61
16
295
3
4818
5
1
62
194
813
2
2
245
8090
510
186
12
2928
1
10
19
48
13
749
1
49
58
14
18
8
121
1
1037
2
2
27
395
13
619
185
1099
219
14
8
43
2268
95
37
1881
40
16
729
2
6841
733
449
35
3
19
2
203
2
124
4658
361
355
21
6
8
902
7
2
18
7
6868
67
7
4
191
6
32
15
1
6
2759
4
41
17
1
1
17
1
985
644
159
23
3
237
17
1
342
8
37
4
8159
66
13
364
32
50
29
28
1562
1
983
15307
549
1
8
3
124
51
3304
131
27
12
1
1
8
8
8
8
4
61
3
113
2
446
30
7
61
1
30
1
17808
150
8147
1150
21628
2518
1
10
90
2
369
2
366
105
8264
27
2
4
5
2
1321
2426
1
3
727
11
465
1
5
105
4
1
6971
112
5
22
3
67
1526
2472
1718
2
1
13
20
1
2138
2
375
74
1055
3
438
24
5
1669
1
3
1
1
4
1
4
101
121
1158
375
1
2
397
1
12
14574
1486
25
5
193
161
173
1
996
1968
168
9
886
10
1574
107
3411
343
90
2
11
79
25
1
3
1576
270
10
40
3
7
1
12
575
1731
4
1
1049
1296
87
1
69
539
755
6
3
762
55
754
35
279
2467
2
1190
249
4992
36
1784
1
1
16
6
733
423
15
74
89
16
12
93
1062
1
2
1
10
7
1
12
1108
38
223
20
50
613
2
3959
1
3
90
97
69
56
5
151
968
15
583
77
89
7
1
1
68
1
24
6
201
48
797
1812
1236
4101
4
10
15
3239
2
291
4799
2218
1
24
12
455
40
946
132
1750
2
1
1
3
2
25
4663
1674
2
1003
2003
1
10
986
2217
1221
3718
44
261
601
3644
4
3
2
5
9
1
12798
105
17928
1
11
21
7
4
341
2
24
5
1788
3
3
61
498
141
4
3
7
2348
17
176
3611
4
10
9
15
8
3767
1
3
3
776
686
2
1278
1633
2
4
1
6
6
1056
34
597
52
2390
16
2122
206
2
1
727
141
583
3
1108
1
1
3051
4871
1411
1850
6
9
744
1
794
500
301
9
106
31
221
1
85
2
12
43
37
5713
372
45
1
66
3
77
13
4
6
19
15
296
1
3885
210
1789
6
1
38
7752
34
36
3
22
16
243
788
355
2
11
4735
27
5
94
23
48
1
1972
1
83
365
1549
7
5809
3774
3
2
885
7
132
15
56
12
429
1
10
23
436
264
7047
45
225
1
3059
2
24
278
73
1481
6
12
2871
154
5
1
23
16
2
2202
62
1136
35
106
23
2
5
7273
112
1100
33
3
1006
10
65
2179
568
245
11
17
18
2
14750
1
1
123
122
58
3
636
25
2
3
1
18
19
12
365
7
541
934
15
9103
230
1260
297
47
64
23
2280
2327
1
7359
412
8
466
49
23
3943
1075
640
2823
70
2737
419
207
67
20
97
35
1
986
1086
12
4758
45
926
1249
3
637
2475
8495
631
2224
49
2267
34
1
8942
11
6
22
1
916
794
11
9
1744
16
755
2
1
578
212
32
3740
1
3
2136
4
1465
1582
2
1
44
2759
254
192
2
1
5
25
3071
1
2
45
33
3
5
5802
4034
1
4
378
116
1531
2
610
1
30
1
421
10
89
2062
41
15
7
128
768
1
50
1253
2
896
68
343
58
536
2521
210
2
54
803
60
406
10
3
12
753
7
25
1831
6
1
1
2237
106
42
685
5
919
34
2
1703
2
182
3379
6
63
9123
1
26
56
14
363
11
2
75
412
39
1
282
9
12
4
2
3
130
2
3
464
99
84
1733
35
3041
42
11
260
2359
3
14214
28
4
6
2
1
3
106
1935
1
3
3747
3
65
1
1
976
3884
1
204
672
5
25
3
3512
21
5
73
515
207
15
280
122
14
2
2969
10
2808
37
123
74
263
2
11
1612
122
17800
5496
90
85
2
660
129
103
399
1
1
4978
601
2
3
13
4
29
3090
36
18
4365
1970
17
1
2
60
1
2
66
16
113
151
2545
241
7290
97
20
1555
3916
2
859
1174
40
676
97
9
7
384
1
3
10
58
13
17
288
194
39
1
7089
29
6577
1
1
728
3
44
1
339
411
1765
47
2
16
6
1
1660
4
462
921
1
2
799
1
3
724
784
338
6
11
1
7801
6366
2
1778
15
1
350
6
69
1544
89
1
27
75
6
57
1
8
45
49
3
26
7172
1130
2
1
5
1
5
25
3
12
874
697
2
6233
1
39
1
8
90
2
74
189
1102
17
15
122
283
2405
63
8
15
85
11
2
36
6
3
3
67
4
75
14
1591
2
339
23
3
646
938
1514
1
338
100
2064
8
2
1
2309
6
71
31
7
11
1
3
6
2
11
1
24
1325
381
372
26
23
263
22852
724
1
1
2
26
36
6
656
1
2
1
5938
64
7
6086
4343
142
3
166
20
71
18
1
3329
36
22183
425
376
2
88
289
2248
1
38
5
2456
3959
55
1909
316
79
70
1
14
581
1597
116
2
164
191
1059
2
6100
3
1
10522
10
3
242
9
1
28
3316
371
4703
20
84
6013
494
3756
2
1
160
4
1
47
1
8
1
136
65
97
13
75
101
8
1
1246
1
252
18
11
5704
1
10399
8
8
650
7
46
7958
334
30
7
10
41
39
2120
101
1671
6484
1
1383
66
368
2951
19
247
1634
7
8
2386
1343
188
100
3
41
20
11
1879
53
2
8
2
1
1
3
316
18
2268
24
4269
1
1038
1
3011
9
4118
3
4
3195
7
107
799
160
11
6
533
594
1115
5
5
3
36
1425
18
8068
2438
2682
1996
849
157
1886
1
508
198
92
5
22
3
641
1
5
2
23
1
1
18
34
2
13
1
2
201
1228
1
91
2900
1275
51
46
555
62
26
130
1016
12
5
130
13
11
1
21
44
3381
53
3481
16
29
16886
103
4980
12
106
437
1049
130
88
7
1676
30
6298
38
806
2
665
88
30
2
11
3355
2
180
1
1
2330
6
2
43
35
2
24
1
3701
71
235
771
14
7
2
65
62
100
8
174
959
8
40
1
6
1
3722
16
78
378
5489
1224
17
5
719
2
10
2
40
491
39
16
601
6
3
3
371
88
7
23
1
2761
5
1
7
1695
9
1
1332
19
2
297
17
170
4
7
774
17
1280
1
3
5
1
4742
1
5
411
74
5124
729
7994
37
2
7
13
10
2
69
16
1
103
4
456
95
2
2
531
68
10278
720
78
24889
17
1
1139
1425
5
6
331
11
2
415
3
120
300
2
167
3
4172
35
2
1
9
6
545
7
274
7
421
27
54
1
1
1710
2445
273
22
14
57
4
2
1226
3
1531
17
72
325
443
1065
1
1118
15
15
52
2
7
6
15
2
7
4242
300
2217
25
659
2
11
44
555
65
1561
1930
604
4
5
4292
4552
7053
1186
1138
1
1
4997
81
1567
581
8076
125
1
1
29
502
9
28
26
775
1164
7030
747
500
46
1965
16
19
2
519
1
14
39
3
1456
8015
2
122
93
1
1583
361
45
1096
1
8
20
11
1731
3
3691
9
1065
35
120
227
8
1207
74
693
99
66
2126
2
799
58
1
23
90
2
627
8956
103
2
8
1
3
733
3605
17
1197
9
70
7
95
12
5
6034
438
18
1
594
99
1482
322
40
76
47
10861
1223
4159
2
45
144
1
394
89
5
1749
42
4
30
230
6999
656
65
1
2
2087
307
36
1474
1293
1089
1
28
2811
34
1973
188
10
2267
2
155
323
89
28
34
63
5
719
10
2
555
48
39
1
8
7
215
1
82
724
2292
1
2
4
7349
10
15
1494
10
2727
3
2
2
1
11
5379
1
76
4
77
3607
343
6
2
13
1
1926
1448
2344
371
187
1016
652
2
24
100
5
10
996
95
8
53
889
3
1
15
140
347
10
12
1
292
25
5
2639
6230
2
1
1113
9289
4
897
126
8
14
1
569
1617
1076
2
213
6
1
57
2
120
122
1
24458
1
14
2
16
1462
2
1
18
64
1
41
312
17
14
827
13
8
18
71
4870
15
283
1
16
2
16
29
861
1376
48
1
3
12
49
76
2518
2
1
3
917
2
2
2
1
33
1732
109
87
152
242
12
127
439
1734
1
1
5
83
281
722
268
1
59
2
75
4
7
5382
2748
3850
10
5
1
202
191
611
2
36
3
19
6
7
12
2
265
1
2718
45
695
1201
23
5
3
20
37
1761
2819
6002
6
278
142
4613
8
2
41
805
2
568
311
418
189
1
90
314
55
1647
7
565
818
80
2
487
44
82
61
57
3
2
4227
522
2122
1772
1
347
11
4
332
1
162
11
4
3470
3
8
93
6
7
113
689
2
2969
78
2
3
371
289
40
105
7821
1
3
180
1
361
1
1102
265
1
2
3775
8
1
1286
8
1
1
1
6
10
65
17
66
10
2722
5
126
1503
9
742
1954
540
362
3
285
16
1
6
2
4704
26
8
26
4925
1
1577
14
861
29
3819
6
13
3
5694
2202
32
36
10
10
3200
2
233
9
1
11
515
139
1
2507
58
524
4
1060
864
4
8
129
284
1884
19
393
15
35
651
1402
898
1
161
23
1750
1
2
4
26
901
8
4706
1
9
81
9
15
6148
36
6562
13755
15
1870
1
41
1515
13
153
1876
63
127
7474
1
10
15
616
14
5
2
1
3
16
6
5
150
9
8
2
9177
1085
10
1616
1
190
14
1
2
10748
190
1
33
12
117
1
1
2
72
25
1
2417
62
1
2
8
6
1
20
65
4427
2
346
183
1
1507
8
7
2
13
2
3318
5
1
136
1
22
98
169
2798
15
1487
49
144
44
165
1
842
42
178
7099
7
3
1635
2255
437
41
3
282
508
466
6529
7
334
5413
17
11
17
2
10
1194
12
1
7
82
1733
4
104
24
60
3
2
32
35
6
102
3
2471
4
1
2603
2
555
183
6
171
42
10
3
3
48
2
10
1289
420
408
7
1
32
1303
8
2
253
6
198
6
13
3
735
25
1024
354
2135
782
6
54
1
1
46
226
33
4
589
11
4
7
63
3
1
169
10869
2763
52
482
132
281
3
49
105
4
128
61
3176
1
640
7663
6015
6
563
582
21
35
66
2
1
13
1
29
1
3647
4
6
8
7
65
9
20
6
344
63
17714
36
4
154
12
224
3
78
107
3
18
73
6
9
9
4
3
3
10
215
1
928
58
843
1321
1
252
2
1
275
1
206
268
13
1
24
505
2154
1
3
2
133
1
19
26
17
27
13531
43
1013
3
3
19
13
288
23992
70
390
385
1000
134
454
6
7
31
933
39
1
2
1
53
224
2
2
2823
12372
3471
8
66
168
4
5332
111
5
8
6
1402
2223
40
2
4
116
15
3
18
2963
10
8
291
3748
217
745
2
6
77
359
1
4668
7
49
43
249
3692
17
1780
3
328
3973
576
74
2
38
16
3
9
1
1
173
1
6581
2
1966
439
8
1
2
138
5
49
73
149
2
1
5
720
311
54
89
25
2787
12
195
31
4192
958
2
545
6554
3
3
36
6577
36
554
389
31
469
292
8135
1262
2
1971
38
18
560
2
357
183
562
50
70
25
101
111
22
88
16
106
1673
3
59
18
3315
12
26
25
2583
104
196
217
49
6
64
8994
57
8
546
8711
33
1802
637
62
1135
816
419
1920
307
15
5
58
4
5
67
37
249
1
94
17
63
8
6
34
3
42
459
24
25
42
354
2580
18
2644
19
1
96
15
1
1221
1786
2
12
2776
2
3575
1
2762
11
114
28
1
79
7
4321
6
24
594
26
37
41
676
6
78
1
2
11
13
917
3
3
120
4
3
6
544
10120
93
4195
2
33
11952
14
7
4
6
492
674
1
705
329
169
1
60
69
181
1970
663
6071
7827
1608
77
1864
10
1
60
5177
2
5
1
355
72
530
16
434
11675
6110
4044
843
22
51
2
3
36
159
194
1
542
78
12
927
3247
372
3631
5
1456
1629
2
2
19
179
3
3
1
23
10239
4
1773
13
5027
1131
50
3089
225
174
409
2
311
369
188
1
1766
25
105
3
41
752
711
11
23
1188
25
1
1204
1
2
6
76
341
52
8035
782
242
138
30
1
2
5
169
49
2
133
825
6
2
1
915
2133
1471
54
3
2364
20
598
1804
50
3138
8
254
16
1
34
47
21
1
289
1087
1
2
2
1
10
1915
5
34
186
636
3340
881
3
1106
602
3
27
134
52
6
1
625
5
3482
1
2
5
1
4332
5
2
3111
189
16
15
2955
106
39
108
149
664
1
14
104
131
43
393
1458
72
2
612
4
2
596
1
1
5
54
2779
4
2
130
5759
136
17
1
284
317
2
1
112
1149
11
23
16
2
4
1351
1
4
1276
23
5
707
1
2
2
42
2
295
1811
89
16
44
7
1
28
6865
1
20
1
2
1052
10
642
196
1
15
505
9
727
78
31
64
20
3283
5
1971
74
87
55
409
60
210
1
25
506
2
2
162
490
2
9
1
2166
62
1
11
1
12
9523
4
16
4
1450
9
6
19532
612
1
1
613
2
129
2287
1094
40
11
86
1
554
6902
3
6379
29
108
1
15
46
2
550
171
4
1918
9
3
1994
117
5
1
410
164
49
947
18
122
2
15
1
12
26
285
2859
7
261
1
4
7890
318
3
266
1014
4
1
45
2
391
4176
1
3124
931
2
2
10
7
2
5
3738
793
715
743
664
5
6
415
62
1281
45
3336
547
27
418
1037
1
1
7
1
9721
562
4
1
4
2125
509
52
2
131
30
24
1
597
2
770
4
312
62
8
2
9
2764
13
9
1
1
117
319
919
195
22
3
3842
1
10
2
3
27
1
9
355
67
136
1
3333
24
32
782
5
11
1082
2208
14
35
862
2
44
1
4
8803
2
1
1
1
552
134
39
67
27
1341
15
64
172
2415
373
1089
32
1759
135
371
28
22
5
131
1385
775
1
10
231
22
205
32
2
1622
8151
375
40
135
1344
98
179
1645
237
1420
1
41
1
1
10306
112
3
637
420
6
1
1
1
12159
2
6
117
262
21
42
12
4
4
68
2
36
1
11907
450
3126
106
24
31
241
2856
821
1
6991
989
196
5
32
1364
9065
16
3736
7
2
1
6
19
744
4
6
1
4
44
2
11317
47
5218
1
1344
9
3244
2
1
43
97
19
46
2696
157
87
5
11
3
152
5166
6743
1302
311
3144
6
16
203
349
2
29
311
10
1
143
3
77
4740
331
1
2232
4433
450
849
9
1391
2
2269
34
66
9
1
24
53
3
18
58
1775
1
23
34
51
2878
16
4297
49
2528
346
24
42
19
15
12
327
53
1
50
1
78
3
463
2678
77
1
11
2
947
3
1
1
679
1
131
11
2
3
5
11
3
71
5
564
24
2019
38
9
195
12
139
8
44
6023
1389
1856
10
11315
2
14
4
4
4
148
21
3
75
6
5001
29
601
279
6
37
718
32
2
1
3
12
1
7
23
20
39
1
1844
104
7
18
1
739
224
216
247
17
2
18
4
62
3
4273
3246
15471
73
5
1223
64
1
3
200
1504
19
3
22446
6
45
1
62
1559
272
5
1
1
16
1
37
2
26
2
2
1898
990
45
367
1
3
6
45
2754
28
279
34
37
50
33
1
2
374
1
3
4475
1
1
43
6595
3
2
1482
2
20
6
121
6
83
315
1
18905
408
49
6676
1
1
347
2329
13
37
2
11
42
3
160
1361
140
9
1
1
4
9
72
38
18
32
626
2
1155
2
727
10134
1075
7
17
609
18
2
291
576
9
3
2346
126
247
1298
5
17
291
414
546
678
20
456
15
4681
4
1
11303
43
10
2923
15
2
1394
1
7
1
327
13
1845
149
1
2618
11
1
6
107
5215
290
9
1
1
6623
448
1642
4
3857
14
4
2
222
15
3
54
1
6562
6304
154
3
3
35
217
23
204
18
8
1
160
2541
1
478
12
5
4
9
296
2
182
237
755
5
21
7
553
1
23
534
425
393
2
552
810
3
4
2
3
1486
1
47
252
3
7
14
1
2895
6
36
540
3
5214
539
4
2
1
3
8525
3680
359
472
287
92
1
5
2078
23
7
141
5
6
5
138
3599
1
1
395
277
3
4
1
3
114
52
115
108
21
33
43
2376
4
16
19
12606
543
5
77
5660
26
4
2
43
5
90
60
4
11
1
629
10893
2836
4
1
97
5
1
2210
120
4500
13
1
65
2
8
3354
506
54
2622
155
425
4802
282
118
8
1
3089
99
118
20
14
4
11
127
2
2566
4079
24
380
228
2
1
651
509
37
2
947
4
85
370
146
8
11
105
19
24
1697
858
16
404
1
278
132
478
4268
21
5
1
2055
291
4890
30
1153
23
76
43
1
829
140
100
478
2
3
16
3
1774
1626
662
225
4
1284
167
7
278
7
11490
1
1306
57
2265
3
26
165
1
366
18
2826
97
2
608
76
70
1
49
2
8
1
5120
1
387
24
94
16
780
3
5
1
218
167
50
1348
2365
29
627
379
79
78
12
2558
20
3
1565
22
2
1
7
27
56
1876
2215
10
4
224
1
150
1
3758
20
8712
170
2
366
130
1
90
8481
50
5
736
46
28
2892
7
460
23
40
5
35
335
4
395
164
16
298
47
52
26
161
21240
22
17
106
32
99
1150
17
22
1
1
2
27
228
1
2
24
6
1
2
1
7
27327
15
4
5
2
100
51
129
1
1857
187
4
293
3861
370
334
526
163
8
2292
167
903
4
4
2
1953
62
746
2
7
1
1
116
5
1
3120
1
597
6
6239
2
3133
64
18
1061
6761
7483
1
2049
121
8
216
1
4
18
1
39
2
51
6
535
3485
2
4
482
3
119
50
1
1316
215
2
1
7
3
1
11675
26
488
5
57
2
188
32
13
13
38
535
25
69
3
3
1
91
2
15
566
6
39
2
11
572
63
1186
4
106
2473
12
401
203
1
8894
1568
3
540
22
7
6
4
1
942
2790
17
2
1
203
362
2
3
1
290
1040
12
2
2
98
191
311
5
4280
4926
104
216
571
210
2442
123
12
164
236
2
129
3
84
176
15
72
23
25
2185
897
25
38
394
11306
12
1059
162
42
505
7
4
1
14
6
149
63
7
10
18
62
255
2
637
230
1
4
1039
2
6
68
79
99
22
776
4
5
946
657
32
3307
7943
1352
161
112
8
4222
1082
2
2610
2722
657
3856
25
442
153
353
1374
30
1
14
29
1
749
486
2
4
25
235
1
1
4
205
504
5119
4806
108
2021
2
10771
675
1691
3
355
5
3
16
73
164
13
1
3
91
1
515
1
6
6
990
11
44
39
1
3155
26
872
11
463
736
1
327
1
154
89
1
13
13
4
7
1
8
5
7
2
13175
1
2
1
70
2
26
2251
55
218
22753
4
56
50
9
1
75
6
44
4
13666
4
6
4225
1
7188
81
186
36
3
2
1990
2
10
226
14
6
1837
193
3
9514
1
89
1700
88
151
6
24
6087
1123
771
1580
4563
223
1
26
1
80
38
40
156
176
1
1099
3
183
30
757
7
48
19
126
11
2
675
4
6
118
6
224
317
1
3
3
71
766
48
1
78
1
1533
16
20
1
3819
105
1574
2907
387
1
23
1
196
183
13
32
7
1
2
2
640
38
364
47
1
63
3427
158
5
149
14
1151
169
743
269
3
133
123
4
129
4
1
5
2
1
187
96
4
8
14919
24
72
1
363
30
7
1
3
2215
2
1655
1
301
14377
1
543
625
13
1
1
7
9
11
7
22
253
11
947
10
74
11
43
3
102
69
24
1
2
366
1
625
514
4851
20
31
2
114
3860
67
4046
68
107
37
12
316
37
2
1
5
11
8
16
27
6
9
2156
1815
49
5
5
12
3634
52
2
2
20
65
9
7
39
5764
190
547
10
2
230
3418
2110
5
48
1166
1875
111
23
10
1254
12
4
227
6
3
209
2
34
31
3224
2404
482
105
1258
434
28
5
1
778
839
2
216
128
7690
336
14
14
8497
416
1
6
315
2
1
18
2469
25
164
62
7
1576
441
54
1
57
10482
1
30
147
45
154
14
106
5
10
200
1
20
12090
135
626
77
4
393
63
289
2
95
17
3
11751
1
135
1747
9
5738
6
767
2
942
725
8
227
1042
1658
67
531
28
99
8
1337
2
88
23
68
1
6480
1
47
2
4017
2
749
7
797
1837
11
498
140
186
1
3
43
64
52
350
18
1
6
4567
2699
5
24
9
490
155
9154
13
5
10
2
8
2
3092
30
23
33
3
3
25
261
41
1
89
1
46
1
18
16369
3715
24
878
6232
12
1
4
35
2317
3139
8
9
2759
1
159
32
4746
1
2
220
1
1
1022
3937
8
2434
13266
1
77
2
730
5063
30
989
1067
1
163
147
136
4081
3
1321
8395
968
3
36
108
1
3
9
1103
183
2191
2344
1279
41
6593
1
1
5
123
38
87
15
468
54
52
1586
98
2048
2598
121
21
12
10
4
8
792
3
331
1
8
683
3
174
3
119
174
9020
148
1
13
38
23
1
1356
133
1
1431
10
170
9
561
40
20
2991
1706
56
4742
1126
9
454
1
29
1445
1099
3
165
3
137
2244
656
4835
86
96
1
2
5
52
205
15
4374
57
33
44
9
11
1
1
1
9
3691
489
2
47
68
7
50
5
85
541
3
10828
2
13
2
257
41
1
130
513
56
8
15
489
3979
5166
34
137
4
2
1
431
63
5
1130
600
2870
1
1
414
842
10
73
12
2
7
87
175
2
2200
1
5
121
148
1
261
1180
35
30429
1
1
61
77
185
1
3044
272
3860
1
6
58
14
20
8
1067
3
118
36
146
175
44
10
37
2390
4
550
35
6
2
1
71
1400
7322
6802
52
10
5
1458
1
641
132
648
793
121
101
4
4
1984
10
1363
2
613
51
1296
148
24
1
293
51
590
16
21
3
151
3
6
1747
271
48
58
1
34
9
48
503
3667
2
120
34
1
18
289
10
1413
7935
2719
346
131
215
2007
2
2
8
5
1435
20
540
3321
258
1108
12213
1090
5
1
2618
21
2
47
38
574
1
458
1166
2499
204
315
2390
18
113
272
179
153
2592
17
357
1077
1
2
2
1531
21
19
21
3
10
1
113
92
1060
533
2
85
14
731
660
62
6
102
9
10
141
126
1
1
20
692
90
650
36
168
1323
137
3
4367
15
8201
3
2
25
51
8620
57
44
158
3167
66
252
18
998
172
30
255
1
818
45
1
1
178
11
197
5
213
247
35
2
434
173
11
3
1
162
318
160
25
4
1
106
7
64
36
406
2384
15
4522
31
7
9
1441
348
19
28
10
31
2
2604
7907
1
575
27
4
274
258
5
200
84
3
283
14
1
351
287
1
2586
553
8040
366
77
388
53
21
2
1347
33
2784
790
33
153
759
121
2
9240
1
30
13
6
70
1
1
8558
16
982
1
298
1158
328
5
12
723
2
9624
17
652
1
172
60
2122
393
835
3
2033
14
33
2
14
5
97
1400
2
54
9
152
11
5
4
1398
11395
264
4
2
116
227
8
70
15
244
61
1
570
6718
2
5
177
9
1
4093
23581
3
4828
813
11
1
28
1549
22
883
3
6091
2221
2
108
47
1436
6
233
2
255
2115
11
1
2
9
139
1767
1
11
3529
14
12
1
5
17
14
90
1
823
5
29
1
11
3
43
47
24
101
23
25
4112
2518
1
278
1420
1
17
8
28
347
24
5
6
6882
47
14
23
3
2
67
2260
3
2202
11
1
11
54
114
193
5
774
7
2
1
6
2943
28
4
2
1
6
6
1
1
3331
605
20
2
33
49
106
470
1
405
317
2155
38
1
6
9
36
7
31
76
9966
329
3
5
11
3954
2
998
4
68
3
2
2824
26
10
347
3
25
1
31
1193
2
2
1307
1
2
263
2
433
1378
24
2
4616
40
48
1480
30
682
49
111
5
1
203
11060
9
341
1120
1
5
5
10757
4
67
12
2956
5
44
174
271
3064
797
698
1764
2
8
6
3018
5
2
120
5
13
8
229
6953
6
19
1
126
136
633
1356
2
5
22
3
1
5
836
16
96
56
2304
6
2
11
206
6162
115
4
24
4
315
2
1270
13
8
80
4
2
2856
592
15
1487
33
1
1
1
1
30
57
107
4
19
14
213
942
3219
15
2
139
828
676
162
8
8
4
245
296
191
10
9
139
179
2219
6549
2
250
21
469
2
1
124
353
106
2488
4577
3
9
222
99
1967
51
1
1
3
8
2416
18
4
1
2
7
1
1179
2
20
29
2770
467
219
1
17
409
22
100
4
2
33
12
396
405
27039
1
175
310
15195
64
97
20
3
3
1
4207
6
8
4
5
1569
577
749
949
2860
1
6
134
11
83
3
38
895
91
1
6
64
13
278
48
519
10
5
466
319
18
460
154
1
5
1
1
6611
67
3461
2596
8
11
6358
1
143
1
444
3388
26
150
8
6
1
679
1167
1
4095
39
17
1092
3
26
11
12
20
192
25
2
1
37
55
7770
1087
762
4
153
18
813
62
1
12
15
1
6
18
25
4
34
81
17
1
240
234
3560
176
6077
240
28
1492
464
30
6
704
8
48
763
6
757
50
2
616
55
6
723
40
946
12
3128
1059
211
854
43
102
814
1
17
633
6990
707
6
49
78
279
534
1364
1
14
41
10430
3450
1254
47
4
1
455
5144
8
3
17
280
8
67
41
196
20119
3
29
10
24
136
821
1
1
143
208
3
3
27
7
10830
19
1
1
933
795
5
5595
9
45
2044
1
1
2
266
2617
286
150
66
1
48
535
36
4671
480
62
3
32
703
7
14
249
3
37
56
2775
2
1701
1
4
9
1260
288
1
295
1
107
130
47
7
4
2
12
1
4383
25
207
398
17
53
4642
2560
1667
104
186
29
374
7
414
1320
417
550
190
3
63
51
6177
13
1
21
6
470
1
17
84
411
139
7423
275
13
4118
83
1
2736
44
353
6
2
5
3853
381
1
823
1
37
25
1882
1
2
13665
18
8
2
2
5
1
626
30
6
16
1
297
1270
95
43
66
1
6451
2
116
1
1
581
1
163
434
8715
3270
2585
17
1
1056
3
583
65
30
178
95
311
14257
7
133
1
1
2
23
127
30
222
18
4886
2
4
1
18
202
3912
98
57
6
3
680
2
2474
224
970
53
7
355
4830
2
6
255
22
112
1
445
4
13
39
7
371
13304
576
2
1
32
4
20
31
1
6
39
15
137
34
1
18
232
3
237
592
1
11579
2
428
6
581
3
8937
4099
16
1
753
3
115
1
99
9
6
3
1
398
302
1
13
5
51
2404
4
1
508
630
79
15
2
5
913
103
2
934
65
6
28
1
4
525
143
942
5
2
3446
7
12
4
313
380
469
2
7
2
1
163
2
4
3025
90
7
1
15
1
34
188
1
3917
6
3
1
233
2
1529
4
1
165
12
1
2359
3
256
2201
2
37
424
1
253
237
1
83
5
27
16
434
18
5
5749
774
1
2
61
65
54
2758
1
304
1676
5136
1
13
2
2518
2
34
2088
1201
790
959
14
149
1893
20
268
1
15
84
68
1662
397
2
7806
4198
1
70
12
135
113
1
2022
338
1
5017
694
164
330
463
44
10
262
4818
58
5
1
2093
192
24
185
1
17
2
4
2
2731
15
1
1
13
5019
599
4863
1
1
3414
20
6
224
2
5
3112
215
94
1
22
2
18
127
138
34
40
3
1085
69
1
254
76
2
11564
500
2130
26
10
228
635
1
267
1221
1
1852
2
62
2081
180
1125
1
5
221
355
137
15
183
52
347
22
415
35
17
28
2
401
674
9
904
2
16
1
8
1154
3
218
225
13
3
58
158
259
2422
861
11
9
1
97
2372
22
1264
107
169
64
60
1960
419
123
861
2180
1040
1578
1
1
716
33
1236
1
2875
1
11
3
1156
3203
1
433
3
431
89
774
62
5
2
464
3
7259
6
86
10316
17
1516
1970
49
1
19510
235
50
69
60
520
2635
910
3919
45
1
1
1289
5
799
183
369
20
3
1395
2058
1
37
1
43
8
27
750
1619
33
57
1
5
2
1
39
26
2
55
145
6737
305
2
20
8447
684
4
3235
3
220
2381
187
7
6
3
94
14958
286
1033
148
36
1
432
19
581
1
99
429
2
1
605
34
2
313
18
3
19
3
6
1600
2
1
1
263
29
2
1603
1
17
9130
26
675
16
466
20
1
1
2
3
1
13
6
2
132
1
2773
18
9
1
1
3
5391
10
10
1
2
3
1
170
43
559
2
549
17
1937
62
1
1
9748
13
5
810
10
80
150
13
73
21
16499
400
39
5
2712
1398
1
24
821
284
1
2541
69
121
93
9091
19
318
3
107
717
236
212
3794
2
1
2
40
762
5
40
2
71
1569
406
3
65
1
42
14
105
1124
87
4
242
1
31188
60
818
1296
16
50
3
5
1
1
1518
156
2
511
24
1531
47
940
11
25
360
2
588
16
22
133
140
2078
21
48
8312
31
32
3543
2
1
28
1
2566
1
64
1
60
34
524
10
24
238
3232
1
44
9
143
46
16
11
2158
2
113
55
6
571
48
189
20
9571
3
16
607
1
17
4812
15
9
4
46
1
1535
155
6
1
81
1
9
3
57
469
37
21
6
52
35
146
1
1422
1
173
538
19
14268
183
9
22
17
3473
1469
800
11
19
1337
1
4
550
218
10
1131
13
1078
1
1037
17
850
2622
100
22
5
1711
1601
37
347
1
1
297
30
6824
732
1
4
17
3
777
3414
1590
173
233
3101
636
1
5
8
1071
362
82
297
1
31
678
6
5
132
400
2295
4597
1639
284
2861
998
780
24
118
4
38
82
2
535
329
45
65
176
76
164
51
5
68
117
13109
1560
2
13
15
2
2
78
70
10
3
3
465
6
1985
284
1
3
199
89
1
2
3
5888
551
3335
1
8
17
83
3536
299
1720
112
265
2
521
14
288
100
995
8
4071
124
2266
7
1
2
889
1340
2372
1
274
111
305
7252
889
38
1576
36
8
437
694
134
198
1129
26
158
195
5
26
95
33
573
191
166
15
1
1
1
369
49
10172
3
7
2252
14
4799
8
13
4386
50
2
33
1
1
2
102
1955
3
62
1523
202
61
5
4
23
1064
1754
1
2
39
58
9
2522
1
1
24
624
620
88
4
5
121
223
226
226
28
557
2
3353
837
28
4
22
7
2
2
1100
5
527
1876
2314
1527
2
545
208
1
9
524
2486
871
1972
5344
1320
339
4
6
2
426
48
1
2
7
1
661
11
5
1772
168
4
6
2
6984
4
651
1
84
28
1868
698
1
121
1354
1
1096
38
509
5
11257
11
10
258
426
25
2
1
62
429
768
65
2
1
10
20
9
8
64
3
2
2
5
4
43
638
13
3
155
3891
129
1
3739
31
254
15994
616
3
2
91
3
6122
72
11
2575
306
170
5
537
35
13992
5460
1
3
7
3
67
9262
130
532
1
125
1791
43
263
336
37
9
92
100
5
2514
389
55
8
386
163
5
358
3
3
138
120
3720
29
368
2
22
184
1
177
46
44
3
14719
4
27
1
7601
532
1264
1
939
13
2757
104
28
3337
5
896
1
3
104
530
10
9
5
3
1547
1
2542
251
3104
376
92
5
457
104
24
4
7
21
4
41
10
3
3
1043
134
9
1518
1787
2
585
6
1
1762
3
16
3069
435
16
112
8
1
1
1
3624
25
1
1
2
2165
1258
2
1
130
9
1
53
26
1
1
1
1
142
3063
11780
7
11
2211
2
198
318
5756
3250
89
1223
29
3711
52
1
1
82
58
135
18
8
44
59
24
2
669
1978
475
18
3312
35
5
30
1991
23
36
4
11
13
514
1
12379
277
4
21
32
9
255
450
2
143
381
9116
20
23
4214
211
95
4
62
3
4
156
1
3
1
1
20
215
2150
1
306
42
21
387
1823
26
39
63
1039
108
2
1
257
8495
150
6369
3
2
4
93
9
492
16
125
1406
72
2
3
24
27
36
8
43
2
7
20
2
42
352
6659
389
3
2
29
25
132
5
13
2
4331
56
25
3
29
37
2174
463
1
11
92
255
2
1
11608
5
36
2
1485
14
74
4
4926
212
18554
1
10
1
31
6
24
7
486
2502
1
12
244
3
131
42
1
7981
424
6
24
3
4
4
31
2113
22
73
1
18
20
29
3
1
161
10
1
24
4
6
77
3
32
26
9
1
4
6
131
2
3
1
599
881
512
1797
2518
1004
2
1521
1
33
55
4220
19
173
114
60
731
2
53
2
41
108
251
491
79
25
1810
183
1
3
2
12
231
2
2
4205
232
241
378
2
10
448
1
33495
151
102
651
6
14
2
26
468
3270
1164
4
3895
57
9
710
66
7
200
78
6
7
9
792
8
479
6
15
73
1
2
7892
31
17
1
112
756
28
30
115
1028
287
2
9
1
1
55
63
35
3
211
14
2441
127
5
15
21
339
2871
11
1811
476
2
4
62
675
140
13
14
770
51
4927
117
7
290
6
2
2969
1
1
564
22
18
95
89
8
27
86
343
22
13
32
33
55
8
2683
63
1
211
707
1
12
7
511
43
4
6
2525
5
24
9
73
126
2
103
59
5
3
58
409
1860
10
1
243
16
3
17
722
9
2
4
52
2
67
1
142
16553
85
78
2
15933
1
56
96
5231
265
5
1
10
6796
258
4
1303
4
71
564
112
26
1924
3409
51
22
418
539
70
187
351
225
132
9
548
22
188
26
154
147
5380
8
91
44
41
61
1
13
1
138
636
97
18
922
18
11186
302
1060
9
325
67
1060
57
25
1
501
6215
644
61
341
963
1278
410
7
639
1
1974
33
1857
410
14
28
101
1
5
1086
190
1
997
503
7335
312
409
31
115
10
38
146
6413
13
2
4
119
2
3
5
16
1987
90
304
1
705
2
3
354
56
235
2
2
74
38
2515
621
9
8
3
6
57
2336
1111
3800
3
1376
3
97
1043
52
956
56
7
168
964
1039
72
14
41
2144
164
10
13147
41
118
657
10
2
1189
6
43
5407
2
1037
1
10552
19
1
160
5333
2835
2
65
11
2
17
1
2092
3
2
1
4
27
716
790
68
1
1693
12
65
9
15
3
405
1
735
1240
20
2
4
5
89
41
68
54
162
141
553
146
3
25
1
6
4
4
1
12
38
24
101
60
597
197
5
587
1645
916
662
3
1
14
1644
686
1192
9
1789
442
2785
140
754
2
2
459
60
11
36
30
97
8169
485
2
10
9
23
1597
3884
493
1496
417
50
1
8
6
45
1409
39
3
4567
225
9
78
896
1614
18
4
2
90
1
68
8
1
2
5
15
7
185
1
109
39
8
10
1
113
7
139
15
26
11
3
33
1
1
1
40
84
1217
2
2661
136
4
815
2078
124
35
4
6
21206
4
2
46
2
3441
152
1
18
447
29
152
44
623
3022
1586
6936
86
11
4
13
77
2
7
69
5
51
83
4
1764
11
1401
8
1
18702
47
1
1
21
95
2606
233
2
1053
8
6
859
3
817
8
498
5
1
56
7980
44
1
1
13
1
36
8716
369
3891
239
633
1
3663
270
119
26
195
1
4
1560
29
16
211
199
231
1
75
4903
7
16
1
6
580
475
601
1
19
3
1
1835
1
9
1495
3846
6
686
7
1633
33
4
15
142
22
1
2
3
1714
453
3399
128
1
2930
102
346
5
16
2181
418
31
9
4
24
2
5
170
834
1
62
1111
8
4381
4
54
1000
17
9
1409
1890
5
8
1
80
139
33
806
1
3348
21
2858
2234
95
65
1188
1065
22
3
1316
365
919
204
6
1208
20
364
4
151
83
2
26
4
1
24
1
3077
218
1
1
305
1
108
2
1528
26465
1
27
1
3
26
1386
108
11
35
190
86
5
82
41
115
459
22
100
76
289
26
1
20
2306
1
1
1
487
1
2
1
134
3
11
168
23
1
6
802
12
111
1
1
1
84
574
1276
1
6
16
159
84
10
2
2
550
8123
17
36
18
1489
12
64
853
39
309
1819
53
328
8690
80
2
13
1597
24
2
118
7119
50
5644
13
69
17
3433
19269
2
1
17
1
1
181
2720
5
65
2
946
7
290
60
7
3595
27
25
614
13
4
12987
1
1
723
1
1
1
95
2
15
1
973
309
4
237
2
3
20
1323
99
11
28
5111
460
1086
3560
1173
1
497
44
5022
133
46
6
61
313
890
3018
154
10
340
29
12
2
1110
2
485
92
227
1
17
1068
3010
324
1
69
23742
1
7
1
1793
3
84
2064
109
2
1054
59
15
4
5
1164
180
1
424
871
96
2
282
749
631
1
43
769
17
660
1
732
14
1
1
184
508
2961
1
6
614
112
2
8
34
17
662
102
114
5
6473
1
19
1
18
61
263
26
15
65
26
1553
1
1
2
188
1
2
3
39
938
5
57
5
95
16
1
605
2466
31
1
170
1986
310
1006
126
32
463
5
1
160
4611
6
1955
12
1
1
21
6132
3
3
4785
25
1
36
1
174
622
7
1
2
6
5
6
63
1
2
2
2
70
7
1707
35
77
413
89
1814
8
142
2002
17
1901
93
1
3
596
9
1
879
3688
70
253
1
13
1
4005
2
1
445
15
1
55
8
1662
1
6
281
1
10
6
25
1
4038
3
2616
12143
199
2
6
633
20
540
913
23
1
7
1
1147
93
844
26
6506
1
31
160
73
74
7
239
7
1
6
7472
2
22
2610
5
1413
7632
1252
21
2606
193
5904
26
2
10
789
170
222
3726
2642
421
2
182
7
1
14
383
31
234
22
296
5278
3
3526
2
557
1054
339
354
55
3
4
417
455
1380
131
2
4
4449
2843
1
941
3780
11
8
2
82
132
156
10
12211
3409
521
78
1
7
938
803
10
11
22
17
2
2
1629
24
496
28
151
41
4
1529
1212
1
3
85
253
25
5
372
728
262
118
2602
35
16
4
2
16
1
3734
21
6
23
5
2
297
4
1888
3
3
27
26806
1
312
15
71
2
1
1
7
2382
925
663
245
216
6
2168
57
36
8
332
5
25
7011
47
10
3
24
1
97
54
87
393
2476
11
100
1
1
13
11702
134
1
2
3
10
159
398
62
41
25
2559
1697
476
3
271
2
165
969
269
1005
42
57
230
39
3
2
147
128
2253
2929
282
66
2308
9
10
33
1
1
1299
1
120
8
22
4
48
3
6333
59
4
2
89
33
1
1783
3
2794
2930
718
4
1
3218
17
480
10381
75
1
2
3
196
254
4
3
1318
6
22
1462
367
11
670
1
172
59
5
1
2
6604
11
4175
1
111
56
2
133
321
688
12
93
1891
108
53
5
6
9758
5267
3778
58
1132
18
98
3
148
1
1
14
1
1551
30
1143
43
73
44
6
12
1
71
137
13
1367
64
431
1397
10
145
2
70
1
4
3
633
1677
1
57
3072
155
169
1
4
70
116
47
760
526
816
18
113
1
196
3159
711
172
72
8
1
210
962
1470
2
582
1
6678
1
213
1146
9
5915
18
875
2
1
52
1
3
1
16
21
2
4870
5
32
79
9771
30
48
1724
97
1
49
1
84
706
36
24
5
2
18
905
17
37
3
83
42
5
3043
94
3545
1765
15371
1
130
1229
3
464
2
86
1
42
37
126
4351
2416
2
1
249
40
11
189
797
55
2486
437
71
15
1
1
2
6
7
7935
2
1493
24
1199
1
2713
76
555
6498
2
606
6
219
7
3
163
13
9
22
2
3
6
3312
1
1
6
774
8
104
1671
1
134
1
1
5
2
6
6
38
1
63
15
1
1
1
44
3
91
1
3865
3
369
48
134
4
637
25
4
7
579
132
11
2
248
1810
1
14
2
12
1
279
2
45
5
8
17
34
762
11
3840
7
21
11938
3
50
574
1
2
26
10
9129
18
3802
2356
2
376
7510
5
585
238
15
23
4
725
21
2
39
15
724
518
17
9462
8
5
2
1
6
7
23
20
279
2424
1
10
27
3
190
4
77
196
1
2
2
34
2225
22
52
1
7
2
21
1
1
13039
13
112
11
1
1
7
2748
5
328
22
12
1
5
39
28
10
2680
1985
675
23
34
1587
1
1
6
201
9
3
391
72
29
1383
1
351
1
23
2
30
10
17
2
6
9488
141
49
859
7
2
1
44
971
853
117
19
1
2345
7080
3735
2
1936
60
92
5679
889
159
4
36
4
1
16
70
6
22
85
164
1
750
57
347
3278
3
714
99
3
32
2
320
273
2
159
1779
2
11
2
25
74
30
38
8
220
75
1
2
9
344
137
18
634
47
6
39
2
2
84
1
5
3
18048
5
4914
2460
12
1
2281
3053
18
8
1
87
8
19
1
68
2
28
1
8
13212
11
104
10
3
6
2
32
1
293
71
7
6881
81
1
6
2
129
1
134
41
4
1
102
341
45
2
1
32
27
1
1548
1
77
198
5
23
617
3655
2
7
12
4
353
448
3
27
452
2
90
1
1
1
34
49
168
35
1
2960
4324
1
1
1
2
79
2
232
4585
2
13
10
323
1
11
151
199
1386
779
64
2
1550
2733
367
3917
13
1
4
309
579
11
156
10112
2235
404
1
1
3
2309
514
2072
686
1
4
36613
1
9
884
1
661
263
74
3
29
1
371
873
9
774
2
56
448
7549
35
3
155
78
210
1
5
72
3837
4051
644
63
6
1
4851
6
44
4
62
4873
91
12
3
82
8
2982
21
20
873
4
1
86
14
82
346
895
3
1
4
1
674
162
3
368
58
4111
50
57
28
19
10
12172
4740
3281
37
1
1
4
2621
1
368
624
1
1
3578
79
3
1
6
2
122
587
10
52
109
7
4
56
2
1663
988
10
1
21
3
11
1676
1
1
40
14
3029
64
160
1259
3
330
27
10087
1310
164
535
9
855
2
23
285
1
1101
3738
205
16
2
38
4
672
3
1
995
4
50
322
11
1
3
58
2
7
2
1
5604
2
20
92
1133
106
2
872
12
202
28
1
6872
161
161
98
3434
1
554
6
132
343
528
4814
14
1
644
12
462
28
897
1040
4
1
1
23
1
2
17
52
1
342
1031
32
4562
2
5892
303
2708
6
4883
20
711
3950
1
4
4004
5
2
372
1
42
42
332
193
185
20
4
85
2
1088
199
80
6717
81
10
2
1371
12
1286
5
4
5
4
17
1
84
59
1479
396
1
4749
17
706
87
1
202
89
1037
15
3
170
6
1
47
266
104
2
9118
574
20
20
6
242
1
19
1712
1
1
1231
625
36
14
60
362
15
168
81
16
1
42
243
1
56
16
7
5
19
274
3
15
141
19
5
46
5
197
24
1
265
8855
2
48
1
4
7
57
2
1
617
1974
85
1536
18
9
16
19
16
1
8
2
1
1374
2
20
1
102
5
113
8
21
391
1
1
26
5
530
2
95
13081
13264
44
113
3775
2705
9
32
76
106
3865
182
252
6
16
181
5
6267
8
10
125
11453
4
7
19
1
1
2
20
63
5
1
24
608
119
1551
4
12
336
3
108
2274
8
8
702
65
396
4853
3
14
231
4367
648
592
20
1615
595
4
2
10
2
4
130
144
4
1014
1
70
76
1
3
1
3
140
39
10
67
11337
177
1
638
1
1
46
2
5
24
3540
12
4
171
1
4
244
61
4299
51
193
9
152
5
1
130
1391
1
1156
128
1
187
338
1
1
3814
17028
170
110
7
4804
130
611
1
82
2
15
1
4787
719
230
59
3
448
1201
940
10
28
10
5
4
7
699
5842
73
6
3100
99
65
3
2662
4
12
1
1
1
22
658
47
1
41
1
16
1471
70
442
402
15
3
122
9
141
157
6
58
2881
11
758
20
8222
1
37
1868
684
219
1
117
878
4
8
69
29
4898
14
929
14
1
2
2
5
24
158
3
1637
1
5
180
267
29
581
10839
931
82
4
123
3
16
191
2200
62
20
4661
38
10356
8
4
3544
1
98
1
44
12
71
22
28
1
8
17
8127
1
3481
8
1
1
7
5095
10
2
32
108
70
344
4
1
22
32
3
1
441
11
3291
4
34
6
3
2
4
1
9
13
204
2
16
1
24
1531
151
9
29
3
12
77
146
15424
1533
1
29
2
1926
13
120
61
153
1530
17
1
5
180
1742
1
2254
8
2
16
317
4
1476
8108
7805
524
136
1
60
1444
93
63
163
3990
62
27
1
2
6079
1
2124
38
108
10
8
413
1047
7
110
8
10
29
1983
83
594
15
1
10
101
6644
2
838
39
248
901
116
2
326
46
104
686
13
288
1429
50
3
2
1
8
30
164
617
68
4
214
3
1788
1544
1
14
2228
36
11
8116
106
32
4
88
41
21
11
236
581
202
2871
64
6
1125
4
1803
11
12
484
460
2
1
7562
351
1
1
3
611
2
298
1
1386
1
16
4486
336
816
282
1
1
2
1203
37
18
108
1134
2915
12
194
29
5
33
99
2
1146
2
5
2538
5
13
467
2
2658
341
4
3652
52
3
9
15
6
2458
1
2795
2
6
10
26
15
4418
937
2
19
4
958
28
17331
451
75
41
378
16
2
664
3
2
2
3016
351
128
12
9
302
1800
371
34
1
18
1
78
29
382
21
2587
231
1
7912
22
10
3
19
347
49
7672
1
405
51
1124
1
8071
3
219
5
2
1
25
373
133
355
4
321
17
2
7
1
993
1
445
149
23
3390
1
9620
6
923
40
2276
4
17
28
8
128
6
2024
1
16
10
41
1284
3755
3178
574
160
677
5
72
9
18
3
9
780
146
3
3
78
717
20
15660
1006
2
404
1
51
102
97
2
2
1849
19
28
29
1340
492
6787
41
27
2805
329
186
616
8
269
7
112
14
2
15
233
1
6
30
3942
14
1
33
11
854
3292
5
106
8
21
3
46
145
12
2417
132
93
6
80
6
109
1
18
88
22
1
6
44
9
8
1
6955
130
1563
2
6135
83
2530
25
3
12191
1
26
19
10
430
1161
7144
1
48
88
61
98
1527
53
2
3
1
180
1
182
6
1338
1
275
284
63
185
212
6093
11
2575
2
109
2
3
170
653
1
6
577
4015
9
2
8
1
14
2
11
404
136
1
5
3
16
1
17
137
113
23
240
1
1137
71
18546
10
931
17
1
124
10
3518
6
32
1
3256
711
8
14
9
564
1
3486
46
99
13
10
891
4188
2
1
552
74
2
117
1675
5
17
147
289
7
2
16
113
948
1094
3693
19
153
1
232
4816
553
100
1
193
3
321
211
15
9070
59
2851
21
6
1
625
10
6
1
1035
8
541
100
6
139
462
875
96
89
90
2074
38
7
13905
316
7
4975
2
365
1
5698
152
163
1
266
27
97
332
20
365
11
3
456
991
3068
220
58
6
5
6
30
504
3630
493
30
31
1
949
230
214
626
5553
1006
52
53
3630
14
167
23
168
6
20
6
10
46
3
35
4724
12
5
7
374
118
6
4603
18
2
1
7
3
1
30
1
173
1547
45
14
1
16
1
2797
2115
16
1
16
4014
2
40
2
17751
1
8
2
3
15
1
55
116
110
1399
843
38
1
15
1
6
605
24
7
5
2
7
41
52
9
34
518
1781
1352
856
1393
5
1201
273
9
12
23
2545
6834
17
500
26
1
6238
12870
7
1
1
81
1
84
542
370
139
1280
63
19
10
4
2
25
618
780
89
109
2019
1593
3
2
2
685
55
28
189
7
26
401
80
203
1
20
225
114
4
8883
4
24
1
557
27
421
2148
24
6450
913
401
66
309
21
5015
377
1050
1
3
1
2
23
14
1945
31
372
1
4