4297687
416
126
28
1
1
31
1911
1839
1488
43
32
680
2
1
533
3
6
7
1
1556
15
1
9
2861
1734
10
6
1026
5581
35
219
30
512
283
4
8
6103
17
11
1282
2717
73
567
6271
2254
1
4
1023
933
5
2944
1337
1274
1
842
120
8282
3
38
345
376
14
7
1
160
4540
8
4
1
159
8
2
3242
182
1
57
30
499
19902
645
1
19
403
100
173
9
50
923
2
6949
71
5
468
7776
55
3
1
20
50
3
422
2
588
6534
2
58
2357
1472
329
1
267
187
376
2
31
2250
32
4770
51
1
63
19
1
2
82
142
4
590
80
1074
55
135
6
116
4
860
60
4
1316
91
2
20
123
64
60
1403
4216
1
88
4
797
123
9
22839
16
18
47
1539
295
74
13
3
9
9
1
2
64
60
5
2
1
1914
20
4
12679
5
40
4
16
7
8
14
49
4
1
515
1
1588
1007
2
1
1
13
255
40
4
10
153
60
1049
2325
3
316
930
18
63
2
15650
109
724
24
712
2
1
42
1106
63
21
1
2
430
2
9
29
1
80
9
2
572
102
14354
3380
209
558
73
35
16
27
5683
2417
240
4
2
248
2
8
15
552
29
17
16
16
27
29
1930
3271
2757
11
454
23
1
2
725
733
1
10
539
6
105
5
4
4108
2
4
2066
39
5
139
2
5
3
1
1
4382
2
453
386
1031
619
126
3
51
609
7
1184
785
23
94
8
335
3
116
2
2317
2
223
791
8
67
7
2
12
2234
8239
247
3
8
14
6
5920
2
5
3229
48
10
8
2634
59
1
1168
1074
208
1
1790
259
5182
403
943
8447
11
4146
1
1010
243
2
1677
10
1236
3
20
131
30
1783
4
428
318
13
9
1642
3333
488
1
2
202
246
4126
71
2
30
4663
2
3
122
748
2648
10011
3
1
53
54
59
11
7
7577
10
1713
156
2
590
10
2
15
903
15
8
1
80
7318
138
104
56
49
6
270
11
1
2516
1
465
18
11964
16799
2
13647
396
70
2
89
1945
369
2519
5
18
4
2
1
1
2
1
1165
7298
2
406
3090
13
43
569
2456
2
3045
1955
24
1633
920
2711
42
27
683
526
5
53
1
105
573
77
1
1214
198
3168
219
2683
153
2151
171
4
2586
26
1252
3
2
489
267
26
16
22
1013
11
2806
60
38
1
8
6
101
1
1363
28
180
6
14296
36
1
3393
8
284
135
4
2
358
77
1
61
1
2
65
28
316
29
36
802
396
4762
264
37
8
1
25
63
1952
2
187
326
21187
212
309
18
3
22
4
31
55
7
1366
11
10428
2
1
4
1297
66
31
1555
3054
4
562
240
4
384
50
426
8242
1130
90
56
2
65
8
17
26
6
156
769
921
12
19
1
1
805
3
10
14
25
339
5
64
3
539
77
2
6
1
1
230
92
10
154
2
97
2
13917
1
45
82
2188
1963
1
4
214
481
235
53
694
850
79
1196
8797
137
12
2
56
13
13
476
16
327
8
9
794
392
203
1
1
3
2
17
1060
877
22
88
2
37
3569
3964
82
145
1
1
275
47
40
53
5
3
70
36
1
4916
1
43
2
31
55
44
2928
3308
23
60
3
6
1
50
1659
18864
1
4
132
161
2
15
2
5
17
78
2858
27
108
28
4
2257
2
20
34
1895
1129
20
8
1876
4
2652
131
2
48
181
3
1
26
7
97
346
722
1
73
2
183
11
14
133
6800
1020
476
1
228
20
13
435
30
1724
512
81
18
2
28
1
17
122
15
2
1
240
1
54
249
1751
108
35
2
20890
257
888
37
125
47
159
3
1
50
284
1
42
2
1435
7657
2
1
15
3
22
9
110
596
698
1
8601
3
2034
69
1
15
22
6003
29
257
16679
78
5
4
28
204
2
407
11
112
253
2
83
6
29
18
29
410
5229
10707
415
2829
1
3
19
1117
4604
9211
8
154
2842
1
1111
2647
88
73
922
29
9
87
4
432
5
1
7
3705
13
1331
52
1086
1596
2
483
317
136
7
3368
2810
30
3
90
10
22
1
2650
1892
6
1
19
4
1
1607
1
5100
103
6334
5056
8
1530
8
1744
2189
3145
7
997
10
19
48
1
2
6
71
76
2
49
9118
2800
2
2
1
98
8
702
13
292
75
4
16
153
864
431
9
9
3796
6
242
452
2
5574
1
1181
5355
66
786
2
1182
286
1
95
789
2
2400
2
54
17
10
764
1
194
1
3
5
1
12
11
137
468
14
3
4029
2525
11
765
1929
7531
71
1
75
13
6357
1
141
2
23
25
1
8
21
118
22
2
7
145
4963
14
9
3886
21
69
62
1
1990
1510
12
87
671
182
19
1
1
2116
1893
5
1589
3
767
2
2
235
23
210
3
2
120
7
2
53
1
3
107
103
3
416
62
5905
1
4
163
1312
1796
3
22
189
460
2
22
55
19
62
18
22034
2392
2
184
61
145
1
657
1
416
4
17
204
14
5
1
4
267
3
8309
2
1
4824
3162
172
73
1
2
2839
1483
1
306
2
6
248
3974
551
616
26
23
213
204
61
6
28
21
1
2687
1071
2450
10643
502
419
2
6
54
2
2
60
3
1
35
1
4479
22
1
1
483
8827
258
246
237
6
886
28
20
27
229
1779
1
1706
21
4
4
33
17
7
3043
901
24
2233
5
1
182
259
3065
2
3
335
3919
164
43
6
1589
2
1
1
718
3856
4228
387
2
1863
14
19
198
14
1
84
15
4
62
2
17
2
641
186
1
312
16001
19
3
59
6
2
27
706
3
384
1466
2
4265
15
3071
7
3
2
7
16
13
93
27
171
69
6
1
37
6
1
508
2229
13
72
5452
1
28
2860
82
739
1
52
80
1824
2127
14
435
4
197
23
1
14020
30
1
1850
16
303
44
519
7974
1
14
463
37
1
1
1001
1
1084
12
1
1
886
1
174
138
5231
1
3
61
1790
2
1
2
16
2
7
2790
165
276
1
56
60
4117
419
20
35
137
70
9
17
1053
1
527
19
22
27
36
3147
4
1
3224
45
1
6
4
52
10
3
55
1
1
10802
458
4
5
154
52
536
22
240
2
9
29
5
4
412
164
897
236
4
35
1
7
882
418
362
671
1182
40249
17
3
322
171
1
6
16
421
17486
8
1
9
3
2
40
303
9
4
8101
45
24
802
2682
28
97
1
1
11
20
7665
323
147
1
1
2
21860
1
5
9
7
1
1
2
2
1
1
87
4
241
3709
7
6
62
7
1
27
1
8
388
7
26
6811
616
20
4
1
1394
847
29
198
7
2
2
3
2091
11568
5
343
83
2
4
2
259
109
201
3
5
252
44
1
8
6
18
2
2
236
683
6691
1
251
2
1
757
72
103
12
1450
81
27
2413
3
25
275
215
5
4
63
6
4
3
113
5
2
2877
8
7
64
5
12594
1
228
3
358
22
1
2
22
12852
6525
1
51
13
4
19778
29
4
15
14
1
117
712
4
517
1
1
395
2
2
134
4
1804
3
10154
566
1
1
9
869
1
578
1
42
21
67
1
31
8
1613
5420
335
17
13
1
1
5
1
249
4
2332
9
41
6
5047
29
7
58
5
143
11
9
1036
1
13
1
3512
28
32
1
65
114
4
432
21219
4019
1
1422
2232
811
3
872
3
53
317
93
25
1099
1
171
82
492
2
1
9
131
6
14023
1427
5
261
1
5256
112
125
5
558
1
601
1
7
9
3904
252
560
1
2779
11
1
1
25
2211
11
5
3
19
165
12
1
588
32
2474
433
8
41
37
1
49
150
6
3
3
26
6
6
84
2
23
109
2092
2
5
1
2043
947
5
20
19
7857
20
1
1
2
8
1851
8
4
2
255
2322
11
3630
570
9
1379
9
37
5309
2
3
46
31
10968
130
253
2
159
132
3
3504
1
1
9
941
1
22
83
19
7
7836
11
1
2083
63
56
98
26
4932
11
738
23
32
12
56
1
1228
275
279
1347
2
89
187
36371
1411
1385
4
523
41
43
101
10
176
1608
465
1
5
7008
481
14
1729
109
11
92
1
17
8
17
59
4
9013
13
608
419
33
34
1944
1
197
371
67
639
665
1937
7
1503
13
464
23
12436
6
1
12055
4894
16
300
11
7
1
2
854
17
2
339
2
1
2956
128
23
10
990
539
22
6
15
1
1
9
36
1892
385
3691
12
1672
7864
1
53
5856
7
2166
1
15
124
229
195
1
18
28
25
320
400
6
2
6
396
3
25
1
156
10702
5
6
3
80
33
4
8
32
1
1
209
37
13
3
8
1418
9
20
1136
408
272
526
2
2057
3
5320
1
1
19
9450
1972
2045
603
103
4
1
50
5
7
99
10772
11
4
4371
72
2646
425
7892
2
8
16
232
113
1
4544
86
145
314
13
280
1
825
76
1
9
3
3762
3
75
95
100
9461
134
825
1101
95
97
7
1272
66
368
1793
1
163
3053
825
1
1
39
12
287
53
2
35
839
1
7
2
302
1648
17
522
10
1
2815
21
2
148
45
1294
3
214
631
2
26
9
5
5056
5
15
7709
417
11026
27
82
3
3218
2
2
6
2
2
28
34
57
7
4
1083
1
1
6511
973
4
8
2
11
645
5
18
12
49
294
100
493
38
1
2267
3
5
2994
1158
33
157
10192
8
48
1269
4048
1
209
59
1
4
2399
57
12
186
12
79
149
4000
1
149
3103
8903
1018
140
162
64
179
6
76
89
11
131
224
2
28
1
2527
1036
3714
2
89
300
24
7
700
9
4568
41
8299
37
1639
21
1376
623
3470
67
87
48
4
50
591
6413
2140
1601
550
32
3
7
3244
370
2
13
10
421
56
5
1
4
1
149
1
13
303
6584
3900
168
115
22
470
7
8
1110
56
695
3
7
66
1
783
72
29
1
28
25
6409
154
142
2
720
3
164
81
15
32
1
1
1
446
3
12
1216
12170
108
1817
1
3
57
5251
1
24
1
14769
8
2
5383
46
1
9
25
49
17125
1095
3
12
34
4
1055
9
11
46
8
2
10
17
623
4918
6
8483
4724
511
1
269
59
7
1635
444
866
657
19
1
6
10
27
880
854
15
213
6
1
997
182
1
15
128
1
496
3
742
3860
575
336
38
763
1
25
43
1141
6
5027
1
991
2
4078
71
406
1
47
6
7
66
639
1086
3934
3
2337
14
1368
582
16
79
2144
44
33
4
868
4
683
222
1
2349
3
1964
442
113
81
3
2
11715
8
2
14
52
142
21
3
30
3
13
49
221
5
43
11
513
1
237
43
1
25
1358
1
15
777
121
1
11580
611
247
4
12
73
646
3
79
20
4
2753
12
260
268
14
1
1
320
24
1
15
157
2
22
1
1533
445
253
8
21
1
9
50
2
50
8
3
348
376
1
23
33
1
66
3
880
38
406
2
2
2
22
10
2703
1
2
3
48
84
3
1
54681
14
6125
2
38
133
54
10
85
2
8
55
267
1
2
73
896
9560
1
249
151
10
3
3
1
17
115
133
42
132
6
3520
79
190
1
7
777
191
5
2
6
414
526
25858
15
454
2979
49
3466
25
4701
76
49
2
727
8
5
2
372
18
184
8
13
2
4
1
1
352
1
26
127
5661
20
26
6
2409
29
1
2890
4
954
1
23
25
30
808
2358
2
150
827
651
1
211
3
238
3
929
856
9
35
5
3979
111
1297
90
1
2334
1343
162
57
5
48
7
42
3972
161
11965
224
4
78
270
9383
210
5
12
57
1
83
1
2
2
37
24
1
439
8467
3793
1
2115
25
4166
7548
4
3
6
113
3
10
4
27
10
15
5955
3657
1648
6
1
23
11
788
21
1
3
1
2
701
1
288
2
482
75
1127
14
93
9
547
2
19
28
324
1
277
4
1336
14768
807
1827
20
169
839
254
3
657
365
284
27
21
359
312
265
99
9
50
8
80
3803
4
3838
8
2
386
4
3616
1
1
27
1
4
223
267
29
81
1
345
7
3
428
9
26
15
5
4
6
712
10
67
1
1784
1
42
1651
1038
211
72
1
1
49
2
1
361
30
65
15
22
84
26
1
38
277
602
2
9
9
93
7
37
550
7700
3117
6
111
3
472
18
8
983
186
11
1
10
532
53
16
2741
257
87
42
5
4
134
135
1135
721
9
231
9
7114
147
1
902
25028
93
47
26
293
265
754
6
28127
1
11
89
2510
1
13
71
1
10
2438
34
36
13
20
1
27
191
16
216
1698
6168
56
30
5
313
1
45
365
3
62
2
285
2
44
11949
6
482
9
4199
37
427
8341
143
2
601
12
11603
3
630
354
2634
4
136
977
3
2
5038
6
759
142
145
2127
2
1
91
217
4025
6
6
61
11
27
9
20
866
11
2279
1221
92
24
685
258
679
3
209
1780
14
8
554
37
4701
1259
1
553
51
1
501
17
73
63
1
15
16
1
1878
6302
1
1
505
128
1
3
55
34
1890
57
199
58
178
3630
195
1213
4
1340
645
1
184
4
1975
119
11
11
47
77
1
4508
50
3585
41
150
10
2
87
1
616
17
16
309
3
111
11382
8
1836
9
1
2
19
2
1984
3
1
53
418
58
1
165
632
1101
3
5
509
2
59
3
33
101
186
5
32
1
24
19
1479
38
60
11
82
24
14
69
92
4
20
78
82
1
742
2
2
1
50
12898
33
45357
18
247
6206
6
1014
226
2185
539
2261
323
865
4
961
40
20
905
3
5
435
144
8899
1
3
5
289
111
571
345
352
364
768
4
46
18
145
1334
127
59
6
134
394
1045
3285
540
308
167
5696
736
9
174
4
13
133
431
1
4
2691
124
39
5
4
5
37
28
1
1
515
1230
1065
898
350
1093
2582
1
21979
37
51
39
381
3
113
2
88
1281
7
1
2
14
4
12
445
133
2014
2
1
12
3527
4
1
403
2
1
400
8
5115
216
19
120
92
17
3
1973
24
697
1
5
30
6
126
2872
44
2018
4
90
1
1
11
20
2
9034
408
108
8
2227
5
31
66
12
6983
2
96
9
4854
411
364
455
2
24
1
142
328
1272
359
10
168
3
279
148
5159
12
6
72
8
416
10379
1
2
2
18
25
5781
6412
2959
2
640
18
84
1
2
664
39
374
1634
73
8775
4
1083
3
134
3
19
4
17
3
5
1
6
2
476
4
1179
205
1
2
5
4
6
8914
7910
7
16
4341
1
1075
14496
6
7
1
112
3
986
1
684
4
6
506
2
131
5
2
8083
263
74
44
1
257
12
12160
177
2
2554
835
2
1
218
33
269
87
2
2
924
31
1
44
109
913
10349
4
1
77
16
3
4633
641
177
4
26
1
49
5
10531
5306
3
4
729
1
195
2310
137
88
17
58
1
46
6
513
25
8
9
53
7
743
42
91
1383
118
551
48
13
3
2
2743
3
15
3
3
1
3778
1552
769
2
24
16
22
2
1176
135
27
1030
589
32
1
4
276
100
4544
2504
9
4
22
2
1
6
112
83
623
106
1
3
1
1
965
173
68
7
23
7354
129
3
16125
2
14
22
1
1
11
1
3470
3
1293
39
21
676
4
351
860
13088
2849
2
38
468
68
37
2161
2
3
19
15
707
1
289
21
9
34
9
8
1
121
11
1862
3
2
57
6
3
5512
58
2854
2402
2
46
1
2531
6
2
36
4
17
1570
11278
182
6
100
18
2
1
272
438
1118
87
2
1
13
2
330
5553
213
2556
575
23
3
1
3
55
1
1316
66
217
640
1
101
5564
2144
5
766
4057
182
4
1
28
1979
1
13
139
419
245
466
1
11
1
6178
80
149
6278
118
37
3497
47
48
24
3080
923
550
14
1746
856
31
5
1044
1087
687
1023
1
362
794
17
12
253
1
766
3
22
6027
510
1
15
2
1
6
1
49
1760
1
581
12
1
653
20
29
32
414
40
24
6
2624
12
984
6
1125
2
25
391
7
2
93
28
707
2369
14165
1
7
62
81
6641
111
33
4831
2760
10
3638
4
3
4
63
3546
95
13
18
4
1
6
7591
40
1
83
307
4
3
32
482
2
104
10
249
2
1
13
15464
355
70
16331
4
4
161
175
174
51
18918
2
24
1756
8
1
324
82
1
33
904
4030
1
1
1
1632
3187
2470
1
142
1
1
660
236
6713
984
39
7
93
14
14
11
574
3
3
858
7
12
229
6800
61
13
2
19
17481
738
108
174
1183
2315
2
65
1
24
56
19
3677
1817
874
1102
15
178
1
28
229
21
15
2
114
3
2327
1
6
20
34
1
14
9
267
55
610
560
1070
3629
69
1
814
311
14
1408
2927
1
12
254
139
15
48
33
1
4
78
4421
6
5
4
1
105
8
271
445
4
3863
1655
964
678
3817
316
31
1
258
244
8885
14
19
201
9
650
715
33
59
294
6
249
1667
28
1
252
13
25
4
3000
1652
1232
1
63
259
1
7
22
1
6
26
3
3
853
4300
1
32
1
25
1469
27
5
47
103
31
26
5
41
88
1795
2097
21
39
11
10
2
1587
2
361
1
58
14
46
729
822
324
2
3
22449
3
8
551
50
1
1
1
3
47
816
1
107
407
77
14
24
129
298
828
24
3
180
20301
23
29
4350
6
207
378
1
66
239
3
10
2031
1
2
56
2478
17711
149
144
30
8
17841
1
147
3
308
78
23
148
2
170
32
3165
31
6
3973
2
3
8
4415
104
2016
1033
1146
351
548
1
6
5
182
18
689
1
1
17
20
1
1
13
61
29
184
6
1995
63
546
8
93
14
144
106
18
268
38
4
392
14
28
1
58
57
107
1763
1162
817
1187
1
1503
1181
155
1
1
2221
56
33
2576
4
92
558
26
1
5542
1182
135
16125
2
4
192
2
2
485
510
1
321
6445
26
8363
2
1
128
40
4
15
24
14
1289
178
9198
318
1
22
17
14
3223
21
574
2
22
1687
9
137
471
1
3095
5
95
1
2
8
10
148
2
3
40
2643
199
159
2
168
6899
19
113
510
2087
28
349
26
3616
81
18
28
17
23
6
2
120
10
685
133
46
36
213
1330
1211
5
71
1
2
232
35
1
2
336
5
14
17
428
36
5
3324
9321
19
1425
304
111
134
1525
3
945
1
1
78
2344
48
3118
10693
621
51
1
16720
819
767
3
1279
3
25
768
42
1
221
3
1
31
10
557
4
2
144
2027
2117
36
145
1
1
4915
1
9073
198
974
2
2
1512
2
3013
231
4
92
16
7
2
9
1
579
83
5290
487
1
595
292
57
44
2
14
6
145
13947
70
17
648
97
8
195
754
2650
2
4
1
19
18
141
57
21
6848
6
1
73
42
2
90
3
15701
408
50
1
473
54
1
24
3
51
177
116
153
2277
25
69
2140
2488
5953
24241
371
51
12
1455
41
4
1155
962
163
211
3
89
5
1052
152
1
2
66
1878
75
5
1288
11
614
14
1
878
1
89
24
110
32
12237
17
1
265
46
128
3554
32
297
1600
6
159
421
56
49
16
121
15
54
5269
4492
851
3169
176
7
99
5053
14
8
1
2
198
917
51
54
1
1
231
1
1
1527
1385
367
1
405
100
199
230
7
84
25
1
3
72
235
1115
29
513
1
1764
1731
1
45
39
1713
18
43
32
4
28
9057
1003
3114
106
6
1
12
373
6
46
1778
4058
102
1
786
204
706
37
1
4111
1
2282
512
2
624
8
10
11
51
1
6
15
1
11
193
51
92
6
143
5
1248
7611
8
3
392
12584
3
406
4738
857
38
793
1
1
9
88
3
440
1
50
644
287
1
218
567
61
2
29
2224
25
270
46
10
32
1
1
644
33
68
12126
27
1
1
303
125
4529
430
79
8
12
792
1
91
60
52
2
2
19
73
3386
3094
1
1
74
2657
4
888
1
7
1115
121
1197
23
16
9437
91
14
1359
41
785
37
2
6740
49
489
37
444
1094
72
1
2
25
4
9
2
16
2
109
3
10005
246
989
10
4
1605
2
16302
232
450
2482
33
5
54
2
128
99
57
13
1015
147
5
2
672
3
6
3
82
5
4050
2
53
22
322
5
14
5
11
12
6758
17
12
6
21
229
1
62
7
1
7
2331
276
8
455
5001
1
334
489
4
9
2
8
137
60
42
6
2820
27722
33
1
1633
6
6
24
8555
4
1540
8
72
6
1
549
176
12
1
9
22
53
1941
21
1807
2
24
10703
9
951
132
4
57
1
22
120
115
6507
3170
22340
79
4
202
396
1
1
26
15
443
119
190
1
451
521
27
15
104
5205
1
19
19
6426
688
8082
6224
1267
16
1
33
28
31
4
3
4
99
4
1166
3
20
12953
10
1
18
4376
1103
28
148
53
25
107
18
1154
9
11
3946
16
226
1
307
2
1439
483
102
156
220
47
8
36
223
3775
17
5
60
4993
1780
3
2
3076
28
4693
24
805
7
39
523
41
1004
4
35
2
193
48
112
25
409
128
6090
11083
396
1064
725
268
2
15
10
605
13
320
559
1
297
68
8
212
3
24
82
534
1239
1074
3
544
2
13
8
163
1
58
1648
1597
6
1
40
13
1
165
6
22
1
127
12
6
3820
68
26
487
3
3
143
72
7
87
302
10
3780
3481
70
45
93
2960
25
8
82
55
3
588
8
161
22
190
41
40
1
985
4984
40
17
5
134
7
2
72
1
35
2
2
1
7400
439
1261
5
79
21
19238
14963
23
737
145
286
178
4
1
2882
67
4
3
64
4
95
1204
68
323
3929
49
5
6
63
7398
8
2
361
5
2167
143
58
1
4278
5372
21974
2439
1
1415
18
18
1069
28
7
2
463
71
2
29
1
9
29
3256
3457
79
464
147
147
6136
17
128
48
6
817
1
2
24
3
5
171
481
28
41
264
1
21
211
2
241
4113
5071
12734
20
3
1
1
35
5572
37
2
49
17
92
1
13
47
67
7221
9086
369
3
197
105
4
24
6145
29
2
14
254
395
7825
2
2
408
17
119
229
7
332
4
2
3
5932
49
13
1
82
2896
9
51
4
5
114
4459
214
47
36
4
2
1
36
1081
2951
10
151
1
252
1
1
3
1268
8
13
10
24
2932
9
12
10
2166
886
2170
92
1
1
1
61
5
3
245
1
57
395
2906
74
1
3
1
29
79
2283
4
542
4
27
251
1
13
12
10352
5622
1
1110
2467
24
3
1672
1
11
5
5
2
56
2179
552
2250
355
1
1212
4252
7
11
72
9
10
29
1
10
40
139
18
232
15
219
1
147
6
7
196
1333
242
204
141
80
47
522
123
1374
2139
4692
1036
116
2
63
1
1837
41
70
44
4
3198
1
2356
1844
2
96
6
855
366
2
5
141
3
14
109
3
7027
2
10
5644
524
1
1
3
10
26
42
6617
15
1
20811
230
1
723
1
9
1
6
738
1
6
385
2
457
100
1796
9590
2378
234
44
36
55
18
681
3
2
3
5617
6
10
63
5
3100
3
5
8
1
71
14
1
1
220
9
45
2
25
12
10
1
48
12160
178
7081
7075
11
1
1073
5
4
124
2295
6888
26
36
18
445
26
2
142
2041
268
14
3236
25
1
3
1
490
29
3204
376
52
2
3
1929
4
1924
8611
6418
159
2
6
21
9
56
112
449
165
67
2293
12
161
3
748
2
105
40
606
1
2569
1106
1
6
3
18
1
8
6571
1
276
1
6580
4
3239
9
299
4078
235
2
14
4
136
4
83
174
455
13
1
1
28
15
1
80
3474
16
7
8785
1
1
246
916
187
1
212
1
1
111
4
1117
6
36
3
33
1
1
930
1
13
4020
3
31
921
3
1
605
230
13
1635
4
4906
24
663
1
9
6
82
662
191
2
1221
11898
169
17
7
300
3
95
258
30
532
2857
40385
35
3937
2
5
90
396
35
1
70
53
68
1736
80
24
1905
1455
1479
163
2
23
6487
4
3
813
108
56
39
655
699
1567
5
2231
1714
11
58
13
25
719
2324
9352
133
2
6
730
86
492
91
4
2
129
383
986
1
1
17
7
21
9
1113
34
4
22
245
193
4
12
904
1
14
5
303
131
565
907
1
79
8
1447
2648
688
3358
166
449
2
39
1330
148
5
1
32
92
6
1258
27
1756
40
3
19
8082
1169
1
336
3
4126
13
4
535
191
32
1474
218
1
2125
96
684
4361
7
1
65
2627
666
638
2
56
2
5
17
147
7
4
2
3
149
49
366
8
1
15
3
96
46
4
20
4832
1133
730
1727
14998
2243
1
113
12
74
4590
2
45
6
15
3
263
6
426
463
1515
10
625
139
598
341
8
101
281
1
3
582
1
2
83
289
14
3
2252
1
8
2
3299
1
2622
2265
1152
2
1696
81
1132
19894
3
761
267
27
2569
1012
70
30
1691
69
16
238
16
459
1
757
24
1199
7
220
10
4
24
1
8
330
190
3857
10
396
162
2851
73
570
186
2
337
1385
1
90
13862
142
16
6
1
1
8338
10
1452
7
4
8
10
1296
6
7
29
145
4
25855
2644
139
3
5
4
304
11
624
1832
1
1
988
3
154
1
9
61
3625
2689
6798
279
72
169
1
17
5
117
211
87
92
70
6812
2124
4041
71
108
4747
123
368
1290
2
1
2
620
15
1
34
5
140
42
27
589
448
50
283
2
12757
1
2892
8
113
9
15
12
23
163
403
4
402
1263
92
22
91
451
66
1
2219
82
3
4424
1
157
24
42
28
11
37
2548
3
3
98
1189
1
853
1860
18
1
25
11
1
11
7312
1571
2
626
2014
845
7924
17
1
1086
238
8925
86
1
1848
40
349
260
912
10
1
44
1
2459
8
74
762
38
26
5
1403
9291
53
610
228
6
1
1955
10
30
10148
1
6
1
29
75
1526
154
145
2031
34
43
252
2263
8
130
2069
13
2835
1996
87
285
10
2268
76
363
4588
323
1
28
3488
12
43
165
35
131
1
2
3
3935
6
13
892
984
73
4357
49
75
699
870
57
1078
406
12
335
1
6
33
5
2
2844
27
3237
25
72
8
4
17
12
26
6148
1
683
154
2763
43
15
2
6471
1726
1
4919
14
6
19
10
2
2
58
1
40
1
731
106
15
11
369
11
35
1
453
603
6174
21
3
48
545
1915
2
494
351
5
2
291
17
7
2
58
11
9
3699
10
296
11
10063
10642
1
74
12
8
2519
13
3
3
622
7640
54
89
1
178
14
16
677
9
13
29
16434
6224
8
775
27
4
1473
83
42
1
2
465
116
3
630
1264
2
9643
1
14
4
51
43
8
1
1
7
5
22
5073
2
476
34
2
9
2
12737
2
35
85
4276
1
14
3
7217
21
1
1
26
338
208
2
183
7
115
37
6
1208
9
36
14753
417
12
4766
1
16
222
786
192
7
8
8222
9
3032
4544
4946
3738
39
72
1
6
7
229
188
1612
20
2363
1234
1
188
22
53
86
42
130
20
9968
6
11
52
744
4
9
8379
1
2
6
2
1525
2
2
4694
2954
13
253
717
2
4
9
1465
10
1
8141
50
23
14
7345
290
28
949
4
33
53
115
25
33
96
14
28
258
2
938
550
151
950
1
3
55
113
2
419
3
224
9
248
3
1
1
927
1724
136
1313
1
4
71
127
309
41
674
285
31
16
121
7
409
15
5
99
8
4
320
180
250
1
2802
19
762
86
1408
13
71
608
340
2839
1541
16859
146
2
181
13
230
8776
3256
381
5
2
3051
251
124
5049
3
1
3
9
307
1
61
23
66
103
14
418
27202
556
30
41
416
24
4123
7
97
1
3
17
221
16
2323
421
2
14
621
70
448
143
7776
3
1
639
8516
796
1
18
2
5
124
16
182
1
3963
2
31
2
276
5
767
199
332
2
903
8
1
527
51
8
2
13
1
5581
2
2
1384
1656
186
8
3
23
224
5023
1
46
2
1234
200
1
30
84
63
54
6
246
14
18
1629
4
2
25
23
92
3461
3
83
4
1686
4567
1
2302
3202
2172
130
382
26
6
8
7820
2511
18
2
4739
85
2
31
297
80
4224
282
173
2254
2576
33
162
3
21
1786
1091
1141
635
1
1661
3
334
448
28
4
2
48
421
30
1770
31
45
2
2
1
62
1
8
2551
4874
3431
6
318
3
10
769
26
3
1400
25
15505
120
1
220
2
667
2
2
41
115
2
39
32
1200
54
62
6975
21
11
1448
1
35
21593
5
7
118
8
5
877
2
58
3642
94
5434
5014
8
1
1116
59
1
71
1
2
305
168
2
644
43
1
3
3424
5843
140
198
117
1
290
2
1261
1
1044
113
246
6
129
2
31
1
84
1
1
1
10
11551
318
1029
3
36
442
3
2
116
6
49
409
25
114
1009
207
63
68
9
1926
20
100
279
119
14397
301
1998
23
11
22
355
1
1
429
7
352
2582
167
1
885
1
38
313
1
98
561
72
201
1219
14
999
36
934
8
586
1209
4
2
4
142
807
8
48
238
19
62
5
3
9
1
33
1
2
950
4
75
72
13197
60
5
44
1
39
835
6
1
39
16
4752
13
2
1
176
498
1
4507
5981
1
1714
463
11619
103
2
6
1399
2
2
240
499
1
7615
94
108
1
2
5874
361
1
4
29
1162
3
8828
2
3
9
5
1
1
6
54
21
19728
102
1
6
1
95
1
3
1757
3
10
34
1
1
77
24
99
1
29
4
2252
106
535
381
33
1
38
16143
100
219
12
163
1
126
243
576
16241
507
5
1
5
765
3398
2
229
198
8
1931
2835
81
1
467
22
38
1459
79
480
1520
18
5
2
10
12
766
32
4
1
78
1
9253
3448
2409
393
9
4506
1
727
9
15
9
378
1
41
107
1869
63
1492
2
3
7
11
2
3
5927
38
179
198
2
1037
13
13
204
473
3746
6
215
289
666
7
2135
238
644
22
168
6
3
2
8
3538
3
20
1
469
3
2
4287
2190
2
4
338
20
252
383
44
16
240
392
1
6532
1422
1
105
132
252
273
96
384
31
6
430
149
1
177
1
175
9366
32
90
4
17
1887
268
3
472
58
8
35
227
77
655
1
5774
10
602
1030
51
1724
2
130
498
33
3500
1
17
1782
76
27
2
83
227
36
71
157
14
8
5
745
43
3797
1
3
89
9998
601
2
62
191
183
51
6
6
13
6574
350
3097
9
74
2917
4
45
9
750
2626
72
286
1182
135
6283
94
1709
28
2
13
25060
4
2889
2103
288
1
1
4889
1275
1023
3
230
47
7215
68
84
6
1
3
1
8
1
3
34
906
3777
284
276
1457
58
8
3
218
90
60
1
2
8
1
4
14
1983
125
1
1
80
323
3
1782
9
114
3
3845
2010
2
13
1
4
1
5
2
32
2944
3
3
6
1
215
344
1424
3
134
787
2188
1
1575
31
83
63
1
18
886
5339
1
74
10
167
12
6
830
57
1428
129
32
6
40
1
403
2264
126
1
36
2
414
3098
14
20
12735
108
3
3
1335
68
8
1
1
2277
10
19
54
469
168
18
408
1
18
221
1
112
1
32
34
14
1
2
10608
10
3
2
2
2372
5
1
2
1
2
65
114
3
18
142
1199
210
1067
4
204
14
1
2
114
5978
83
58
16
22
1
4351
1900
3958
183
5517
172
1
11770
2304
317
11
4
71
9
29
9
1
553
2051
1
6
123
243
213
269
58
3
12
77
18
9
155
4063
10
34024
5854
28
2
6044
933
3372
88
2490
1996
483
10
8
1495
1
73
1370
8
1525
3101
694
5
15
905
15
90
8168
19
35
255
1
5
3696
259
618
7648
4
2275
12218
109
1574
553
172
3117
2
1941
333
447
33
1
123
2
1
351
621
3004
3804
5
30
65
1
612
3362
80
47
220
736
119
15
4
6585
1
3
3380
23
77
9
96
2994
46
212
136
5
896
11
44
33
362
112
42
2
3249
3
17
20
97
2
27
8
75
154
7
1290
1
4011
2
28
3
235
473
198
1258
34
8
5441
1
15
702
2464
14
1105
1
1460
817
27
42
877
116
5881
156
981
36
1
12
3
114
10
462
1
266
45
24
8
260
8
21
1
102
88
54
123
1
1
23
2741
335
3
1
131
2
8
559
12953
3
1
2
4631
86
3
5
10670
6
4
9
11
23
1
39
7080
5
2
16
39
1
91
4
33
17
546
9751
4116
10951
3
51
6
106
29
5
1884
16
9
43
110
431
3399
2
35
19
1
111
364
554
3
6
3
46
4
5
183
64
9
4672
5
191
1
834
855
10
3
3487
1
82
1232
2
23434
18
203
369
8
12438
1585
653
1
1
237
13
28
166
1247
10
33
28962
2221
11351
605
46
1
343
4
3
6
4
4558
1
8
469
2
1
8
2400
3
2
31
50
41
10
3871
268
223
278
3
6042
34
32
13
821
13
2
3
4
8
1
1
890
244
10
17
54
2
1
1
273
4
14625
560
960
534
411
15
209
17
135
20
28
330
21
2282
73
578
5733
182
39
985
1017
14
139
1
6
124
68
2
2299
18
1
5320
1
44
26
125
9179
1
1425
668
12
1
2131
10
340
1
1
1
5
4
47
634
3
8
7339
1085
7
1
7
16
30
1
2669
3
213
27
2765
4
29
1
97
3
2
278
3
1250
4
41
85
12
715
1
819
551
105
93
6022
8
11
1888
4
117
11902
318
1
76
2481
13
3366
2348
931
9
51
228
251
7
8293
4
1
9
4
184
76
1385
3386
35
3495
63
52
471
1
447
1
695
558
2660
16
1
5
11
2
1
272
5023
8
1370
1136
22
106
247
136
1
50
1220
145
35
1
4583
4
1
5
246
8
3
3
57
17
636
84
4
606
1
3546
3
7
3659
496
20
6474
26
1
3
45
1
2
813
92
271
21
51
155
24
463
529
1
10
228
1022
1
79
710
96
1
2
13490
185
39
935
346
5
6
20
9
3
244
19
16
1
5389
107
1
31
180
27
2
8
3
395
1187
701
2
54
11
302
10
1744
3
10098
361
2
890
13
185
2
88
2
13913
9516
25
125
22
26
17
24
611
60
54
1
1205
17
11350
10
17
748
23
4
5
20
317
1
1
1007
109
20
4
3
27
200
235
4331
2
789
1
72
1
8
5
4027
3543
36
1
16
170
72
59
1
609
1
2
3
2
33
578
1227
2
1
8829
6
1218
49
31
314
547
109
6
15
186
102
2257
1
51
9
6
223
383
1
1
1419
275
2678
1609
35
3
875
260
10729
1
577
762
3
179
1
40
8
4
4
17
93
162
690
15346
5
280
42
7831
10
2
149
198
233
4552
2
41
2257
9
3
313
81
37
26
27
4
11
3697
139
4
3
5
15
6
1
1
11
2
5
51
87
21
1
605
546
28
6
28539
28
771
20
16
225
3951
1
677
15
16
72
2
638
550
9
8
2
252
2
41
296
11
1
15
353
146
1104
7
446
42
2
15644
3413
1
352
10
2
1223
1
1285
317
2
61
2871
9
6
1
62
5577
2
1160
24
23355
8
22
1313
15
130
43
8878
36
45
1
15
1
153
218
4
76
4
216
1654
17
85
306
60
771
6
11
563
2188
19600
45
30
4279
6
7
3
12
4
267
41
75
56
16
1
6
1
386
2
227
15878
2297
10
2057
1
905
2
6899
4
6285
316
47
13
8
5
242
136
1
11
985
5
40
13
7
17
110
1
30
446
20
1
1
75
170
3
1674
4
1
2
42
12
927
217
158
1577
9
225
515
47
57
25
1017
30
188
988
4
13
1
2686
3111
39
423
49
19
8
21
568
13149
18
285
201
441
1123
49
31
811
5
36
2
1242
148
110
852
33
525
37
37
1309
75
1
1
4
204
1
10507
9961
6
14
2
906
16
2
1842
2
4
3
70
5
39
2710
14
3793
497
2635
16
200
4447
1
671
1
23
96
9
5
55
1
3
3194
2
31
1
14
1
1
42
12
612
3
659
1
7
36
11
533
48
45
3645
2
137
14
2407
54
46989
5
363
2
1
1890
1
3
54
1
10
182
1
6953
2
63
4
7
32
47
104
2740
7
2
3
2
695
34
32
1
6
10
1
3
3
1
339
2323
40
17
138
14
25
6
80
13
1
8
10
4
6
2046
2688
108
12
13724
1
8868
13
445
833
4
48
43
4525
148
4
18
5
36
10
1025
50
15
8
24
91
45
617
1698
1
14
4
69
14
4684
322
1
1567
81
8
52
1080
771
3
146
3198
78
10
57
5
4440
2
1
3
6
10
1
22
46
47
10971
64
29
761
3
4
4303
283
1
12
6914
3
33
122
1
1671
9333
130
23611
20
23
902
99
182
8047
15
107
5
843
2318
5
6
9
5
51
2
130
481
5292
168
18
1
58
1
35
125
25
5063
36
495
34
172
5
13
1
1
14
80
796
261
8
2
2
5093
202
8
37
51
1
29
10648
257
9
3
12
35
817
9
42
2
303
3
30
2395
22
2
14
13
1172
46
10
37
20
674
19
595
3
2024
1
3
542
2110
7
47
244
309
69
2
35
174
1
653
15
49
1241
1
2782
3
169
149
2
483
28
16
20
22
1
2
1
4
3
722
922
589
16
3
8547
6
141
342
26
35
6770
38
1
13
406
2
903
180
34
80
16
12
1
576
31
5
7
1
39
1915
1719
8
107
8
437
75
3802
3
1
1
1
2
1940
38
164
20
4658
599
40
16133
6
8
17
1
1136
847
26
1
5687
386
2
66
165
2434
6
7598
40
4
1
643
3
2
3850
1
983
1
107
9173
932
160
3
1
532
605
117
3
19
1222
4101
11
115
1
62
47
1
12912
1
4
2
3
2
9
2
9
8001
585
766
310
223
1215
3
24
1
21
15
1
23
4
13
1
1845
85
23
37
1
95
173
79
341
14
4
12
6
1928
1
580
27
584
6
1
2829
10
44
5055
1
3126
48
1
13
26
1
51
15
20
22
181
32
38
1924
677
2
20
328
3
1
64
22
5539
16
2
162
8
1
27
1232
1067
14551
475
1924
10433
1677
26
4
4
5
4
4
4789
17
17
11
2457
741
1
4
74
1
597
88
1
2
8
1
18
3
6
11
2
2090
30
15486
15
22
4988
13
2300
172
5680
70
2
263
1
16
8414
1
121
7
7
9
32
317
4822
6572
12
235
67
18
6
6
17
36
1
385
379
2608
1459
575
20827
581
33
58
13
11
195
11
1
2
1837
207
4
3
32
37
1649
29
67
2
1
1
169
41
36
329
5
19518
1
1
35
39
281
4373
4460
577
14
1
169
8
1
3903
1
1
1
3
9
28
1
591
3106
2
5608
16
6
248
56
2144
235
16
1
55
204
718
26
1
6
1
142
1303
7
2965
20
53
2092
4
1083
600
876
1
3
4
1
927
2982
2
2
14
1
3344
2
3
2
14
470
3052
3
118
4790
8
1010
37
21
3
1
1045
14
4
4
41
173
1252
50
719
929
201
80
17
140
434
292
59
2
3773
1
75
4092
3753
4183
10
196
1
3
215
16
91
37
222
24
1505
9
1
1222
3122
73
128
1
61
7
621
75
24
1
73
2
2625
2
41
2
1758
2
2
114
1097
25
4
251
193
5
1
2
1
2151
18
2
14
3
1
1374
240
10951
63
7126
46
5
1022
17730
462
56
15
3376
121
502
1197
109
22
1902
1
92
4296
3
530
304
179
852
30
122
31
759
2060
648
9
8
1007
7
2
1
3364
12
12
6
1
1615
1
56
337
5107
24
64
13310
1594
171
1513
7014
3
71
103
352
46637
127
11
3
7590
438
29
8
22
387
3347
1090
12
4322
181
1212
169
110
25
2
1774
1538
2
2531
115
540
5
3
2291
197
827
179
9
5
6
482
5
161
54
24
6045
38
1117
10
464
17
261
791
2579
460
16788
18
3
168
110
2
4
3172
7
165
279
16
2
1
3
122
1
540
155
7360
12
1
5
1010
2
6
3303
6
1
2
15
5705
6
11097
1
2
2884
3
226
2518
5
96
4
3
121
10
69
14
1282
88
29
2
1
1002
23
15
382
1700
28
53
1
20
194
2
1
2
7
49
23
927
2627
50
9
405
4
2069
11178
505
18
298
2100
121
115
29
5
7474
6
415
55
5
2
462
84
1
12
103
3970
2055
76
15
62
9
2
1727
605
2900
182
1
742
33
1182
16
4
5
26
1
26
8
4
3777
3
1
2
24
32
3
2
66
4252
6
261
720
96
3
25
1
2036
7
983
76
26
3509
51
2
2
2447
188
3
10
2
4022
201
812
18
1
3
123
10363
38
1256
12
22
8
14
2
911
19788
207
637
6
36
2335
31
2
511
3
14
289
1
1
165
1
41
1707
3219
14
134
383
439
49
1585
1
2550
80
3
100
164
115
6307
3
3
6267
3
72
78
22
669
4585
11551
1
89
74
424
108
8
200
149
1
8520
6
11
31
25
4
1
18
127
5
52
138
998
59
14
2
20
22
540
57
2
5
4
7
76
61
1
1961
2989
4
3
564
121
3
18
1
1
5980
10
343
790
7
425
7044
65
14
8
3
216
5
93
1
394
7
20
1
2836
7
754
20
10
17
8
20
5
1613
405
1
108
8401
4384
3
132
229
98
8
90
7
3
400
2212
3135
1
69
227
5219
3
5
2
12448
17
146
113
12745
1
5
162
59
78
3624
16400
892
17
26
26
5076
2
245
6627
177
882
9
2
259
10
556
157
7
7
19745
15
3247
1244
36
51
2
1
19
111
1
652
5450
2
1080
5092
164
39
2
3
4
4069
19
994
2
1
2
244
1
23
3959
3437
2
2
1
576
2
2
5
4
92
41
26
57
258
8
655
444
1054
9
1
13
1
12
5459
4
2
8362
87
761
1
1498
2
8225
2
493
12
410
37
1
6
3
1
139
272
56
4053
196
3895
1
2
9
173
3
1728
75
42
442
9
9
55
1104
61
103
3763
68
746
630
4
230
4588
308
4
7
31
4
2
2702
2445
566
74
15
57
109
3
1
147
213
1726
33
373
3
61
73
3718
250
8
1843
1
84
27
89
45
6
3944
28
4049
228
415
302
172
14
31
20
3364
1
16334
7
1477
4
8
24
9788
179
6
96
1
419
2
12564
95
5
260
2
354
2
16
21
6
30
17
3400
1
1
125
301
897
2
3
123
42
16
15585
12
4934
1801
14
1
5
1
2801
3
58
389
50
19
1
168
3136
31
4341
2
4332
3
56
5968
21
1199
9
16
39
55
199
59
30334
682
20
35
1
16
234
177
1
58
8
4
53
8
126
74
1
5
516
6
211
3
50
1
1
99
13
1315
1
1
2
30
23
71
46
8
128
54
236
8144
257
189
7
22
1316
12
2239
38
284
480
14
8520
1
12
1
53
693
2
3
11053
1
44
177
5702
9
77
1153
123
6726
1
37
8
27
101
3534
2
107
2
20
72
3952
281
1420
11
201
221
10
3443
102
989
504
1
2949
16
12
1171
993
749
4
12
22
3866
3
37
14
204
5
1
2
2102
1
62
4
99
19
1
6189
1
1070
3
2
78
103
87
673
4
183
1031
1
590
15
4
4
287
4
194
4003
258
6
2
8
296
1798
1
911
3
3
3
12817
2
59
1
27
35
13
831
15
9
12
2868
10
1804
1
694
100
99
94
729
1
4
1
3130
13
252
4095
7
26
4
56
2
632
35
6764
2
695
18
918
2
3
397
7868
1
34
952
94
11
6
4
952
6806
7
2
3202
238
101
26
35
13
143
2
16
20
5031
817
7
35
336
156
2
108
2
1508
1
24
58
12127
20
1
27
1
91
1
205
2
7
10
141
52
4
1191
276
380
1
24
454
200
14
131
24
290
19
1649
3638
7
1
280
6
1
1079
2214
1212
14
3
1
1
1
2688
127
15
2266
211
27
282
33
6
21
6
1
142
5
218
2
1
6
1
3
1
64
90
2460
30
57
3352
19
1
1887
5587
1
6
12
1642
17
60
3700
3
4763
6253
567
86
2
4041
37
562
292
11
3
40401
2
1827
3
30
3068
4
3
30
1
10
1
2776
1923
1
187
6
94
107
1446
459
84
438
1001
36
1
53
2
18
12
10
1
2
67
11813
1
13
87
62
34
2092
17
40
50
1
8
7
256
239
5507
3
272
4
16
8
94
4
520
128
3106
31
26
272
41
278
1
22
11115
4091
13
7
137
8
1
94
2
4
9
3
1
1
3
113
86
179
252
967
18834
6
2374
441
18
144
1058
11
17
27
4
7
1
18
21
80
1
6
105
3004
243
3
2
156
1
2
5
110
637
1
1
8
3531
1436
344
2374
14
52
1045
20
3844
99
62
1
5
5
2156
63
555
6
14408
8
11455
926
2148
4
1425
1
420
136
59
79
28
3749
1
188
1786
2406
2614
1
2
5331
58
123
10
5
31
4
25
255
8
7
401
791
17
7
17
66
3
2
2
13
73
60
56
828
4
1
32
8429
91
614
125
264
2
564
965
201
190
1
457
226
631
1
31
9143
9
489
732
1911
577
1
539
418
72
78
5
743
2
2
31
1
25
28
3
3704
47
174
263
1434
8
7
1
94
829
354
10
1146
468
422
1
1485
204
263
221
161
50
2140
72
1022
7
621
84
1
9
55
298
9
1
53
1
1
586
70
1
2
91
1
7062
216
58
57
3
3
10
8
3629
56
1
132
2
480
469
11
16744
194
2
1
235
18
109
1265
256
1058
25
36
231
6
264
13
2
14
4
3
101
19718
459
3
307
5
349
17
2
405
33
1399
2
3746
72
1
91
33
44
291
2090
66
76
5
1
1
1
42
1
820
2414
153
6587
2
2
340
520
508
1
318
29
2
187
1
6089
16204
59
15
2
1
189
2
290
7393
12
3024
6
423
1
1
39
5
5
369
4
1773
49
96
8088
9
10
174
4647
14
2
1
8
1452
5
159
2
2
166
10355
301
76
2
8
277
69
1322
4
1
16758
13
11349
525
1
2131
23
595
22
5
11838
3718
15
175
23
42
2
1285
2
10
343
19
146
21917
2
175
3666
371
18
14
183
57
5114
958
662
6
1
363
27
53
1870
115
659
2558
1
10
399
1545
98
22
487
10433
1672
109
17
1062
11
13
13
194
8
60
1
4748
14
50
2037
3925
14
15
6
64
4261
1435
360
1560
1
7
22
3
487
3219
2466
64
436
104
3
18
3758
2
1
62
1
1
2
1
21
5
5
40
16
29
2529
69
2
215
140
2
216
3
3674
1
2
51
10
4
27627
2896
49
100
2
2383
8
4
4
94
2
48
4
1
9
2626
511
3
211
3489
2164
224
307
354
300
218
10
71
1917
4
2
519
6202
107
12
1
302
1071
186
273
14
698
9
14
13
28
1200
1003
1
3
55
1
39
8
1
49
43
64
1
6
3
20127
2
102
24
26
11
2303
2
94
25
145
2
3973
1425
4
201
1
4265
3
7
1
1233
87
17
6572
1
43
3378
85
1
9
4714
733
3
36
170
28
1945
3
6
777
12659
260
1
8
20982
419
5
1
2882
19
1
660
23
12
553
3249
35
1983
2
244
2894
1
1886
2
116
105
2232
111
2
3085
848
43
3
26
6
1
1080
1866
61
1072
378
200
1720
2716
1
1
255
213
96
572
967
1
2487
98
54
71
1283
2
135
12
6
69
99
16171
6
11
79
908
1
398
13
1
102
4
19
54
51
133
5
490
7183
1529
93
26
193
2
1117
8
1
8
1126
5355
2841
2661
3
2362
2
30
90
36
7930
390
76
1
43
4
250
28
2
7
739
9462
82
719
916
18
3739
498
12
1
425
2702
337
2
21
29
6
2419
432
13
1
11
66
32
3143
4453
57
53
57
5350
6
53
88
11
73
628
6435
12
3
2
601
1561
11
2686
1039
287
2
604
2
1
10
6
1
1
54
158
1955
7
206
22
625
4
2
103
2513
3
6130
20
215
783
18
2
2885
2
8155
6
422
16
140
2
8
7
166
457
2897
5
1
3
2336
125
3
343
689
1
5
41
23
28
26
9291
1
1
487
5631
2279
67
130
25
66
1132
7
90
304
91
1
5
1
1
455
809
348
59
95
4
13
3749
308
2
3
9
5167
9
13
2256
7
1
28040
1
8840
51
7079
37
430
1
3
2
41
5
17
100
2
3
554
5671
2203
32
275
198
12
26
1
7439
1025
390
8
69
127
129
149
2645
1
1
24
25
1
4
653
4
1
2
1
1
56
1
6
49
82
9
1
3
657
18
2086
62
23
2
18
91
1543
1
1
67
2
3
10
56
41
7
3
3
128
42
1
2
2
2696
126
3063
2
847
6
126
1
2
2
1
6
23
683
185
48
81
9
206
11
6336
1
100
794
1
84
80
160
11
2
51
3
577
1
11198
4
152
7
8
296
462
7846
6
2613
4
2
22
1
267
18
1
69
426
12
3
900
205
46
5
22424
429
3
11
40
119
620
1
6333
1
75
1030
321
6
4
31
3351
5
5
1
443
7656
56
141
1918
4
289
79
457
86
493
20
726
3406
3
1
587
45
367
196
2
1
2
52
2
79
4
4469
1
501
20
268
3560
980
7
3
17
9
2
3030
1
166
62
5542
2321
37
875
36
575
3
10
4
1
8
96
3
661
5
411
5171
1
2233
57
104
302
1477
1
284
98
45
2573
3
1
47
2140
917
53
12
33
2
1
1206
1
11
1
5
6
3
1
1
52
1
37
6
913
13
392
7
7927
2055
837
9
4
2064
24
698
13
34
6
175
157
1
1748
2563
5
33550
3
3
3693
753
1053
3
16599
19
1
3
34
86
14
2
5
21
795
13
1
2
24
1179
13
26
1
1
10
31
29
45
28
1
8
7
2
6
17
2365
4
17146
5
564
3768
4
5
852
526
2
860
1
7
725
3
77
31
630
26
2331
572
7
1873
12
50
3
1
1
4
2
1
71
1
430
13
5
896
1
1054
119
1
495
1
1126
4
123
4
1537
2
1646
6
8
5
585
1
536
1
8
9
7
16062
33
88
3298
3
6
33
60
837
1849
1654
903
3
12682
3248
44
2
1226
30
1
1
896
2081
20
2345
47
934
1
3849
38
97
41
15
9166
4
191
165
1674
112
6675
341
1984
3701
854
3549
14
3
3
99
4
1
14
157
3
362
34
1
25
1054
1468
434
2007
148
747
774
7056
3
274
768
135
1738
2
11
2126
872
9
115
1715
1324
1339
72
3
189
27
1137
710
1
2296
2
16
14
46
2
6
6
5
1
75
169
8
7
2
732
11996
287
4
14
1
1
1867
10
47
681
164
2534
1
6
5
7
6
24
1
744
20
210
35
2
188
49
3
465
6272
6
1978
3
1
110
351
4604
5
10
1
3
2
4
1
32
59
331
1
1271
14
188
2
9
1461
28
1
1600
3
4127
3441
1550
73
17
10
1
326
181
28
72
92
92
68
206
24
13
2
23
1
1
363
762
6083
3
11
13743
21
20
82
3
27
10
143
21
15
2
2
1088
5
1
281
2395
19
17871
717
47
1
1449
911
1638
2163
10874
129
678
49
3
610
350
30
946
25
44
17
9
7
7561
32
56
337
2
3
261
6
5
6859
1
110
702
23
2
6
14
6
156
7
1
66
153
93
15
55
119
105
19
8
7
258
9
22723
238
6
414
3
796
1
2
890
29
2
2
1
1
2184
14
8
3
501
11
2101
2
9
1
1
1361
15
11
2
95
29
105
289
260
13
5241
163
4
28
14
676
2171
282
1
3
32845
4
389
11
785
9
2
3795
979
4
4
277
1
4
19
3
3
92
1982
1
138
472
3
57
10
69
17
398
3
195
45
3
5321
7
4
543
337
484
3484
1
400
2
419
12
4794
7
5
1
71
545
2
4
4924
1145
5627
22
535
38
1
1869
226
117
101
5
24
1908
56
5273
4
340
1
97
20
10
3
414
1
5
1
5
13529
9150
1
137
11
19
7
33
1900
484
44
75
50
1154
48
1905
1
277
29
6
321
7
3139
2
510
3315
11023
3
964
152
2
4
1
4409
20960
1
33
30
3216
142
393
1
162
86
2
6
268
1
3
2
1
2
13399
4507
9
1
24
29
255
2
620
83
12
71
2578
491
4331
3
212
1
4
987
52
1
10
20
1
107
81
11
4
1
1
1
123
1
4
43
291
2478
2834
1
1
48
29
170
15
3801
149
24
8
151
28
3254
5
1225
51
286
537
6
687
761
1337
57
3
3
993
37
160
4
8
3
689
3
123
923
2148
1
53
2
101
689
6
2326
35
1359
99
148
54
551
10
10065
3
59
7241
4845
1666
349
150
2
66
149
6673
13
259
4256
5
77
559
265
4
8
70
919
465
885
2
14
2
23
72
1
1
2
207
184
16
48
3
1136
21
56
5
35
5029
135
49
13
15
2
395
379
1
3227
3
5
1
5
6
50
5
736
10
51
1
3588
1
83
36
34
1
15608
4
1611
6
1
10
16
2
1
1
13
4
888
35
2
17
6299
429
1
23
7
2
264
1
8
174
108
8
1064
298
1
65
1566
513
2
168
6
239
5
91
59
1
3
2767
16
3332
218
1
234
42
16239
2
78
1095
106
2898
11557
120
5001
67
1
221
1
1
41
521
6388
309
12540
4
2
489
1612
1
8687
35
1
1
39
4
1
23
4159
2279
28
1
44
975
1
1764
1997
1
334
7
15
36
9
940
14271
17
5
6257
3532
2
1606
2
36
1844
92
2140
54
1221
1
3
454
1
3
10
4
1
4
5
307
176
369
396
9
1
7550
27
3
3333
1042
10157
1587
28
55
43
1504
34
4
2
2
212
1
7
851
515
3149
193
1325
68
1
43
8
212
217
69
541
6
2
248
837
2162
3263
3348
133
1
3
15
228
68
1594
12
4
21
22
1
2819
293
212
43
121
4
1
2
214
1
84
4
3643
3
5
173
4
27
885
3
2356
194
279
1
122
2478
1598
45
59
14
13
188
191
10177
43
7
10
5
1
18825
59
43
317
117
19
51
326
11
30
1
608
3837
126
1734
86
2
52
12
10995
3
2
3
21
2
14
8
22
2465
7
8
3
9
3
59
7
176
498
1548
154
1
1022
303
31
16
176
196
2
1
360
19337
32
337
2
29
2
334
4271
125
1
237
8
34
1838
3
10
2497
9
1423
4
62
19
58
1
4
125
1675
1
302
262
12
126
937
33
13
26
1
72
755
1
11
307
30
50
1486
297
421
5
2136
2
1
1
1
4
1
2946
3
3
10
4466
872
2
81
2602
6
326
7
362
9
65
17
219
12
191
3239
1116
2
1146
5
1
1
967
11
185
551
49
5
13058
4479
10
3
1
3659
4
71
1756
117
514
5
8168
46
5
1
4
261
15
53
105
6
1
2
450
10190
4
45
5
884
4
510
6
57
27
4
15
50
5425
95
116
1
1
1
495
365
12
1
490
1063
169
3722
746
254
71
50
24
2
6296
46
1
66
1
235
106
85
44
41
707
86
4011
1
13
572
17663
2582
528
1421
249
2
1
3
4
8182
1267
142
2
40674
108
3
43
10519
5
132
1
139
260
60
26
4
617
2234
12
4
13
7
9005
224
4
4098
4387
13
16
632
4
56
77
384
2
256
5
52
1
2
24
3898
11
2116
98
78
647
467
15
2501
1317
15
25
42
1277
2
1096
3
357
3
2
3130
25
371
1
27
179
2
1
23
2836
443
623
32
81
422
510
1
2244
3139
344
35
1141
4
1
3787
853
26
11
1
1178
8
338
1921
10
2
6
255
363
1187
66
3
26
4
3
45
200
19
84
1
8
36
1205
21
2589
5963
10
1
6
608
479
1
755
356
75
1
31
8
5
58
50
54
688
5
79
1
946
1029
75
17
6
3
18
14
3783
3
119
54
188
13
2
1
25
2742
4
5
1852
21
1
4075
3
309
2348
695
18
29
8
19
854
4
9565
1
15
37
2155
1
1
16
8
24
59
4218
1
12
3660
38
33
10
2
3457
1005
54
1
5
5
3900
124
4216
135
16
2
11
651
496
16
9
55
56
7578
21
6
165
27
3412
8
368
2
4
75
1
7
638
1
10
10219
6
17
22
1
224
4543
7
13
2
18
86
2
5
153
1
5310
72
4975
1636
324
4
1427
1
7819
2640
2
15246
9
7
1
401
1148
4881
10
1
987
2
1
3
22
148
49
26902
44
1
116
3
115
21
1
108
1
4
17
2181
169
125
8
55
985
1
3347
2
30
392
4
194
19462
12441
1
131
13
91
2
1036
4
5
24
87
4
1
19
1
9
250
4265
25
1
532
3
1483
102
312
51
2
12481
83
3
2
56
101
6
1
482
2985
22
7
18
227
3882
490
2
5343
24
735
7
26
1
1
175
2
227
2
116
151
11
1562
197
54
1878
2057
205
2941
670
7
2471
4592
25
33
3290
11
45
78
1
1187
243
1
1823
61
125
1
14
6
7
16
15
1
8
4
14
64
8
51
88
1376
2
3323
1
197
203
1
8850
7
253
111
112
218
3966
1997
186
1229
1323
1
13
1
119
17
440
2416
1
5
29
243
24
1121
2
5
18
1246
1
4420
1438
4
8478
199
6
49
10
6887
5642
205
4524
34
301
9
149
8
1
1634
7
312
2
1
15696
8
59
3953
1
285
3
1304
20
1
1
141
4
80
22
49
5628
2592
940
725
3
47
91
1
2
65
37
9
1
11
1
27
635
3267
6
151
2
38355
7
32
1
3
3367
1
4
27
2368
1390
14
70
4
133
29
380
105
1
2
17
4062
4041
3
2
74
185
73
1
9361
3
2254
15
48
2
18
3846
130
784
165
4
2
1
953
1
1
23
183
11
7
162
89
19
51
20
8395
46
10
1172
1
5
1625
2
1
1
15
119
1
7
1
70
482
11
30
1
2
7
142
12
141
666
15
1
7
289
805
1
218
1
883
112
16
65
67
1469
4
223
81
20
2
488
1636
2
1
4953
1
1536
80
125
1
591
8
11
60
13333
194
7
35
32
4
1
4939
1
71
104
3659
791
1
4
161
1
1
1
400
1
6626
900
3
5512
7
62
7
2898
1
2819
13
1
3
26
567
34
768
158
2
10
4
64
9
3487
616
841
4
3
1
732
44
5
4
250
34
59
1
7
299
4
10
1088
43
5
835
11
8
6872
9
1
15
37
5777
140
59
14
16
5319
1
12991
13
3
44
5287
4865
1
22
10
85
2
8
1004
76
1994
68
10
23
1035
160
5
7
6125
246
3379
1
88
6517
57
1028
465
4
971
5077
10
8
38
2
526
6452
3925
2
1
15
19
84
1
2224
1
24
1
6
124
2
1310
7
856
88
3247
2
1
20
4
18
2847
97
38
50
16591
125
1207
1394
12
4593
4
5
163
129
1393
24
1232
1
16
239
12
1
3
4
27
2
173
3
48
6
1
10
1
1
4
26
37
1
1
1214
25
4
303
18
692
113
1773
6
2
27
73
964
600
678
1413
49
34
28
3471
107
3323
373
1
2
1247
19
242
579
9772
2
333
116
7
9
3
2
769
17
4
2
3
1
2
1541
58
924
1
23
17097
2684
319
3457
1
1
1360
6
6
2412
3
4
481
2
35
13
17124
6309
409
63
2
71
1
1
10
487
10
3785
11219
7250
4963
1
5520
1
2
1
639
2
11
610
10
134
1156
101
2
224
3
15
627
93
337
135
1853
45
1
32
46
3161
1
97
31
372
866
1
22
1766
558
1743
2358
3
2661
123
588
237
9646
425
7
1
5
59
234
326
81
247
2658
39
1349
1
1297
562
27
1
11
1298
568
2
6
1
11
8811
2010
290
4
1
15
17
616
440
143
102
18
10427
1
7
22
314
4
273
1
5935
1863
1
1947
3
189
12450
26
1
73
219
4
2
3
1255
4548
6
177
9
62
2102
1
1470
2635
620
561
2
9
24
3
4
190
41
888
2
351
43
1
19
25
154
702
630
822
1
34
3375
185
3789
44
4199
2
78
4481
266
1
3
170
113
19
2
52
28
12
5578
4
7
657
11
513
1257
244
1
547
12
1954
1
1
16296
2791
67
1361
2
87
15
4
21
30
10539
31
181
4
91
1846
2
1569
221
10
3807
7
1
36
1958
13
3
408
3
63
292
23
51
8253
10
23
3
3949
10
21
2
623
11
211
71
1
52
86
1
7
1
17
6793
3089
18
7
31
2
720
1143
99
2
1
107
6
63
14
20
386
2
571
84
7
5
41
5
7
11
14
74
105
1
10019
38
21
232
57
3
2
4
1
4
20
2
5
1
2144
24
366
3
10
936
18
232
28
4
383
62
12420
23
25
15
37
1
205
3094
508
801
5
1
53
231
108
677
30
2156
78
2
3
23
2620
41
1062
952
50
5
2
3
11966
56
8220
1
43
38
331
2
801
1
1
98
16
4241
51
27
9
451
45
5
12
7
1
102
2278
5
189
300
59
2
1
2
5
3819
21
7
107
383
1733
200
6
17
5
187
1
245
8
1
26629
2469
4
3
1
47
1
333
160
3
3
259
29
3120
3
15
16
144
90
842
35
74
56
1403
39
73
1953
17
1
2416
26
13
38
35
7764
9
695
1
14989
161
379
28
367
2795
5785
1
7746
15
9
1
169
14
3
2082
3353
3
2
144
62
40
523
228
271
1
22
1
171
76
1
2
9
73
7
16
11
72
3493
29
909
319
2893
645
9
1
1
5
521
30
115
466
1133
1749
478
35
3207
212
227
1
64
25
430
320
10
70
5620
1588
116
20
2
91
52
1
2
8143
51
2
2
260
1124
11
5285
4075
711
273
3
3263
278
1
1203
6
84
4
2
21
18
64
1174
25
713
2
42
12
308
2582
1183
111
35
1
246
23
2
2474
32
42
71
184
33
875
5976
1230
72
9
1
190
19
131
13
555
105
176
7
5508
5
6
3134
3
7
3
943
54
437
2
1
1
1867
39
34
1
58
462
3348
1
309
40
859
196
3
7
566
2
9
3
1188
3
3
932
88
137
1878
1630
46
303
1
16
19
36
961
861
2
5
2
2
2