13162388
1
33
171
3919
17440
1377
3
273
8
19
1
17485
1647
1
6405
134
208
9
3
7
325
23
3
12
4079
61
885
1
1991
517
2
5
1
290
3
264
455
1
2085
3179
304
64
205
1
60
751
1
2
130
99
270
43
38
219
37447
2
5
1278
3
1
13
132
1
19
53
3
2
1
1307
205
1433
374
2
224
5836
37
12
254
45
18319
1
90
14
408
7602
364
1
10
4
9602
1
5
5
42
6
4835
14355
5450
11
285
112
4077
1
53
31
169
61
984
1672
828
45
3
1
68
372
5046
3967
64
293
261
49591
400
11
714
2
172
11
359
1
35890
5
15558
1
8
2
591
105
634
417
2
6
1
22177
987
256
7
24
1187
12
164
14850
632
97
224
18
3
23
19
6
13
851
2
5007
2
2960
5664
4
924
615
1
27
10
264
1526
1
4
7
2
1
18
14
5
1
1
23
5754
60
1
5
4
660
11
61
10181
29
4
9
12
15
5
64
21
10
4735
6
219
35
8
3
409
15811
94
3936
2695
322
2
101
1
182
11194
760
24
1
4430
3205
26
17
4
19
2968
51
17
7466
192
1
3240
94
4
66
14
403
1
1843
474
4
4785
11
87
234
1
528
15310
2
16
297
100
427
62
1
8
381
32
12466
161
9
4
1
9
1278
715
1613
8
699
226
16
31
2664
291
1353
4438
2709
1799
25
538
13
24
31
7
13
214
977
3
68
3
1
395
16
2
2
20
2
646
615
2371
4
41
9
1
2
1
37
11
36
17
1531
838
1
256
329
1
289
9
5
16
13
957
1359
16
29
78
22
3189
41
679
2296
28
1
6
236
1
1957
5805
8411
48
2569
2
2
19
269
24
14
1
92
1
53
192
249
4636
6
2
12
678
495
5281
290
814
40
2005
31
1267
1437
4613
1
142
17
646
1769
2728
169
156
218
197
11
6
83
28
1
1
15
12
2235
111
553
281
61
2434
1
3
6
15
1224
241
12492
5
1471
9
972
32397
1
1839
2
44181
22477
121
1
2
115
5458
13289
35
13
122
10
69
2573
1130
7
3856
1
3
82
44
62
9
335
1216
10
47
9
33
1
32318
2036
7
276
7
3
583
921
2
1078
388
2
173
8
150
563
60
99
16692
1
3
1595
1753
30
11138
23
33
2428
41
26
19147
68
2686
38
21513
6
1
4036
3
7706
5
275
77
4492
1748
5
450
3
747
5108
33
4
15
3977
99
1
130
49
85
75
39
1
1
193
79
14
86
201
11
5584
1
383
1037
2434
2
4
334
2
1
10574
8
10445
31
1124
7
40
1364
934
3
6
784
22
11
5
692
2
615
1
1
431
8
22
2
132
1691
3
5
27
8388
2
1
1
1
2
11692
2
69
5305
385
20
3299
2419
5
275
32
117
318
12
29
13
5
1723
12
1
3051
2
8542
64
2
8
97
6
1102
24
9
4111
30
10
3
21
11072
2
7
1025
8177
24
85
728
2
5
1
291
136
140
12769
1
1
481
3495
62
1
1
347
5
8991
770
791
1864
14
7046
349
995
14
2
16
8
373
3
28766
31
63
50
2468
1
34
1
1040
94
2
53
1294
2
1063
1
41
391
56
4
269
22
1
725
1170
1064
6128
5
10
149
1259
38
3
152
365
22821
1
24
1
193
56
1
36
2
9
2
781
3
1984
194
1126
64387
997
169
3
12197
1
368
156
51
107
6
131
1
10
91
93
27785
85
2
34597
2504
4
7
4
271
5716
80
4977
3
956
6880
232
73
84
105
110
54
44
15
4743
572
3085
26
4175
503
39
2
1
105
4661
3
42
79
3753
346
138
1
4
20
5452
2
1
208
40
1
4
6
1
70
1
21
247
377
432
221
12
3
70
1
3
3
126
59630
1
1
654
82
108
4
4
4968
546
13
15
1
4460
30
257
147
597
28
19
720
1147
2
326
207
3
2
19
294
158
10113
4
10134
288
3
2892
126
13
85
35
6
1
56
2966
205
224
2
1
7
141
8
164
2
75
224
60
3
38
1659
13958
15766
2
2
9
2
17
1
1077
37399
1806
335
10
3875
438
27
38
4964
1
468
1
1
2
17
7
867
59
15
1
7362
1
4
7256
74
6981
5160
145
961
73
18
1
68
62
2214
271
324
17
1
3
38
1
13688
900
14952
651
8
29
49
25
1
8418
9
989
2618
7
8
76
2015
2
2192
529
45
124
3
2
1
3746
288
45
49
10
8
2920
36
1763
228
7
2701
2980
173
913
882
360
1
2
37
1615
7461
26779
30
13
7
1
4
115
30
2
85
684
1
208
315
1
2
6
831
2
2
70
2
2
120
4874
11
4
110
1
1293
48
6
243
2
251
1
32
589
48
1
39
202
4
676
3
1304
4
3
3
37
5
4
82
3122
344
2
366
507
388
1
55
755
5
13
81
30
1
19
102
1468
8
24
9
228
448
2932
7893
855
1
7
225
35
1
1
14
1
1941
13
5
29989
14
10
29579
2093
10
6
2010
4
2167
18352
145
4189
1008
1
1
13595
1
1
1
2
53
1662
8
1
1
3683
28
13
73
7
5
572
10
29520
767
1
2
24
6
1617
3
39
211
32
407
1
252
55
6
1
1
4057
10
60
6
3857
557
32
1
31152
1
17
2
744
432
2
11
4
65
4001
478
1
585
566
25
19068
232
3
232
37
2606
222
9
79
19
4369
21
7
1
2
10
27
8
13
27
258
188
5
59
2021
20
147
20
8
110
9619
493
2
1
6
1
18
5
3322
303
122
6024
8
6
7
12622
82
3604
2
143
2
1279
25
1
36
12
2231
6
8
1328
181
195
248
16
23782
449
16
1
319
1569
7
35
783
1
195
807
10
1
40379
44
37608
294
11
5
80
2
7
5
54
25
8
58
9
2
154
6758
54
4
5
2
406
3203
47
1
119
1
373
14
4
1
1
111
2
6
2
1
3238
173
1
3039
339
5
16
3423
1
1862
2
77
3992
4
3
23
8
1
7
21
1
8
3685
6
152
11889
9
16298
672
4377
127
1
3
2788
7
8
6299
7
1
1
716
6782
3
3
1
15
967
77
3
97
12240
17
445
1
3
9
10
1045
1109
891
1
2
7
11202
34
154
1
1
1
6
731
3067
46
7282
122
6
3
6
116
1
1
30
20300
2369
1
7
4
7540
11
8
203
6794
1
349
263
5978
15
24
327
170
5204
920
9243
4
60
44
1146
8
9
25
6
220
175
2
2
1
5
20
28
619
3
4
78
542
37
3
1
2
2
5
1
4575
41
308
1
237
74
1
32327
23858
3
15
954
75
1377
150
181
7
3
2
1
10320
2
1
19
1
12
140
14
214
12723
24
1
266
9488
404
333
11
1
1043
56
552
9224
220
4573
80
77
3
21
23
5
9899
7
4
792
3204
1
24
128
7
528
5163
3
124
12
133
49
71
1
48
27
1400
9
150
235
113
232
8
49
4
4040
15052
44
2
16
1050
28
5793
5337
88
824
6
21
13
738
1216
7
35
1563
287
8
6
2
52
5
338
21734
72
258
1
1022
8
1
25761
23
2
20
12
2
33018
1
1
1614
1
242
640
1
17
7
1213
2
27
16256
88
6
301
565
9
56
1
848
23
1
4
25
160
87
5721
7502
1
2
10
12
120
11
1
742
1072
55
11
4
5
106
868
2381
616
1
2
4
964
111
1
2650
5
6
11
6
17262
62
11
102
1
21
1680
11
134
3705
14509
1
24176
10
134
253
1
25
1
6
1
1
914
412
1733
23
113
216
7
14775
1579
2700
578
100
327
3
765
9459
1
321
66
3201
1914
597
27
5
217
184
4
1219
26035
967
13
61
486
954
1
1
348
58
81
61
42
194
60
24
7037
58
2
8
995
5
363
1363
3166
392
1
86
92
297
125
11
32283
1776
1
9
9
30
1
330
1
1
204
116
7800
2
1414
70
1138
682
8
3
132
38
2
92
3841
43
4930
282
1
1
27
8
604
1898
3
270
1318
15
949
4
101
5080
68
62
1
40357
12
10891
6
1
3159
1
1022
3185
44
15
131
33
2
31
96
604
197
683
6973
7
17078
816
390
1
10216
5
252
137
4475
1
3
1
41
4022
32
12939
4991
7626
1
18
1
3
2
2755
72
1041
1
143
8
11
4
549
1
11324
1190
3
33
311
1
2
1
6996
5
346
7
6
61
122
5097
5
330
24
6
314
22
58
274
849
1208
5994
51
1036
2515
1409
7
3
350
345
33711
24
30
305
21
289
32
1
2
2164
3424
1
2
14
1
40
737
1
30
1
188
40
6191
3834
560
1
1094
55
4
12
11
6507
352
140
5
3
212
5137
14126
14
239
5091
51
153
982
1557
2108
34
1
10
269
5
7
30344
24
6
5
2
215
2
5
1211
7667
2
441
3
5
163
2
3
1044
2
2885
75
3
1094
2
9
118
8
2
10
8
29
1
174
7
7214
22
1470
118
1106
11
7
58
1282
4
2
1
3309
49
315
29
8
751
9
3
290
24
2
382
1
887
168
37
960
1180
1069
343
1
103
4
57
24
132
1181
1
13
1
122
11
190
213
396
1
82
318
1
7
2
3826
702
3144
8
50
11369
805
6755
61
6
7
2
902
50
6199
24
1087
1
4076
2
2055
3026
49
1
29
2
5410
3
5
2
14
208
651
1283
37
1
14726
2
169
2687
43855
1
14481
1
24
38
3
18
85
2728
18
1
55
106
22
392
564
2715
1152
134
1
7
27
2
4037
891
2
23
7
30
8
735
391
66
3060
3
1
1
7951
81
43
1
1
2903
7
330
65558
1939
3014
420
60
3
16
108
575
21
12
2
265
15709
23
228
609
279
1
2
23
1117
35
2
4
1
42
70
109
71
5
248
18
9
105
2
1610
2
184
20240
2982
19
13
1913
301
2278
2
9
1094
1546
2597
2
126
76
3304
355
82
1
57
1
3
12
237
10666
7132
8
5797
123
152
5
11
56004
26
572
296
4
12
10254
32
783
577
24
3022
3
6
465
2
2537
252
185
13161
2214
1
7
3565
208
126
2
132
10180
201
754
1
45
128
1387
2
2
1291
7
2644
1
46
45
5
108
2868
333
834
114
32
2
5
123
1
3
46
2
1
38
6
1981
45
1139
27
864
528
4
5
14004
89
2822
55
2
2
224
33
5776
41648
2
1
106
1
250
1015
21977
114
10
23
29
3
1
33
348
51
26
90
5115
293
2
1
21
40
244
4
1
31
109
5190
36
25775
14
1
160
127
1812
10
5
2
63
2
1
1
3
492
67
2
13
1823
265
44
1
50
10
122
33
191
2
1
29
410
1291
107
13
775
97
4
307
2
16
18
500
3770
5
73477
30
3294
3
47
449
427
37
2
1
181
728
28
2320
7
1
2832
132
675
3
550
33
4
650
479
2745
641
483
2
29
475
269
13
280
6654
18957
2
18484
21
223
17
226
21
13
11
2
993
4
42
19
1
274
6
4
1587
57
23303
1361
18
93
4
82
1136
78
4
1
10
245
1
1
7
11831
45
6
32
6403
2195
4185
373
498
46
2
1
10
690
36
2
23
150
58
243
2681
10919
15
932
4
1
1282
4
3
70
75
630
5
6
22
3857
3434
191
1
90
5714
3244
10
1
54
9
1876
9
1667
12
50
3
46
2
17
3
76
133
1
92
54
125
54
150
1139
5
47
2
266
3
2
2543
1
1439
399
121
1
7
2
3
3
181
307
1
4090
184
29
238
22
4
5
2247
208
9
19
323
355
8448
93
6530
10214
5009
12441
11
93
24
1
5843
2827
13
88
13
1
2
108
134
27
3043
70
303
1
1
2
4581
909
61
3
7
33
4031
2
874
3
1
1
1616
23
1335
1
66
17
5310
174
966
1287
6861
3
22
3185
4
16
7302
516
2
2
684
133
1369
237
465
77
42
25863
17
89
665
775
4
6438
7
14
130
6
11
3
1
2594
8032
1768
1193
9
32
6
13
4
217
3
504
12
1
1508
8
17
2
739
2
169
7
3
1
53
245
1220
3
1
1
143
1
7
2698
812
361
12619
5173
1
547
232
3
7
2352
1788
619
1
295
93
1837
2
1
15400
492
53
1
5118
74
1108
4271
1
24
552
946
5
107
43
245
2810
28
2114
4449
225
11
6
2
1
3047
6854
1
1661
5205
2
14
3
2
23
1
2392
4849
35
3568
49
17
6428
13785
1
7
1
1
41
18
1
318
87
923
269
272
267
4425
99
1
2
62
1829
3
970
193
3003
1
1
1222
8889
13
7
651
43
46
1
217
48
367
1
12
2932
108
13306
31
8186
3
279
3616
151
1
48
30
9
2
1
341
36
6
13
145
2
4
258
5
13527
7605
1
5
34
270
5
926
47
3
14091
1
7
2271
1
738
34
1
20596
778
419
142
2
79
21
2
29675
83
196
156
3
72093
134
522
18043
1371
8
30353
11
668
30
64
4185
25
48
2
36
50
936
1
44
12982
2
7
31
1
54
13
1106
697
458
20
590
191
162
7
114
2242
2
4
37
31
3
6
20
41
1
165
5517
1596
21
1
3
1515
2
70
420
1
68
33
12
65
12
14
18
121
2991
1
1
4097
23
1
1681
32
24
634
3
1
18
2806
312
5
59
82
1
2752
343
2408
36
6
1
1267
57
1
259
46
5979
294
878
207
1
4094
8312
10
602
8
11
3
31301
527
15568
101
4
1569
2
4
22246
446
5593
69
344
231
2
933
71
8
22
523
3
6
4
118
23
6
6309
9
108
1534
1
60
6212
243
5
604
1406
11
105
14314
4
455
10724
1
17
4669
131
21
2
3
1
31
1
4
14
1269
1
903
24
117
1
96
9
7
22
9883
3867
3
891
4
216
7
663
1
3339
1
162
10
1
619
13
791
2
31
28
10
1
10488
2915
412
11
17
17
223
2882
11
7
33
33
46
13
5004
110
3
22
8
1
3
2
1
731
17214
11616
323
11
194
4
145
24
9
17
39393
4390
71
87
166
12401
1402
3022
58
59
2
3
1
3
38
195
45
58
11932
5374
2
4
2
4
10
154
500
1
2118
1
2
2
239
24
8
6
2
1
57
14
1
1
30
1
550
695
163
1
8
180
28
7030
58
1487
13
3
137
271
2
18
7
13
55
67
6
57
2
5956
5
3
18
16
270
1007
1
25
19835
1
1638
122
3048
1131
13670
431
21
1
1
2
318
2713
4
1
51
5046
4
3
17
10
2
1113
1
30
2631
6
81333
375
75
2
1
98
1450
38
5
14983
276
5976
2466
3341
1
900
39
78
13
16
1
408
1
3
3
234
1
26
116
1
8
27
298
6
6
11
3
6
2
331
1
2
9476
6
3
3
1521
18
2
9
109
1317
89
3
51938
6
435
74
93
3766
1
5739
35
198
84
23561
34
539
239
2458
5
6049
81
2474
1022
158
329
5
16
346
2404
2
6
2
5
3
427
36
2064
2812
6794
4634
1
782
534
4
8
154
1
7
13
41
186
58
4
2934
26
10
85
3181
1065
80
179
1
381
1
6
40
1182
273
1681
19749
10586
95
8
828
1722
1874
7
784
6184
1
3
979
636
11736
2
6
650
314
17
3
5653
10178
7
7
93
1
2
15368
52
3
3
1
11262
6723
24
194
2
1632
39
7
17865
34
151
1234
1
22
20
2
659
50
2
4
20
7
1349
1221
1
3
6
1
2
1
13842
4
23
2
2
936
1
2
567
383
2
132
1
23
9
18963
6811
18
2240
36
3
864
3
3
1
1114
2
1050
83
1
8
20
2
2
1640
4
1
2
5
18
24
1
317
680
355
1192
110
4786
14
3642
27
9
2
7
23
1
14
1019
1
4
5
3981
8
5
6
1088
75
2282
4
18
248
29
2
1205
61
7842
7488
37
187
16
1
226
33
1205
35
6
2238
13
9
217
1
375
1
5
7605
1153
30
2
2
34326
12
27
1
49
1
3052
201
2
1
93
128
8
4
7
274
6712
3
1
1360
11
1290
1139
40
12
10
1
2
931
81
48
23
198
1989
949
42
13
2
723
1756
172
6
8846
1
28
431
1
6
8
43196
5
5072
5
1
23
1
2332
137
38
44804
267
19
2
4848
2
32
1369
121
10
84
27
8
113
33
513
1
266
727
40
76
5
6
95
77
40
155
44
18507
1
2
12933
14
181
30
12061
19
489
6
44
8122
214
2
2
9787
977
36
8
10744
1
25969
3021
1290
1
47
5
4
1277
6
38
49
32
76
644
68
3
149
4
3
67
1281
5
2
22
4
1
59
20
147
72
186
1
920
3
3
5
1
139
11
36564
7
104
10
19
49
13
6794
1
2
4
1
547
513
4
1
7
22
1
16
17022
4
1784
2
426
8
162
5538
21
2
4
1773
1
8
1
5
34
25
2993
738
44
120
1112
67
30
6
73
4
456
9
3
66
28
319
157
1
1
967
4820
1220
1
1
5657
1
2411
3109
1584
713
10
7
38
17
136
1
691
9307
3
13596
3
41
143
208
67
306
11088
823
9
1566
2
4888
58361
3
2
190
34
1
15
3
11
16312
1
481
1
4
264
238
78
51
2460
12543
35
1796
11
1
96
18
25
5
1
27
221
1415
27
39
1
3
1
13803
1
47
1
14
1
45
29
3
2870
39
2
1613
1345
27
4682
16
2
10
3
110
1077
2
5
86
209
4837
494
986
1542
5
43
29
24510
121
5874
2
128
5990
133
7
1
191
17
1058
1012
1
11
32
21
5058
128
20
100
191
129
1013
3
10
1
1417
26
15
1212
8
92
21
1033
34
20
38
3
6
36
865
208
1
210
8
277
3066
11
23
57
12
17
10
16888
12
1511
51
413
8
358
1
1
1
1
1
6
4
22
4
6
79
1
1
2
8198
1350
955
94
3091
162
4
462
17
22
142
5
1
5
7
2
2
322
5451
21
71
440
119
10
163
68262
19
465
102
1
17
3
113
931
9
1050
1
32
9508
235
1103
2
307
1192
22
5
208
2758
1
1039
2794
4808
1
4
3
56
4541
66
44
2
3071
399
36
1
330
5
1
127
2
2
7
1
16
1
1
443
3
31473
172
171
42025
7531
3
2
14
156
2350
536
1
1357
1101
282
5
153
2294
2
8483
9143
104
44
204
21
2
190
233
2
316
3
4
2330
828
6
374
1706
1070
372
48
450
10
48
73
26403
1807
108
1429
290
10128
193
385
216
57
29086
5510
2998
14829
229
36
2113
3
6
175
6
2
4066
3
132
58
172
8
2
269
24649
582
2
12
1
185
21
36754
42
1
9
2500
1013
22
2659
796
186
348
2606
257
1
1908
146
62
44
94
1
5
54
584
637
14
52
6755
39
807
9
2
8356
4483
3732
4
3
5502
7
411
4895
40
6
28
135
7
237
1
2
326
5
569
81
25346
3
1
21486
3
1
29366
221
1
1
388
153
2
14
22
1
1049
41
1
139
2
5
162
45
1
2
974
1421
1
15
1239
11
2846
9549
52
12
5415
227
1
3
1
312
1048
11
3
24
3
934
70
2
710
55
7897
3
5
2
5
8
637
8633
1240
80
3
817
495
39
3747
8733
65
3
285
11117
2
325
9
199
1026
11
21
10
23
308
9
424
184
694
13
44
1
5
44
138
1
127
113
255
8
424
6235
152
31
5
2
640
19
3
85
1988
8
2149
3297
7115
1
3
159
1
3799
5
3
1
3257
5
23
6268
450
13
3097
62
3665
942
3
448
4155
158
5772
7
935
73
487
360
86
1131
101
1
525
24660
560
2
2491
457
1
15
2
23
5
141
2592
4053
170
7
2579
1335
6
22
1436
1881
1
23
302
3
13644
157
3134
1
9
4
631
3539
5
2402
9
49889
8
1
7
147
1425
887
1
1
13
1
3
1
733
13
125
1
79
3
3500
7
342
7
4
18
367
1581
819
1
535
1
2
6
7953
500
5
377
3
2
38
12
1
101
1
81
12
1
204
10953
9927
10695
11
3
221
771
26
1207
4
6
83
1
4
22
3
11
2574
538
43
1245
162
13
22
1916
903
258
6
2196
53
219
4
1
1286
12819
338
42
2
207
2105
1165
4
7
1485
2
68
148
6
6
3
1
17
2
1852
1
16
1
19421
4
73
1521
4
103
433
14843
18797
3
38
785
28
2
80
8
105
198
145
2
518
5202
15
243
60
5077
2
834
9
7
3
4
1
1
1631
3962
34
3463
1
211
1
45
12
124
6
592
4
180
1
497
4
8
4
2402
1031
69
1
184
1
351
330
18
12
193
10780
2
4
4
1
17
7
1912
2
2
11
3415
293
1
23
75
25
1446
1
10
126
4
1
420
23
2
22
2856
11
2982
6448
223
3664
1
13
67
8
8
25192
9
52
142
1
178
19
3
23214
29
395
1
1179
88
3
1241
883
1787
34
12
9
8
4
14
2
2
182
891
4643
518
1
2740
1
1
12
4
129
879
413
53
3967
44
10
1
80311
72
3701
3
4
470
5
687
12902
41
6
22
2
1
274
1419
1
11375
14
2
69
2
24
26
178
2
340
164
5
738
1486
595
2
453
2
639
50
13220
1097
1
1
98
495
4
14
7980
75
6
4
25135
31379
4
95
1932
124
625
91
1
19
69
8
5
2965
2
731
5
1
14
7721
10035
9
5306
2
118
117
2
46
8
106
4
1094
35
2
8684
1617
58
114
2274
4
84
154
2257
84
1795
1034
1075
14
13
362
72
2
2
20
7
2
26
235
3103
1269
7
2
2
7
2026
5779
2624
4
1224
3
122
5
232
10
49
1449
40
11
45
16
3
5
8677
1
263
7
2717
5
1
305
673
1
10
841
15
219
732
21
1
2
1277
3214
5243
43
10
10
210
8
2286
3376
89
1
25121
2
10
63
5
3
1020
2958
216
3557
1
1
2
381
1
1
7
5929
7
4134
2
1804
31
4
2
1378
5661
758
7984
1
11
2
171
9
625
37
2241
289
11
23855
1
2201
904
10664
6
4
2
11
305
22
10043
661
8579
10829
16574
1019
3542
1
11799
8
1
1916
246
3
3
12
7700
204
304
4
3
1028
3
6
86
22
183
19
1
546
7929
1
853
245
76
5021
1
13245
6133
309
5
5663
400
108
46
2
26
8
945
72
14841
464
228
114
14
3
2
368
10
10
17
708
121
56
1980
3
12
106
13
1
34
15
1
221
642
1220
83
2
2045
1624
2
1
6
1
1345
1
14
140
24
2
1
11
42
1768
388
16
16
46787
53
1
10
10767
948
92
282
54
412
50
397
987
3191
1295
6
1273
7
2110
19
5
2
109
1
2
1
964
6266
271
33
4
11
819
972
4
797
90
1
60
116
32
867
2
3955
522
1459
273
2
68
328
1635
12
9
23688
129
115
10
787
1364
1806
623
1720
5
102
1
10
1
29
1621
147
1
11983
165
1
3
59
33
72
22084
445
71
858
6
2
1794
1
57
10
398
6660
26
293
16
2491
2640
1
3423
39759
27
13
296
2
4
4
1
182
8
1
538
1
6
17
3
18
83
1449
890
17
13
2
5
17
1
1
1862
7
2
613
1
13
700
3
1
1597
2
55
695
15
84
7
5692
7784
48
14165
350
175
1
1754
22
61
10
3
349
1
4
1
3
22
1
3419
2
2
7677
40
4
81
337
1
255
8494
23
4
119
1
9
1892
3629
18058
6
3747
3
2
1186
869
6
1667
4624
20
1572
4257
2
23
5907
5985
89
9552
66
32
8
16040
17
1
3
276
57
1
1
1
87
905
164
11
305
1
3
123
16
33
2
27
1
115
3
1
9007
3021
1
32
1
3
610
38
795
2462
2509
7124
13
1293
267
409
5
1
459
359
17
14
17346
166
1349
23
24
1
24
5
398
84
14
23633
53
886
11
69
5606
107
8517
1
213
2884
22274
1913
1
3
1849
583
1
2
1
4
7
13492
286
204
265
1
229
243
1063
71
3
6
24
72
4108
3790
214
44
1
68
1
2
21
222
6
12
412
9
1
142
25
2
286
31
1
3
215
4
111
151
56
26
1
4
1075
3
203
522
167
32956
3
1
3
7
22
18
1
6629
1
1
4
107
1
14
62
409
9
87
7509
1467
165
3
3101
47
142
12311
1
911
5726
708
305
2711
1
13827
6
1
48
17
188
95
14
7
1
5429
2
390
875
33
125
27
18203
127
525
2
535
152
80
4
73
4
17
162
9
468
84
6
14
14
38
87
1306
5
10
2
4
4
214
77
3794
1703
5
8
12503
1
10
4
756
1
106
155
9
1
266
1
3
6138
9307
1863
2
392
25128
4
1277
2
2
1
819
110
5392
77
362
1
13617
19823
22
57
20
8946
1674
12
7
3
3
446
211
6
234
16
376
7
76
14
3879
49
2
1
3
3365
16987
353
35
7
696
86
205
1
73
9
3727
838
1762
3
44
7
114
23
297
5
4
5
491
3
15447
40
337
10
257
288
69
2
12
400
35
2
3
12
1
340
4
105
1397
52
47
1
2337
14
107
80
3
5
11
25412
1
34
26266
9
9
43
544
21
13667
11918
2
13
9
1
24
91
5
6
35
90
4
8817
62
1867
24
59
2575
28
6
1
563
3776
141
38
1
44
3
71
4
14
34
3
2
1064
134
3
3
90
4297
1
1
19
1
34
39
1
23
3
2
22
218
10
1
22
114
11
1574
1653
5375
49
7995
325
265
108
4
1
16
344
435
3524
30
1
110
71
7615
133
3
3713
500
5
318
1
6226
1
3463
3070
1
2336
21
2219
24
6
63
24
8
1
12286
43
67
1
4875
1351
4528
864
5
195
672
311
539
285
1
80
39
480
21
2
3115
18
1868
5
11423
120
5
1176
1
1
1425
11
16084
48
31
6035
1
1
20995
1
255
18
1985
3946
456
189
496
103
25
214
1
12
33
2775
3
457
131
1
1
66
16
7005
7
5
9
30
126
110
1
15
10
50
12
15
2278
29
1335
279
8
44
7471
35
129
98
1744
1
13
5
21
18
63
22
7
14
1
811
2
21
6
31833
1
1
1
2
1258
909
1
6
8
42
2
36
8
15762
3932
5
451
13
128
4980
1087
28
706
23
2421
161
41164
2
439
61
1
14
1
746
1
13
1
1629
7389
406
622
40
8
1
2
938
3
61
3
682
1
12571
12759
483
1
9539
454
4441
1
8
1
4
1825
1572
1745
2
359
249
23
1
103
33
11
147
6595
415
6
37
5
3
1168
1
73
1
1388
30
8
98
1
3
11
133
1
1
6268
259
13
400
360
2
47721
8770
2
1
8111
2627
30
31
7
2
262
2
58
31
1
1253
2
14
57
3337
9
146
751
6532
24892
15
611
9
18868
41
2613
7630
2
446
1945
67
18
12
195
42
3
15
27
782
2375
2
386
824
61
2
2
32
2
23
4
5865
3
1
12
114
3
4
248
3
332
24
4
41
51
145
954
5934
67
219
557
2335
2
1
92
22
1
8324
14
151
312
7
2
13
4695
373
1
1467
542
5
10
6
4
2
5811
2282
2332
5574
20
2
1599
2
246
248
10
30
3
30
2
1
20
1999
3
959
1
12
5
375
1459
7
140
5
1
92
415
3840
974
2
1
185
1
135
5
419
1
1664
1
4
161
371
5288
6
2273
5
2
688
24880
3
8617
3
2
1273
5
21
30
1
50
36591
16
45
7
1296
1
1
22
300
40
3
387
17
9585
9
84
13
21
13732
3
76
1
501
9
1
137
1939
19097
308
43
1
7179
1626
525
229
6
21
211
1
3
17
111
4
2318
23
892
33
2815
15
1181
73
6019
2573
1
12238
230
2
4
27
15
13413
3
3296
1
78
2
117
354
2520
1
1
13
6
27
2633
4
3
26
119
6
694
6543
4
7
29
5466
14
3259
6
1
1
6604
5512
55
53
6
335
438
5
214
2
38
5172
119
339
45
176
175
3
5237
25
242
68
126
3720
4741
2
35
5
13769
5
5
74
261
4179
2610
17397
722
43
1087
47
1
191
176
550
2806
683
347
3
20
44
2960
317
4392
2573
491
16
15
1
34
4
1693
2
458
26
3
5
18
16
69
151
72
88
467
187
44
2
65
56802
22
20
128
10
658
788
493
105
362
1264
303
5
1
30
1
183
2645
759
13
637
147
26
76
1
35
20
1558
5
143
1
127
39177
195
6
1
1
7
5
212
38
68618
149
10404
9
5
1478
182
144
42
184
15134
18
1775
83
4
9
5
59
1471
169
117
1
78
34
18314
558
22
1
3
11
9686
11501
4156
2
21336
83
5093
6
13
2
50
22
173
27
1
3544
412
353
2
67
6
2424
15
12
5
1
2024
2269
12
1
2
6
2342
173
14
3
2
69
45
91
3
474
6
630
288
47
85
1
42
1
10
22
2
3898
1
26
2913
12
252
79
17
42
958
1010
25
4
516
6016
16
1
119
1359
113
6
895
2328
51
24
133
12
7717
67
63
83
48
34
5
155
2
1
12177
9
2
837
1831
13
23672
78
1
9
2061
1
1996
25
7338
3
1
797
478
2
8716
966
38
1
33
4
6
4
246
1
11985
199
4
965
408
513
28
153
28
17
820
65
20
1
50
100
94
108
16148
735
3
1
106
465
17
2837
4809
3
4
6
9
1176
4
2
5
154
11
3
157
30
31
7
1178
7528
18
2
2
3376
3856
5
20
4551
7
7
1
3
1
198
37
29
11
3
4
781
23
1302
1028
27
4137
3182
4190
168
293
3
13
6896
271
19
756
2
456
53
5
1
4754
132
48
10
6
1
24
1
128
1139
1
3685
65
1111
12
1
7296
7
19
255
4
4987
45246
3
1
631
9
41
6
41
644
1446
5211
5
1884
3
3
290
6350
17107
21
1035
488
2120
1152
6
84
1
1
375
20
62
6
2977
223
18
51
13
1
416
10
3
326
7
259
1
207
63
1732
4
11819
7
17
5738
15
15295
1
1
18
944
3
1
66
1416
41
5083
31
11
5673
38
14
100
87
5274
474
33
22
2971
844
721
6172
1
3424
50
5
4
54
263
857
1165
3
116
70
7344
2
42
3
901
8586
3
10
12
9
19
511
8
71
6
695
13715
2
11453
2530
1
2
5652
1
13
722
268
27
1
972
2
14
146
2
216
814
691
2
1530
1463
3009
475
1
95
377
4
2000
76
36
29
296
41
87
13
699
49
19007
19
2112
23
10
9031
10310
7650
9825
2
1194
1
1
4
18345
1081
3
94
3
30
12
9760
9
49
7
166
11
149
35
1
5
124
2
29
1575
12
4057
66
10833
2390
2054
7459
5
214
14777
1267
3
26
1982
151
102
123
2238
2
12434
29767
39
1
20971
5960
13
2
258
46
581
70
169
1
7
117
43
30
13475
10
5310
45
7
12
38
13499
95
928
192
14
95
26
200
609
3
21
1
127
5
40
16
28
15
4598
3028
3
33
2
3
202
4
1
882
4
17
31
488
3
10
1
3251
1300
22
13
170
101
4
454
3
104
7
329
468
3365
83
3
131
6
2
6
191
59
2
632
2343
136
69
1
7297
1148
62
1
2
1
4
269
26
19
107
40443
2395
71
1227
2
29672
4
4
6
51
1211
6791
700
221
86
82
34
17
39
223
112
771
4
204
1
20
2097
6503
2
29
63
19
9
8288
1
9
376
610
2
340
1951
24914
370
3397
1
3
1
9
37577
23
12427
18
4
27
513
2336
407
2818
1259
11
11
6
14
11
34
8
1
22
3347
40
60
7919
1
29
2
4
2438
69
3089
14
58
87
8
626
333
12
79
2035
1
141
17
489
24
231
1
814
838
6
16043
3922
1088
6763
1520
7662
7
220
1
1495
5
63
4
2191
608
2258
129
5671
452
1226
1
2
194
6317
4
569
5319
1
57
2
1
7
3
4
1
17
35
1218
594
15145
26
140
1
68
31
2
454
1055
15
1312
109
14136
348
2
6
12
200
37
1051
12
1
63
148
5635
6175
130
25
8874
6
118
2395
1
5
85
9
93
4
258
2804
2
13
1736
476
9
25
2
1114
27
1
497
2
298
3
124
4
2040
3776
26
1
3
277
46
6711
4560
52
24
1
4
1
14
105
3950
3362
1
6
2
8
7322
3
62
25
108
127
56
12
18
4565
1
48
2
12
10
113
2
11
19
13496
2
2
6
1
27
319
11
85
1918
41
1680
170
6
2381
198
3
721
11
8
11
6464
12791
1141
4550
40
103
150
560
1445
33
68
1471
2
260
1043
148
61
261
5
43
498
3264
1
571
2
769
82
119
8
1
1
18
588
79
9403
2
103
1362
4
1
3005
1
3
153
18
6
2017
1
90
4752
5994
529
8
5
360
8296
2
7
472
4829
469
11623
1161
48380
1
801
236
22
27
11
1864
238
3756
718
1
1439
23
3
575
24133
16598
77
8
1
14902
7189
195
6
1
2
41
2
5
2
46
1197
19
2
107
105
1157
29
34
9
587
1
666
22
40
2
2128
1
2
5
10506
34
22
81
3541
1918
8
7
66
6175
15
132
5
8
1
2
134
9518
2
16
9
1
2
2378
28
1
1
38
15
12548
25
14
15604
2
25
1
104
1
35
67
5
2156
36
5
4
1353
2586
270
2075
155
10
11
45
115
2465
2237
44
909
2
4
347
53
1385
51
1102
299
7425
30740
17
3440
2
575
649
12
1973
11
8
17
1916
6
1
145
35
189
4
13129
29
9042
26
7
60
11
1
65
3
10866
82
1
1853
2509
629
1
7
283
5
207
2
5527
2
7619
2220
75
49
133
2080
2364
37
1758
1
241
36
176
695
148
141
135
5
14
4278
4199
7
8681
15
5
1365
165
2
2056
25
5181
585
52
78
2887
7469
918
12
11
7
3
24
1125
105
31
7
13642
1
1
1
9792
139
193
21
2
27
2
131
325
37
7218
7
13
123
2
1
1
5545
2
17
373
106
3
2
152
1
3
3
34
178
117
6
145
1
922
57
42
8
140
1
1
7
11273
1
41
10
18499
3
2
116
10
27
7
6
3
1
21
9
862
7
3
192
5024
456
584
1043
67
4
2
14
1
46
2
1790
6
2117
1
5
3
114
2
130
2932
20
69
7
132
417
854
1
238
12820
556
142
74
10
269
1
860
334
4
27932
917
13
11
216
16
147
10
5
360
628
582
424
196
94
27
1
1
5623
1
31
12827
60
1
2
11193
24
27
3
4
253
1442
3
1344
5844
127
1481
5
23
2
278
103
132672
32329
1381
206
2
4
173
3
3
1
475
161
4
40280
102
42
50
1
10
555
16
47
104
530
422
158
247
89
1
4946
28
36
3460
10
62
17
3433
10
12
54
2000
1
67
6
103
1168
1374
47
7622
10
1346
2978
41
6
639
425
1681
34
460
1
1
11
23
1546
9752
12
946
1
1
119
248
125
36
59
11
3
1375
321
89
3310
34
662
3
4443
14
11445
1113
105
11
5
1
19
11
6
577
7
1
2
75
91
7
3879
9285
1
38
6
1660
1080
120
3299
23
2
2308
2
8
75
2
413
16
34
220
5
325
23
6
30
2
2059
1
104
17
2
19
1
9891
65
5
42
30
3
20010
3703
6
10133
2360
2761
11
10335
31
1287
55
126
248
1
6
1
1
41
28
17
2300
2
4716
662
19
34
3028
37
13
1962
483
5603
2
2
213
201
24
2
2
4043
14377
684
21722
5664
1
34
5195
1
8
18
16
10
12
891
2
8375
3
515
1274
2132
163
14
563
18
669
4
147
1
5508
22
88
474
8390
1568
28
474
2
42
274
276
412
60
272
1
2
138
2
240
13
320
2
11
151
4992
4331
457
356
1
5607
37
23
6
1805
13270
137
2
240
2301
3
1892
3
6096
6
138
792
178
6889
9
32
3
264
2
22
353
77
383
7
89
89
2006
6
547
1
2
143
17
386
2
383
269
3459
56
38
51
10003
3014
6764
18
5
5
3
177
97
41
51
1
56607
1
39
30
145
25
3
17
1
4
24
44
22
3040
1112
27
4
713
10367
23
61
280
1
41027
32
9327
19892
4
1
1013
247
19
1
19
9
8582
173
18030
2117
12
15
41198
10
1621
24
2
17
15
103
60
773
12
18
141
13151
1107
1215
1
2
73
1
110
1468
690
31
6033
3
4
3
3
21
170
5
1357
8
4
1554
29
3
4
20
39
5
1
2379
3
1
84
1
94
5
7
2
12855
8
5895
1
41
13
16
545
640
1
417
21
2102
16
1829
3
15337
4
3
1
599
9
444
3
2
30
3
319
4534
282
1
1
339
127
432
6
51
1
5
1
61
302
123
10820
5
43
9
4
37
17109
17
4
1
16
9
2028
214
4
80
96
2419
62
10
4
233
3
335
6
6049
187
4
198
30
22
10
2
757
3767
25
502
80
5482
6
1
33
8
198
1
1
1081
1308
2444
7149
124
3
37
27
12840
685
164
8
2
7
1
1
2867
50
444
190
545
2
218
27
1722
19833
2
10
3
3
7
1
1880
664
785
35
6
4
767
1
2098
48
686
6
7
25
236
8
1
10695
88
427
15
673
8
11
26
26
1799
11359
9
8
8
1
7
389
51
1
26
2
10919
3946
436
39
33285
1889
2
4625
2
34
4
1
1
1
9475
1
326
11
1
17
35
1
9
3026
745
6
5
35
16
21264
7260
621
26
5203
55
59
2
160
7
293
8481
4
143
30
64
1
2987
21000
10
10257
1535
1273
1837
2
2
7
393
556
6550
27
6240
29
1
6
513
3
94
171
3347
116
190
1
1
77
47
122
1273
2140
890
114
30352
41
3
48
864
77
64
32
12
28
474
3
435
16
37
7
53
64
3869
2
1
343
559
42
5
1
10
69
4170
73
1458
1
5780
128
6
13293
1
1
23
8115
497
245
4660
1241
1
1
101
11
6
2153
977
11
386
10
2
2
2
10
16
1
6174
103
5
1
18
18
19
6612
195
46
53
7714
1
2
6
1
12
1
1
77
313
783
12
5
192
332
84
2
1
31
24
15856
161
205
2260
1
403
1
12
4784
19
712
9
3
3
29
1717
1
3
1168
115
54
403
6
9
1
25797
5158
1
62
96
5719
369
43277
5839
11
194
1010
5
4
80
117
66
85
123
162
56
4619
1
10588
174
2
10
3
5
8
3
21
1
146
1
4271
1397
2
1
870
19
479
9509
1
8
3
4
110
1
3
1
26
15
7
4
1
1
347
7199
17
3306
1
258
1
152
5138
2
4
58
42513
2
3
3
2
596
4551
9758
4
261
792
860
4
1
404
7944
104
4512
217
20
7539
173
4
25
1
5435
5
1
837
91
2
162
41
47
5
1442
314
13
5
3
25
245
18
2208
1
12
3348
638
897
2
6
10372
46
5463
501
746
11
7
1
17079
31
22
110
216
14
196
863
1
9
6
72
45
9849
1206
3
3
2
37084
12
4012
1791
1
12
2
11
2
40
46
1
4
3
5601
205
4197
404
461
204
3048
11
1
1
13
135
5
1239
2382
4403
11
459
2
3086
1
3
895
7
7
2
13265
1583
28
63
3
125
1140
2966
99
579
6
19
330
1
6
67
9
1014
2
108
5
1714
179
2
547
2
88
169
6
12145
490
162
14
913
1
29
3007
8
2
6
304
1
680
510
23
2134
1
2
582
239
806
255
7209
22
8
1103
10
23
210
1301
23
71
3443
3
2
3
2439
1021
2706
54
24
4
1
1
1
1
5944
240
822
3
1
59
9
61
4
1
504
418
14
7902
2
377
14
1
2263
2
1875
3
11055
9979
8
183
5731
1
435
6561
32
2
1
26
1
7506
2
214
61
433
4
72
3
297
13
1529
8
7061
1
149
1
24
110
16111
636
2951
1
5
1
29
55
3
881
6
58
15
28
1
1
1
3
288
2
30
13
4
1
9
7
4131
1
46
2
1
3666
1
2551
1
5
2064
2314
1
2399
16241
21309
12
60
26
1
1
95
2645
2
9
1390
14
14823
1
33
1078
914
1245
16
27
379
1
1445
281
500
28
2049
7
423
286
712
4432
6
8
56
2321
23
653
1791
1261
1045
2204
193
6
4131
14288
10
1
11
19
19270
29
1373
3
1393
29
13702
123
91
79
190
433
52
7
203
4926
1
1650
1
24
1
2
567
243
1
13
202
3054
5995
1
308
19
5666
4
215
1
9
1
6
2
21
22
1
48
5
440
2
303
3
21
1
1410
2
220
9725
99213
18
405
6921
5526
5
2
9
14917
1
2
172
171
1965
15094
2
10
7728
19
6
19
6
5
1638
1909
35
49
4
1649
138
2
1
17
14
1
591
1
3
638
1
15
6
1
474
13
14
311
5
4
2
13
7
151
420
568
91
155
6751
2
595
381
9143
1924
24
90
65
413
5
9
1151
167
39584
4457
17
863
227
8
87
991
47
99
13892
42039
40
1
24
5
3
642
178
106
20
24
1
3
3
4406
16
961
36
553
778
5368
131
440
52
10
2
2
2
1
2
80
9
1
233
2
274
1
684
2
43
11
137
1
1
22
948
2443
78
13
1
15
42
7
22
965
786
1
18
35
476
3
963
1217
36
3
3
3438
2
9
115
18
1
160
13
14
102
14
90
2410
1
95
466
6510
72
242
22
10627
37
64
241
24
14
8
4
8
8
38
17
665
5
8
5
9416
1
10
1
1
62
8
1
1478
55
1
4
20
11
92
4
1396
9
845
24
3
33
69
915
331
255
23
8885
763
2
6
40
2
1
3
1
1
2
1
9586
1
8
27
78
36
19187
25
58
194
2634
1
1
53
1
565
2
272
43
9
787
3108
9
460
3
10
1
554
1154
203
585
3
2096
177
42
20519
4113
16
228
12
49
159
10
3
4
1
344
5
1
3666
3
3
7540
1
5441
17
2183
683
11310
4
2
153
60
11
93
627
1
18
2
1645
10
555
101302
866
29566
4
8
1
42
10
2
1505
1
40
241
1
28
2
43
26
2257
1186
232
3562
14
1
1
3
3759
1
1131
1778
405
4180
4
367
672
66
1235
1
1
3
1
1365
9
5180
830
32
1
262
30
448
35
33
4
935
6
64
1016
2
57
1668
1
25
1336
42
3
2
77
5
6
172
22
3608
2
23
1
25
1742
1554
2297
9959
2832
148
10
32
7
2
1
5
170
1699
21
11
156
26
24
431
1
8
3
1369
6
1
4
6781
14123
2
523
2
985
13
1
3
210
166
1232
1
35
748
16
2
4539
218
27
25
1
457
10579
2462
86
361
2
5161
56
58
8507
113
96
33
363
8
202
72
8660
50
33
7
2178
1332
2828
8
108
1
58
3821
1
329
544
4246
6784
18
2
5474
1
5
1
1
5180
721
278
2038
1160
4911
20646
24
1206
129
1
23
88
1
1
26
97
17
5
1
2
153
25463
2932
24
19
1
26
107
8
1
51
5038
88
2
105
4
16
3
541
3
32
1
31
56
5
11
136
121
1
15
1
63
114
8832
1
295
6
29
166
18
7
1392
15
14
16316
4
538
149
31
8
9
38
31
2
2
572
209
2
513
2
19
3509
13221
2
949
796
365
10
5
477
19
2
3639
1
4968
1
1
3
68
2
4
1
4730
15300
1264
16
3
2020
301
1983
2167
5
773
8
321
187
2
2
104
29
4
123
1
104
12
1292
5740
73
2381
2112
3189
18
1595
118
6
3587
2481
365
567
2
4
74
229
17
1
70
6
69
9
2
18
1
1574
3454
1
20
5
1643
1
2
10429
771
17841
5
46
27
11
1
1
252
57103
1643
6479
3
1
2
39
412
5
33
1
8
1
17193
3
4
2
3
1
28
22
6
1
1
171
53
16030
177
44
21604
235
607
215
3
2
3
44
285
1544
58
115
2
38
1
6
1
58
840
8
11
9
3
15
136
16573
36614
2
2
13328
243
3
536
158
302
3343
1082
56
7
7
40
5
12399
9
15
329
2944
1
403
2
18
79
2
131
294
9660
1
27
371
1
8786
37
57
168
95
2
3
8
8
1
34
1096
1
190
5730
5646
9
1
23
4
1
1
130
100
60
67
11
11
1
17366
1
7
751
1
20
37
194
53
382
17
2699
1802
535
175
2
349
147
1262
33
3107
214
47
125
10
86
8
2001
4239
1
31
7
11
14770
2047
5
2557
4
1490
7400
9
13
5
52
2
166
10
1
292
1
587
33
7
943
14
142
4209
2
21
11
2
22
21
114
6
6
4
6381
6
1
12
5
50559
1
51
6
3
16
169
3
53
339
1
265
18
831
642
55
155
4
1272
1
445
1
31
3
12
25
42
1447
1
279
4
128
3
3
1
1
1
232
206
1
1463
167
21
1
26
61
2
23
22
2987
5
1
12
23085
34
3
30
1
13944
9288
3
54
9
68
291
11
2
5861
4944
3
1
86
11
2
10
5
6300
10
5
14
188
511
243
1
386
6308
7
32
1
210
2
1
32
4104
110
17987
210
2
3
8765
25
1
18263
4238
145
2
13
21
3
3043
5116
10
69
32
7
2
4019
718
26
556
17
3457
142
87
1287
10
2679
5
5
65
3
3
1293
313
164
23
1
2
16755
1
6
65
288
459
5
60
1
3417
5057
4999
1
603
101
805
39
1013
28274
1012
108
13348
708
2
1
220
1537
10734
2
4
243
2321
1
3146
1
5
30
36
1
2930
22
4
5342
4233
4579
6
14
16120
12
9394
8
1
90
1
11
52
17
102
2
5
17
26
138
1
614
53
3
14
12
753
167
25
2798
18
15
94
316
21
11
8172
98
2541
303
13
725
4
5
33
587
107
6
155
11
4
62
10
7
86
5
143
9
1687
7958
65
15987
36
14
187
109
14125
7
19
1403
102
6
1
53448
16
443
1
50
3875
36
1
1
883
443
4
2
455
19
73
4
3382
720
783
5
417
16172
2285
267
331
544
1816
4
460
31
297
2808
1
10
51
436
205
20075
186
2002
15788
9
5
8441
5
418
29
9
16
27
8265
71
354
600
14
1
37
6690
39
2557
557
3116
35
341
7568
19
21
1
3
8
2
3
1
805
1
50
11
333
2
115
2879
55
206
1
4
10
301
343
130
2468
39
1
185
639
239
85
329
14
85
41
3255
98
4
1
7
210
842
4
1334
3
49
20
197
2
149
158
49
3
333
1
113
1
1
2
540
120
72
50
1
691
164
1
52
102
913
25
1889
2749
4
23
14740
340
3
111
2
98
1
409
2293
6
8
683
4
3
3
2
2
42704
128
5358
1108
61
6
1
1133
18
318
12
6
7
3
1
481
131
7
4
149
33
74
1
91
5
42
23
3
1167
14
1
186
2
36
1441
675
902
809
3
6
4
82
87
5
36
45549
711
490
8
22090
1
17
170
141
570
776
22
21
39
9
6
15
1
15
1
7859
923
13
111
558
14
1109
1
2
1112
1
32
2
77
3
1
8
450
37493
3
30
18345
12
802
51
19289
1
7
23
1
1
3669
6999
92
607
79
15920
610
219
1
1
129
46
1
47
3
17
1
6
8
25
4901
3
4
5
4
3
12
423
97
103
1710
4779
23770
591
134
12906
5
6
8
12
2905
4
24
1
1
450
144
2
7
6673
957
26338
70
247
23
2
810
2
35
1
14
45
16
679
19
25
287
1
5566
9034
211
23
5196
3247
1663
1877
1
502
407
16
36
9
223
4
118
525
5410
38
1058
5
744
6
19
1588
1
577
24
2
516
5124
1
3
682
28
52
5
73
403
175
343
19
642
1
1
198
1
122
9160
53
948
2851
25
3
104
3
32
1489
19
477
1833
76
2
390
48
123
1000
83
74
47
174
5
1
32
127
2
113
1489
38
113
6
1022
493
162
688
6202
11
17
11
5
1054
38
8
27
10680
2
5614
3
2086
3341
4
1579
3
5
2
334
105
2648
160
2
32050
1
5
1
708
2
11
14614
1
37
1
6
2
776
1
2154
38
16594
3
5
33
19
202
12
7
84
14211
23736
14
11492
1
5
55
1168
5
7
20
223
3
14
1192
80
3968
18
9
9
9
394
67
3697
4
43
97
9791
46055
4
1258
2
344
23
40
179
9593
124
10
1
2
91400
21
149
538
91
1175
6
1
22
6
3
25
2
1
247
98
170
4
5836
1
8
268
230
62
2394
169
85
1
1094
47
9
2458
20
17
9758
2
3
473
297
69
1
13
680
1804
2
2976
27
70
1403
90
349
279
590
56524
3
2
7686
73
24
4
2
2
3048
218
4
5010
3
222
5
19
10
293
101
10291
166
35
2927
589
90
1
53
56
24
111
2374
1042
8079
6214
28
1
40
3
34
1026
2
20
10
64
29
128
1
30
12342
1
81
4013
4091
48
3
6
4108
11
143
1
415
92
9
96
1459
423
2199
1409
2
2347
1
2
264
46
1944
508
9
33
2568
66
13385
8
1776
1
2
3
8009
7390
1
96
27
451
1520
6803
3
1169
4382
576
11753
83
187
144
26
1
2024
18992
6
65
4
49
697
29
92
11
205
17012
35
2
926
214
913
2
2
3
1
31
586
82
8
31
1
30
13
2
37
983
24
13
15
2062
3
3359
2
78
301
123
239
4
15
2
1730
71
2509
178
6
52
33
2
17
3
3
3
183
75
6934
1
187
480
1
183
7
2251
22106
53
6849
10
384
1
13
4
129
14
15872
1
1
1371
107
4157
2
2972
1327
582
4
2
13510
67
2287
11
356
9
5
11
104
8
203
17
725
6164
975
5
1277
49
13
3
40
73
6
17
7
1
1
86
1
1
955
381
1
18
628
1541
1
108
22
10
1
59
301
7
19948
168
108
1002
5146
3138
3
37
3233
8998
4885
758
2
36
87
94
1
69
489
8
221
28
51
5267
163
3
6908
11
57
49
224
9
384
122
2
2
1
1970
5716
210
41
4476
3
2
195
635
2
2
3619
1019
715
147
127
3
4509
2305
1280
18
1
64
32594
1
15
1942
6
2
2743
4
296
1190
526
44
24227
75
10
48
1258
298
1
5
17
187
26
5
8
15
124
469
766
23
7
1
5
9274
2
17
3501
69
22
185
98
5
2
1732
15
4
3551
433
1
23
20
14
1316
109
15
122
13
582
7
542
9788
2156
34
13
7
99
3
6638
944
466
6
1270
1
6
3334
4
631
244
10614
10
46
115
2042
140
322
988
2
10
1
1712
4
14
892
2
10707
1
9
145
86
1
116
335
58
1
150
11
1
42
5
6703
11
7
385
40
1522
11
10
1205
4
14248
11
7705
999
351
1
4507
6455
1
3
11
7604
9
86
133
61
3419
4435
19
1
46582
8255
235
5
1173
16
41
11
21
154
497
2571
12508
88
70
3101
1193
2
1986
19
7795
28
1
1660
18
150
3
4434
417
115
142
10
488
4
124
4
314
5
2
1
4
2
7
383
17
227
307
110
4
2
64
284
2
4461
403
11
514
472
4
2
645
26062
1173
6608
208
42
1
9814
11916
50
6
9
1
2
931
1
269
5
23
60
19167
20
67
1
18
7
17
31
19
11252
125
157
930
1
5
293
5
2622
7
33
115
4
9
251
15
44
827
570
1095
5
1360
11
1
100
2
364
1
2071
643
1
1
14
1
1
4
4
64
1223
1822
2
261
7
3
2713
125
2
1
139
2
8
166
55
3
5096
626
1027
3
1
601
11
21188
4871
3
18110
17996
1571
5
294
4
22722
953
1
685
4
4
7363
1515
121
776
224
3
27
123
2
2
165
201
39
110
22
14
2
1
18
288
88
82
94
2
9802
972
4
39
12569
746
252
1
17
1201
6288
3141
16
1
5437
16
120
87
20
185
50
1
7
2
44
27
14104
131
8
1222
4
1
12
434
9
2
228
2
1710
11
1
1539
21
8456
13
26
55
6956
103
12
1
2
85
377
41
1
435
19
29
87
2
48
4
213
1
9
6673
4
12
6
4
1
1
1
1
1292
1
36
4266
4
3
4928
8560
2
5828
42
18
15220
1
8
2442
1
499
2304
3
6
294
1
3445
31
544
3527
36
41
1691
2901
2714
1
4
1
2
14
22
2
1904
9
27
1
13
1
2556
918
62
559
24
1404
2
6
696
8
7916
1827
16
7174
1
5
83
118
3
3
3
4989
16
829
2267
1
2249
730
2163
611
11
2
271
429
68
237
29
1642
7
19
85
41574
225
28
255
1
4005
443
205
226
10079
4
42
62
3
2
2605
6
183
1
6
216
4
6
57
8
54
20
1601
33179
190
1
8
234
2801
7
9
1123
74
31716
36
3
17609
651
207
548
3
818
1141
7
1
1792
27
104
48
8
25
5089
2
27
28
5532
2
7
475
2746
2
12
73
6
701
483
171
1
381
3156
19
9402
18
106
1316
11
9490
2
16022
16
2
30
2575
2124
692
1
5
810
2
1665
9
10
94
5
99
783
1
311
70
6932
133
1244
15
20598
9
275
16
3807
280
179
3
272
10597
321
357
72
5
685
875
658
4
10
343
15
26
16
40
69
4
181
200
3861
6
2
2
254
34808
4659
112
4813
40
39
2154
8
6
47641
11
72
30
38
2
2
89
3
2746
27
1
2
3
6
43
122
2
256
4538
13
1
4338
2
3
7
4
5
42
529
250
9
2023
171
171
19
27
1470
285
402
48
4703
164
3
4
14
3856
5184
2535
1411
1
1
1448
1614
6653
4
5
4
5
34948
2006
1
401
9
7
281
107
2
45
407
19
17265
2566
10768
67
9
27083
10
270
7
1
16
3
2
19
2
8
1
47702
24
6
3
167
1
1
1528
1090
24
94
18
2
51
14090
1
39
555
258
13
253
1077
1
3
2177
3
1
650
367
90
8
2
496
11
1
17
360
1
22
7
7
1251
22
7738
494
693
93
1
1
29
1
7664
18
28
15
104
2960
1950
13
1
130
11583
1411
746
2
4
229
3
8
324
1629
22
41
5
2
4
4
939
338
85
30
32
850
7
376
1
1229
32
76
843
42
3
42
18070
1
8
12
263
820
22
1046
10
906
5
937
5578
22
111
8
5
21
76
29578
592
86
1
53
100
19
1
33
1
18
127
3
1
202
61
81
141
410
6
4
6109
184
2
21
6
3
13
11
1
1
8897
9
2778
1
227
25235
1
12
1249
14485
5
82
41
27489
3477
729
4403
89
63
13933
622
33
6
13
3
55
787
4076
1222
4
122
6
8
869
1
181
182
8
2
5
4
559
2169
5
80
1
1
1
916
30
274
3
7
6
5
22
2
5
9260
30
148
73
2
75
3
29154
16
1
4
2671
483
2639
17
1
3
1
23
532
2
373
1
14364
11315
1950
16
14
1906
1
34771
15089
189
5
1
24
42
31
601
2612
139
1
2
13418
3231
6
17
5
1
12659
58
8
3
13
1065
19595
7
18176
388
78
1961
9
931
311
4
4
4
2
1
7211
6
1
1
121
4255
2
1
3
221
65
226
1
99
630
44
6643
11405
2
8
23
33
1
940
2
36
98
35
412
1
851
715
2
167
1290
1
51
77
4
5729
14
2
4
787
1
6
339
591
940
1
1
4
6405
1
5022
1082
68
2
6
67
172
336
173
1
10
2
3924
1129
154
2634
4166
1
213
760
96
6438
2721
1
336
113
17
1577
1
1616
1
1
20
31
14
6235
14
1136
10
29975
2615
3
19
1
5
3544
63
1
5
18
1
17
219
4715
5967
4
3442
107
2
414
200
302
36
134
14
148
1
4
13
84
3098
5931
4
52
3
2
37
715
2
111
470
41805
6764
2
1
41
1457
43
14
68
74
2184
16690
1
83
1
1
782
15
2551
41220
65
8
54
366
54
434
2
3
3
10
13
54
14
47
600
158
60
1
1
22
255
13
108
4
3465
8
347
306
3087
96
197
3677
3
31
18335
3
16
235
559
3696
408
39
1
3543
8367
3
1
24
2
3183
51
6
22
118
1
6
971
4
219
122
91
187
1
1530
11
4943
1
30
1274
26
15
17
357
2
1503
4
1
93
15
2546
10322
664
9
8
2
2917
3994
4
14656
9
23
68
2
20
85
107
804
24
1
4
68
125
20
38
54
16535
18083
229
1
1
5
19
145
1
6
12534
2
831
2
3
171
13
36
3387
921
250
20057
3
59
12722
39
21
9826
19
397
2
3
20
962
22
923
1
199
30119
959
473
13
48
442
317
15
1302
906
134
12
528
8
3
15
1
2384
459
13
64
8
18
1
889
2
3090
6135
1
1
3
4630
234
5
1259
203
2
396
773
42
6875
1
1516
82
980
28
23
65
8
614
5
324
4
386
9
3668
5
1467
12
40
617
13
254
13
1
1
4
10
20549
3
1
107
11
2001
7
440
191
4
172
8
12
469
162
446
868
558
773
80
6864
27
13
785
1
53
4
1176
7
1790
2
3
2
1900
29
127
726
20
1678
5
2762
1122
11
1
1
4448
47
304
1
5327
56
15
8
15117
117
1
24482
853
32
4524
1320
2017
17
127
234
1
369
4
14702
23
40
1058
1
4434
106
83
1
1
5
93
95
591
17
2360
262
148
1
1816
186
58
38635
10973
5
1
4814
22
3
169
5555
2142
3
15
26
194
5
30
50
1592
8
1
4245
401
163
18
8
1
9
3879
11915
5
226
12
24
2
10536
558
610
1
2
478
2194
232
6169
551
118
1
9005
1
132
2136
5
1
12708
78
17
52
26384
4
1
21726
1
105
2253
2
622
2
6
4552
1
34
7
1
1366
22
63
17
28
11
4123
14
17
1288
1
17074
4488
6
1946
208
27
180
136
3
13109
142
66
30
34
249
4
9
60
191
2
5825
2353
33
1
480
5080
171
237
33
16
3
2
12
1247
2599
1035
1
11
2
596
5
383
38
8
7
23
16812
75
57
17
1
46
7
122
1
33
256
12
280
13
34
4
27435
6778
6
1
4691
21
1
21
3
8
481
4
891
24245
9440
1
2
2
4
33
111
2302
2
13986
254
73
78
5
10
144
134
813
5
149
4943
1905
90
213
96
6955
6799
2
21
11
627
1468
952
1896
29
1
23
20
1
6
62
528
17
25
1596
89
4966
7576
6
95
29
3453
1
13
1540
6449
5
234
160
970
13
64
11
309
54
1515
19
57
29
8
419
10
3685
108
1818
1081
39039
165
5017
1031
17
17
122
922
39
1537
11
1995
6
115
2822
10
1
901
27
2
7
10034
75
1
197
5
40
4798
4520
85
8
4
4
2348
1
24
2027
8
2
648
5
9016
18
284
65
140
7825
1
67
7
37394
1
1
1
5
24
10
11
22
9507
3
859
119
2
171
3956
30
2
68
7
1
564
1
962
464
1
1630
2352
821
4
2
150
55
203
3
10
3747
24
32
2454
11
4536
729
12
1
201
3
504
1570
1
1
1603
1
3
706
16583
12
5
1
5
2292
59
3
302
47
8
1475
3
893
45
354
407
790
59
259
4
78
2
592
899
77342
3
69
7942
1196
25
557
48
240
3
18
6
365
990
5982
100
420
4
48
551
131
6901
16
4
795
2
1402
37
7870
141
1
1
485
4214
37
7
117
113
3
256
3427
32
286
142
9
1
1
1
18
14
155
4831
86
1590
41
61
2
3
991
770
199
1036
15883
16850
165
1
23
3
1
182
76
678
31
1178
58
8
24
1
594
8905
1
1514
8
150
2787
4
7
4
12476
87
3
110
3
520
4
4
9
2
1443
294
1
6
6
482
6825
2784
21
2080
508
285
1
49
13
29
2235
2
38
2808
578
1
3415
9257
89
24
5
7
66
2
2
9
1375
6
2
33
590
37
685
162
7361
28
1
464
9085
3
31
32
11
16
86
1
7
1013
6307
2
1
798
2
24
227
6247
2112
9522
1
352
5153
2549
44
8
1
49
303
14057
4008
142
8353
125
12
101
22411
1
5
339
69
5
10
4411
27
1601
1470
1
13269
20
19
1
10
5
5789
1
14
1
11
15
4659
63
222
6
521
248
102
2556
168
213
8362
173
57
15
1076
503
72
64
667
7
1375
38
2
9033
720
148
5
2015
23
16
22549
471
4551
6
1749
3035
84
606
2
19
5
1
3580
433
14
2
62
1
2
22
100
128
660
6604
113
6
22
50
25
1
36
1
217
4
4
33
5
2
1
1448
1833
661
69
8
343
2124
108
7
17
12
59
1
10
109
6
2365
22
4094
60
171
12
3
456
11070
10286
483
7
27
2
1
89
5506
416
82
29
6
119
1
7626
14
1
6
91
1
1
958
704
7
1
8082
1222
38
132
119
5856
43
19493
92
1240
1
2570
2
1
37
2741
13
2
71
1186
1359
20
434
5
2
28
12
1
101
91
112
11
2
7
216
35
520
1
1
4
8
7863
606
5
350
30663
8049
4747
5
175
40
484
2
1
12598
5
1
5
173
1
2
92
13254
11
5
2
1
4719
273
1361
1278
8080
115
25738
1742
2
1
5549
12494
191
4
2745
2
99
5
4
2
209
364
15
762
738
1704
2
3
4
11
7127
2888
119
4439
56
1
6296
64
9
1077
3
3
15
5
2404
23
303
6331
1
6
1495
31
3046
3
2
533
7
4
17
1596
34
19
1
1374
267
36
245
11
37
7
247
103
2
4
34
124
680
3
2083
6216
3
1
4
14
1
1654
1
1
340
29
105
2808
5933
27930
6
385
1
16016
6
1
1
7
72702
241
6565
1
190
9244
29
68
1761
23
14
212
16
4
73
25
5
15
7619
138
1
4
2100
32
7
6380
2
1125
16
1
1
2
14
3
4
1
39
4
1
1209
1
4502
65
66
3
473
8
1
3136
218
10
7
52
1
2028
65
4
14
104
3
14
56
1174
17
3635
1256
15072
33
4761
2
6196
12849
45
1175
9
4208
1
479
3
1
1
4
4
34
1
36
1
9
41
2
6
260
19
1
5
94
4
1
1
3656
17492
4556
320
1
157
461
1
41
13
6
588
104
10
84
77
44
27
2140
5
42
117
330
25
1
10
13
10
968
2
2109
7
9
38
5
708
91
249
323
419
9
62
93
21252
277
3178
8
3530
827
2
48
641
27
2047
21
138
1
8
1
32
473
62
4884
1840
1
11235
205
6291
256
119
1
38
19
2
17815
1
1
1254
1
4
1
9448
14
108
16215
38
40
15
241
6
1348
10440
11747
5
4
197
35225
16758
9730
747
578
87
1278
1
5
34
14
414
74
9
78
15
21
185
618
94
15
7837
1
8
295
51
444
1
40
1
1281
150
5
37
1
6
1
2570
3614
5
888
2
1
2047
1
6074
135
202
131
1054
1
10211
8
90
1
6
1
4
18
76
3181
1978
2
12
6001
4
26
49
17
12
17
23910
9
22
429
1203
29
18
38
318
249
62
2
17
3775
529
2
550
28899
17
8
12
335
1
62
447
69077
483
20
1
7869
12
16
1
126
1
29
2
22
1393
1
9
123
166
16
6
22
7
2
4543
2
53
3
2
1227
1
2
3368
100
308
107
13
1
48
33
6
47
3
1887
15
1552
463
1
6214
28
4772
7
8
33
636
5420
7983
3
16
1
10
1955
4
71
4
96
58
43
1
709
14
1
21
4615
36
44
938
39
2586
9
24
667
2
1
1813
1429
12
186
88
29
13837
50
1
1
174
846
2
1
4
6996
86
4070
3350
156
779
23
402
28
4
3924
10
2
2316
38
117
25
65
255
22
16643
2792
1
5
28
169
6
47
6
8
10
130
1997
138
45
24494
9968
663
1
8
1
65
73
8869
2
62
134
18
70
107
1333
14
29709
80
1
13
92
3
112
1
323
1
190
34176
22
1466
13
13
1
3
1224
16
27
783
4018
43
4
3
320
3741
11
1
1085
2
4
11845
4
4531
41
4
1
1839
4
101
53
1
2238
1
77
7
25
110
321
19
2
2
10182
5174
453
67
2063
9877
31
41
169
17
36
1
4
3
43
5
1
8
1
453
809
5116
2
2
76
274
26
5
57
16
258
15
9
93
62
138
3820
1
8
9448
1440
40
11
392
1
307
2
3
296
1
3
2
20
3095
25
1
320
420
25
6
4709
2
10289
158
274
707
3
25720
510
124
673
3
2158
2542
47
289
633
3
362
2
34
5
1
284
8853
7
3
193
5453
1251
4
2896
2
747
1
1
38
27
126
130
844
68
1178
9750
3588
1
537
6907
1
4
2
13534
3
190
39
52
1
3
10
932
79
53010
11
1092
12
48
406
39
51
112
29
7
27
1
51
10
3
848
902
36747
1
323
2066
109
30
26
832
10
1
496
264
83
3292
632
29
4
2
8
1
1
1
3192
1148
492
3
11
1775
11
296
9607
2766
626
431
87
193
1518
2
27
8100
108
44664
2
11
5
3
2
158
20
12
24
307
1
40
542
34509
408
5
148
124
2
30
1106
8
42
60
5
4
1247
3787
365
9594
23
71
66
46
1
72
40
70
37
8
3
14807
33
322
1
12
39
182
10
5782
27
92
1
13669
112
3
904
1
5
104
61
5378
9
1
14
12
4
4
4929
1
2
126
6
27298
7
1
5
1
11697
1
1
20
20
1
1
34
1115
3
337
10
33
745
747
168
182
16660
107
1
3
1
10168
5
8
320
4
63
269
5
27
9
2961
26
3
72
73
103
20462
15
4302
191
72
2
2381
4
1267
1203
1
6130
1282
10870
1801
6
3
15
1400
3
10
1
12060
89
2
2
3446
648
480
72
3
319
1
44
236
1
853
12402
299
295
2
9406
236
809
11589
1
2
15
2721
4
40
3
106
3666
2663
1045
1
59
23
2
1
168
586
1150
7
716
145
3
5
239
25
4866
1067
9
11
682
1
348
7
2
12
44
652
254
3
1938
9
185
2
16
18
4
7741
129
106
6
333
730
1684
635
14
3
3
84
254
103
2424
10
25
6
18
16174
17
7
243
8
7
48
55
2
1
207
33
1
5469
373
129
2
4
2
205
1
1
46
360
1
317
521
10
1
30
4876
1
544
404
31
32
6
4
31
4194
4366
1
1
576
138
11
1
12
937
93
6248
141
20
111
4
5
62
509
4
53
1
2
2
3
2
2
1468
1
8752
932
21
28
515
9
9
21
1
747
4332
12
2
5814
4
10305
114
4
15112
145
5833
69
6
3256
1
4638
7
3
3
187
10
65158
1029
33
77
28
169
68
325
2832
143
900
12646
5341
9
152
2
2
34702
901
1
2
63
75
271
1
187
3223
139
286
127
1
1437
40
1
6123
53
5054
157
2
9469
4
1
11
1
48
83
24
2
167
1
1339
1
3
1
1616
503
121
8
426
11
1
5906
175
95
66996
2782
42
35
44
6
4
1
178
445
2
873
3
5985
8
311
1
130
549
14
774
3
2
58
30
4298
2
3
1495
21002
8
819
65
12499
1
1
300
60
28170
196
1682
5
8397
2
46
1
31446
302
3
1737
8
5906
1157
368
2
4988
62
3
1
1
21759
136
10
31
264
18
2842
5993
515
2
166
12
4005
3
6670
535
3
32
168
11704
24
5824
1008
41
11
573
269
19
8
3
1
1
625
1
7
109
178
2
1
15
2350
13054
33
5
1
110
41
113
69
1
69
513
1
15
187
30
6
3843
4255
27404
3
1
48
1179
928
7
3
211
2
2
9
19
1
3
2
94
1452
2
17
127
12
6
6
3
7091
7868
1758
529
135
5
8
10910
10
1
667
19
28
5
843
631
4983
24
1
6
213
2488
24
17
25
22
4854
5
568
10001
4
21
7
9
73
4
1
83
477
526
434
23464
621
3144
101
8
1
19
3
136
1091
21
946
1
8
3
968
24
11
3
336
18
3688
3
5433
49
57
4
5
3358
377
8251
2
1012
623
2
1
24
3
197
1
10458
26
8
52
13
1
950
745
1526
9758
5623
175
28
1
631
88
3
15778
563
2
3807
190
3
452
111
23568
4
200
1
28
45
22
43
1
279
75
127
1
35
20
2
25
3
236
93
4
1
2
2091
51
1934
8
786
10
2852
4
1004
1437
26480
2
1038
22
2
2612
2568
1115
37
2731
115
8056
3
133
3
3
115
760
745
90
1
1133
1
2
104
5
2766
15
4832
53
4
1
111
234
10
72
40
3
5893
737
19466
4741
105
77
786
120
45
3
117
1
1842
1
1
66
393
467
63
74
12
75
1
64
289
81
2
2
5
35
27
5
273
3
21081
6856
1
4
3
68
1
5023
55
36
171
125
48
256
111
30
3703
176
5412
4616
5460
4
1
7
73
325
3027
2
33
1
24
1
5557
1
3
948
7
96
5731
1
6
15
174
4
3
54
473
7
1450
1
31
34
38351
95
45
41
92
16564
6340
9
19
783
77
2
2
1
137
1
66
2
3
4
1947
156
2
2
6
13
2
217
707
29
439
9
1
3865
16
8
1131
1
2
123
2
63274
1025
2
494
10
3
269
721
133
71
22954
2
5289
19933
2606
7
77
256
16
3
99
1008
11
33
11458
121
4
26
3
7
1
9
77
1805
1893
5
12
40
81
9
1
10
15
1
3052
186
18
1
5513
8
80
4706
1
1
1
327
1
4
796
3
177
231
387
10
129
29
8
56159
5
16
187
4
236
38795
5830
23
1
388
7
55
1
371
2
2
6
8
11077
46
39
147
81
1
207
1
19
46
9
1253
51
1560
5
989
6
845
248
1
5
10263
9
54
4
4907
568
1
1
1043
68
11
56
1
71
8
9
176
1
169
2
447
5
22
6261
8996
78
45
8
11
1
4819
1
2
1372
1
2
1
11
29
2
22
19
3
662
34
5296
20793
655
343
6
353
2
4
1
5875
2666
390
1
6
8
195
572
5
6
349
79
2
3
11
3156
894
2
2
89
23
1
39
541
51
14191
18
5
1
966
1551
157
3
8768
8298
53
182
490
413
4
17
3
54
16118
126
2
1
869
167
3
1276
2181
368
30
1031
51
892
377
377
1
3
15286
14531
52
438
48
94
197
23271
2
5
1
7840
53
52
40
4808
26
1
1
29
2251
3591
410
10
25679
947
2
1
135
503
872
1199
11
6
1
74
1
625
5
2
3
1305
77
14
15
60
4
6160
2
4272
38
71
3677
1
7
2
98
12
29
460
292
13
5349
1
2
7340
493
1
36
950
191
19
28
1
342
889
4
5780
194
1893
138
2691
3
7
727
1
8
1519
3
70
9
16
31209
26071
32
95
156
16
772
3909
3
1
5
119
7
3
1
474
120
1
6129
2
1
1
198
21
1
3
1
104
100
6
113
1299
1
20
1
4
621
187
274
40
93
439
6
2
196
1
127
9
963
1
9
51
784
54
6
383
36
2
5
1
1
257
450
204
357
4305
33
2
4710
8
19343
150
21
394
1080
1336
96
5
3
37
44
2
8
18
15
2
25
169
138
11
187
4
2738
2
18
15
167
7975
2
18
3
5
22
1
1
32
40637
19
5
22
5782
30
118
2
1866
35
1
460
220
42
715
8812
7
8
1
2
2
34
1
1
71
8
8
9
39
8212
11723
755
1437
29
1171
1
5989
68
90
6
12071
33
76
2
70
1
384
60
45
1
2423
12
582
2534
3
2
1
396
5
2
34
80
1
308
4
8
4663
6
68
6625
26
1
3
6
15
948
24
626
1
61
1347
400
863
1
34
2134
1
125
6
1363
11026
1
72
1
7358
8152
28
545
3076
332
17
92
20046
4
1
28
19
62
1
232
24
141
32
638
20
84
949
4522
225
1560
1
5
8395
40
257
4551
43
625
2
2196
121
8
17
101
6744
70
9
5
153
35
6207
133
975
580
82
5
2
5
46
28
137
76
2
171
6
6
14
14
13
1
27
18
20
3
1
10
3
54
14
1
1
1
6
4
651
3347
17
2
50
39
91
1
34375
18
95
109
1337
92
697
28942
12
125
12
1
816
4
12183
502
1
1091
24
5210
54
23
2
26
114
164
60
142
45
2
2
31
2
222
1455
8263
70
143
6
2
1
9252
847
1
74
905
97
2
3
1
19
432
2974
15
39
396
119
7
4548
101
479
153
4
13
252
1
4536
1
37
911
802
71
128
11
33
2
871
4714
33
535
2
36
12
370
16239
449
291
26258
13
10320
548
4
8
21578
582
15845
3
35
1374
8
691
10816
1579
296
3
2
5760
15
23
24
4593
68835
1789
17
91
129
1
43
13
1680
13720
1
65
9
2848
37
325
4
233
568
818
2162
6
388
6
7
29
1
953
1
3
15
1328
433
3597
5114
1754
44
148
6606
11635
86
1849
2
372
11
8
503
1
2
13550
11
242
1242
245
208
10421
729
1
1
119
21
5
1
24
45
5
1213
21
19949
1
12
3
1383
1
195
49
7
20
2619
13
40
1
17848
9
4668
26
3
1300
9
5
77
1217
1
1
66
290
360
3266
10
1
43
234
153
86
1
2081
863
15445
106
1
13
92
379
15
1
369
11
54
6
1
23841
280
34
1144
7
29
45035
5215
120
1
5
185
95
1218
740
1
238
179
203
64
1
7
4
2
23
5699
2096
2
4
443
103
903
353
3
112
34
1
4
2
11
3
11
1
9
3
44
746
27
90
33
29
22
1
110
23224
7
2790
1417
311
170
2
876
1
46
2007
1147
12402
10
375
101
42
16
7237
399
5931
5517
1
477
4
2
2458
1227
109
6
15
4
19
5754
30
8
5249
1
17
2655
10961
9
1084
1
8
1
5281
1642
268
1694
18
66
5606
1
752
1
1364
13407
103
1000
2
43
9
25889
7
141
5347
2
20
1
7508
177
1
1138
1
10
1
2817
82
5738
7
1640
61
13
657
18
1015
50
68
6
2625
1
6
1477
74
142
18
10
119
162
8834
5
58
44
1
1
13
780
22
387
86
20
21635
2076
7165
1192
1969
3
5
9
11013
551
1
134
3
1059
577
4
1
106
12
409
4
46
1
229
7
1
153
5
103
3
15
577
12
10
11
819
14
13
17131
59
23
6
2976
63
474
35
336
4
1769
13
35
14
3
2
19
18266
12066
6
691
1
109
1
7
2
1
36525
52
1
47
5388
4
17
4
1
620
36
4504
3
240
556
2
4240
787
1938
3
62
57
2764
2098
145
1
7684
666
2442
6371
510
49
1
864
40
3
233
13
3730
26156
8133
867
6
6
8
477
3
429
4
3991
95
41
1
219
1
1385
146
20
9
1039
2
6
2
4
8
4
1
3
2
3
5
1
4
556
1
5
6652
155
34
17
6
12
342
2039
4
182
2452
3474
3
1
1
5999
1
3
5
14
7082
856
2
7173
39
587
106
12
37
32
21
4
4
2
1977
38
298
251
5
1
4
639
24
27
5
53
16
20
76
1048
17
237
8
2
3889
16
29
12
7
12613
40
1
11273
15
3
1477
126
6
126
10
2
259
1223
56
87
1
5
2
479
5
91160
4
104
127
2525
396
1
1397
7
774
140
2
4
7
7127
1764
28
4486
1592
3385
11
254
1
5
2
3
593
1
62
43
1
33
48
2
24
1022
1
28
11
15006
656
7
15762
415
5
906
707
188
1123
71
1716
10689
6
175
41896
53
398
4676
1
6539
14
44
1
1278
1
6
26
24
2
5112
794
94
4514
3539
508
1
1
4
28
1502
120
98
3460
2
348
3785
3
317
4023
12
40
14
4
8099
275
161
2
1
5
55
2
42
23
1201
88
1544
6
2
459
1
2717
344
225
5
2
682
1367
6
885
359
8883
10185
1
485
2
2
17
5407
8508
449
175
21330
3
2
147
46
5631
43
2578
14
909
39462
1
992
853
1
218
27
145
2676
6767
8
1
34
206
3177
126
22
273
314
262
1
2
53
1489
12881
119
77
126
1
17
2
4963
3
20364
4166
2
136
8
23
23432
3640
13
24
9
12
2629
129
167
1
6
7612
12
179
713
5
1
4
8
37
2
354
1
489
5
8
423
2828
2
66
8
48
4
957
118
124
1
4696
2837
424
289
4
20
7
10933
1589
2
171
78
8
149
1
21
2
6306
1341
6
1223
13
5
1
25
2059
186
5
13
1682
3
63
2
150
248
198
45
17
406
33
483
8
2
12
12
585
2
2072
279
26
2
104
20
11154
51
38
9
3825
1494
9
3960
17
903
89
2500
46
1
82
475
9
34
40883
2
34
1
2
143
1108
26
358
1
1
1564
90
36
1723
92
15
266
30
97
880
720
26
11
1535
2
552
14
3
123
488
1458
1
42
71
5
1593
1
8597
3297
298
2
25
588
9
890
376
2361
1
36
1
90
9066
10
52
2
3
6
2
78
24
483
1
332
26
2
20
218
2
11312
31
993
4
2
5928
3645
3643
755
1
1
1408
5
1
8
998
25
3
495
12
48
4
5539
5
6227
4
15
204
4
6832
25
12
1
186
4080
1
14
1202
1
70
24
66
1
2
3
1067
44
1
1
2
897
3
1
107
199
2
41
341
15
2
1
861
21
184
5238
24501
53
1325
388
4
36
1
52
2
5940
5609
81
1
2
266
7
28
697
1684
1293
3549
8
35
6
64
1
12
31
9
40
4657
5
7949
11188
453
1
265
354
20
798
8578
1
28
85
391
2615
455
108
2
15
165
16
21
8
6
1761
2
251
1315
2
18
2
34
2
7
130
50
4
1
2518
5
7618
262
37
5
1797
49
211
7317
1452
85006
105
17
45
3
41
382
1341
747
678
3
52
14
145
3
1
101
1
1198
12
6
10352
229
274
1
127
1
1196
3
6342
13
16
18544
2
122
6
4
154
886
1598
35
90
4
14482
2
3
49
19
10
208
372
116
1
11952
17
37
797
6
2
4
16
1562
4340
5
67
381
114
2
84
15322
77
1697
1
1284
15
291
83
12
46
6
125
6
5
2
1
2
654
1
7
2
4067
1
11
61
34
17
190
2
1635
3
3231
3
2377
2361
1
15
298
1
4
68
5035
1
1776
5
52
3753
208
58
1806
2
2659
2
16717
1
131
61
8
29
17
1132
551
12435
3
122
1
87
908
409
4731
752
29
7
9238
784
6274
490
1
219
32
5
525
3
62
1
3494
499
3
2
93
62
58
232
1397
3569
959
40
214
2
2
188
299
2
4
845
4564
5
1
6
1
348
1
60
3
2
13
1
177
136
1
2
2452
5
508
7
1
2
14
200
80
1
8880
10383
55
14616
2212
5151
1
1357
8532
626
1
1
16489
40260
302
3
127
2
77
473
10
1119
19
32
3
1
177
30
32
14
48
1039
1
1
23
1173
1
7231
3
23
288
1
496
23
2375
1
1
48
4707
26
36
16
4
52
989
2
2839
1
56
93
699
64
6954
1
3
3273
5
364
11
2
2
6
387
133
662
24
11
104
9
33
11
339
12
1
2
1
15
1037
5
313
43441
1257
1
6233
20
325
806
4
196
620
1
193
158
90
1
289
2
6474
2579
4806
7
179
11
6608
66
659
18
1739
4883
136
169
125
130
56
61
1477
300
2558
3
4986
1496
2146
5692
3
221
1
9634
412
25
3
986
5
10
26
3412
7
1
16
58
14
4
18
14661
33
901
3
2
8
487
55300
4
413
96
72
556
3
13
44
600
8359
26
168
1788
5
5948
39674
26
158
1
2
465
79
1
464
4394
2
173
4
2
30
10584
702
7
6508
12
160
3
4
14
61
408
31
3
30
6
3
52
2
354
3202
13497
110
107
1076
11
14
39
131
1
984
238
468
16
1
4
270
18
1
425
2
85
1
327
2
194
48
3
1
3
8
13
617
3
3
8
1
1
365
156
2
756
427
2
1025
4
2
2
156
10
1
581
58
34301
1
519
1035
44
8
798
337
5669
30
6
312
17
3681
6626
11
2
74
1
4372
30
12
213
1
10
9
4153
8281
2
2
1
1056
28659
2
432
3
665
3
1
265
8454
18
108
3431
1
22
3366
302
7
2
4
8
50
2952
1
40
4
3548
2558
4
2
730
9322
116
700
206
1044
7
10
21997
358
2
23
11885
60
2
27
2791
239
4438
1
47
609
80
4155
114
1
2527
12890
9
18
2
1
94
3
7
8
1
153
632
17281
13
79
29
384
49
65
193
432
7
349
2
31
231
56839
141
13
191
9
4
12
24
23
503
3
1
15
142
3
41343
195
1667
4
286
2
212
695
28
146
1
10051
2794
6
1
8827
10485
141
1321
1
103
1
5692
5
48
6
12473
20
578
6
1049
1
1492
2
19
1
25
630
112
1
2517
6357
5
13
1218
29
11690
5
18
409
3401
6
20
811
9450
1
169
1
3998
5182
4
177
4
1
11
21
20
1
11
7
5677
1
32
8053
10
1
3
9100
10
195
15036
237
2520
9
139
1
2
60
113
12
377
76
10
81
34
2
338
283
15886
197
1
23
43
132
241
4
6
2
3
81
6510
1161
57
3
6
4
1
16
3
17
2
1
2
1
1
14
852
52
61
9
3869
3
2
26
128
31
3593
3
6776
629
479
2254
12
29036
15
1
25769
15
148
19
52
3
66
9
144
5
18
2
3
38941
85
3
1082
128
13
3009
2
3
1
39
49
3
15
538
5
1
7
2
27
6065
2
36
69
43
985
89
758
4
1
11
5
24
516
41
1989
1
233
16296
16829
84
208
643
1687
6
1799
878
7
1
955
1
12
109
1
10
446
845
320
1
401
1
38
2
1
3
33
2203
117
459
5548
5
19
225
8
2222
563
4
1
5289
2
2
12
17
19634
7
95
1454
1892
7680
25
6
3
8612
595
826
5
164
3
67358
22
455
4372
81
289
1
10864
14
3710
76
16
25
1
856
144
13
6642
19280
6
8694
326
97
1
1
290
315
23
7
3
1488
69
48
3713
38
5
4
2
6611
34
6
3
730
155
367
408
321
2870
1240
7
191
1326
4
147
1
5
137
45
146
1
4
1477
1
10
2
80
39
1230
36
489
35
8
5
866
135
2
48
252
1
6
16
25
12
15
1
2820
3
21
165
14
1
2
187
37
9872
1683
149
185
75
388
1
1273
29
12
6
40
5894
22
10
19
685
18
984
7227
67
84
1107
138
5222
711
59
260
2
25
865
397
4
77
2407
1
72
13
14
21
1000
938
1
4
87
245
15
714
218
1
458
1
80
19980
1
78
2
141
785
14006
12366
4
2
56
6530
133
1537
20
66
1
118
9306
379
794
807
755
135
2
4
18
491
153
10
7
12
4
31374
4928
223
1
10
13
7
17
1
4941
16
3425
54
11
1
6
8349
13415
1537
1
180
16
24
25
10
13545
2205
790
50
17
1306
21
5
17
106
3786
921
27
5
4062
2
14
21
991
157
3594
5216
2
6504
25455
308
189
122
3
1
27
9235
364
3
753
315
3224
19811
48
52
2
9101
250
1
1346
4
51
2766
2
2
1
1328
7159
2
40
223
31
437
1
3
2
14
3
1
66
7269
110
4
7677
6815
112
2538
14
24
30
3029
32806
508
3746
14
222
1
1
5
16
7980
1
443
18
31
7182
19691
359
85
9
2
2
287
37
57
1
20
174
1396
3
164
34
8
4
66
121
20
926
8
38171
18
5749
3
1376
7053
2
97
1
352
37219
293
16
84
804
211
37
521
1380
1375
34
285
2
1
44
1
7
7
1
6
10
1
3
16576
2
2
3
1296
397
40
2
1218
2529
45
29
2
12283
28
494
8
518
2141
55
601
85
1
4
1
6018
13
1
125
8
1
758
181
3
4
167
236
2
1
3
1
3008
16
613
7529
294
1
12
4419
22
2
105
27
19
4771
13
46
1
92
1
12
1
958
46
858
1
3177
2
5
1
6
2
21
1
18814
1964
4
2
131
15
1671
2347
3
2682
8
1
1844
32
490
379
39
46
1
173
1
1193
11468
1
452
40
1912
7
1
97
2702
4693
1510
21
1
1
122
9
10
121
57
3
9145
8
189
19412
3429
5
1
23
35746
5253
315
25952
1
25
6212
8133
40
1
1
1538
290
2
1500
1758
699
9
5
61
1
2033
243
232
627
2
10
5
63
1
7
1
44
315
207
1
2
158
6042
178
4
13
607
419
2320
73
2
2894
2019
250
17
126
35
2
24
109
204
2028
5
68
480
1440
22199
1
3314
2470
270
76
732
1
1
11
15
34
811
3
28
2
23
35311
304
15
3
1708
6
34
4
305
35139
4
522
198
264
956
9276
2608
1
15
2850
1
2
5
1
4
159
1622
4
37
11
1
6101
11
3514
1
80
62
2
72
25
21
3697
10
104
34
96
2
133
1
1
46
24
5
3
413
2
120
6654
173
25
320
126
14
1
2089
1
3
36
270
34
2
5
6332
3064
22
3
290
1
91
1
29
209
2
472
13
2
3
13
899
1
1269
1
6
14
69
1
1825
1042
3
2249
453
1
1
2439
12
29
341
939
4
12
19
53
8
442
519
9
9229
2
2
824
6
3
119
13
1082
352
214
89
1
5
2
336
1
1
10
677
49
2
44
58
461
17243
287
11143
24
58
900
228
1
6140
239
1711
14
327
714
5
2
531
107
3
1
217
443
7
186
73
154
155
3
28
85
33
29
1933
163
34
14
1634
1
29182
14
422
15
6
21989
259
1383
53
108
9232
17
9
591
3
17
3
28773
4
48
2
14
1
324
502
325
20
1
2
618
53
28
3
951
232
6
8912
35
57
2112
426
7
12
1
1
102
13
306
2
528
2135
1085
1
1
1
3
5
3
30020
24
336
9148
8234
2
9
25
4
18
32
52
5397
33
1
7
34
137
21
2068
201
3
3546
414
28
3
53
246
2
113
6
209
206
1341
5065
316
6362
70
2
86
7
451
3
44
22
6268
5
1
24
3
1208
7172
90
39
187
209
160
2085
695
15
51
153
450
13
6
18
1
4
9335
66
648
16
80
6278
4588
37
28343
1
15
43
1
92
191
2241
2
363
35
27641
4009
5
15
18
503
500
2463
28
8445
1
2988
12
207
5525
4
73
111
1
33
2
11339
244
3
5
2
571
1749
3
85
3
115
7363
1594
5
2
609
252
4
93
10
285
1
7410
39
2620
455
56
4731
10
1
1
1
27
1764
7862
9
1
88
4
41
7939
8
5242
1805
12
9
3
1756
9
1463
1363
2
853
2
4
1886
1
17
50
3
367
1
13
5
1
385
1
1
52
8
45895
4
1
30
3
2
2
13
2673
49
192
1492
6
19
3137
5642
39
2450
3
7
297
30763
49085
3
143
13708
16
220
87
5
54
43
1
2
114
4
66
1597
32
13
39
14612
1
1567
24
20
71
4471
413
20
10
245
7446
10560
5
204
31
952
9
41
85
6096
489
1166
60
33
21221
190
3
25
5
13793
10
12
62
4328
12
2
460
493
4459
221
2
2
50
3
373
71
330
19
90
2
1471
5341
6242
9
1
2286
23
1370
3762
22982
28
7
656
6424
10
5836
6
3082
1171
724
2
47
499
2
23
132
245
68
114
1
5308
123
1
2850
20
19
30
80
1
62
6
5741
3801
1639
3
27
432
133
55
498
5
1174
592
637
74
1239
201
2
1
5499
102
8
2731
4
23093
22
11
273
354
2
13
3465
776
15
25
8227
1196
38
5
32
37
418
16
12
8
1
9
881
2338
320
1
2
5558
1
6
3
6
2518
38
14246
15
20
1029
10
33
2
2
69
5
3939
2354
2120
2
731
13056
563
8361
506
208
13
10835
3
19
41066
4
6
1
4
148
235
46
47
603
321
431
958
290
36
164
7
15
387
7
209
585
350
1289
8092
38
208
2
12511
14
310
34
2
465
2
1
4
859
6409
5
173
8
297
1