693145
936
27
1988
200
871
1
206
1
128
143
1450
5
619
194
13240
7
43
41
189
10
17
1
1
2
237
5
1
119
4215
915
2707
113
13
2
63
6
26
1355
18
1
24
6
7
1
2050
26
1
1
576
2
58
27
83
5
1587
6
42
404
23
1108
343
33
254
142
4
17
831
1315
66
219
5
10
1
23
124
258
1
1
99
32
2
3
16
2
12
8
37
1044
1
92
1
152
1
67
809
40
1075
1024
175
637
348
141
6
154
51
197
87
28
1
19
4
15
3
145
11
6
6
93
386
8
89
247
1195
4
5
620
235
7
176
2
2
888
6
14
1729
43
6
3532
1473
1
15
9
4
4
2609
1
1429
2
1
111
246
3
888
232
30
6698
1
4
43
1
5
2
112
18
560
834
87
5
145
1844
2
35
68
2
13
10
913
159
7
998
741
1
4
387
210
1
155
636
4308
10
100
79
1978
223
130
6266
1
1
3
196
2
23
2107
1785
5906
389
1
38
3378
3
408
87
6
2
44
150
80
76
2008
160
16
14
161
1
97
30
1
584
10
313
1
3
88
1
211
1604
8
118
207
535
8
1
1
2
3
6
1
4
289
1
34
30
9
60
23
332
4
1
31
46
847
104
4
49
180
2
1641
1294
8
4
488
145
429
189
11
12
183
120
244
154
10
161
1
1
1
6
2
1
45
24
945
1
1509
19
1349
180
45
1
1
31
74
5
272
1
3
60
8595
118
87
151
547
26
142
699
76
2
43
3
1
28
1270
781
58
327
1
281
31
22
1058
1
51
1
1
403
6
2
299
3
37
3
1
119
2218
2480
5
1
62
2
73
21
2
356
1878
1
2
167
191
1
332
23
6
17
69
1261
47
1
74
4
1492
4
1
29
1
1910
101
5
13
680
24
1
5
415
315
3
21
283
864
635
61
1
42
14
1461
15
5
1
6
122
112
2
478
4
642
353
159
19
15
2
3
61
20
1
140
38
1
5118
4
18
2
1
11
62
2574
564
1
1
3
7674
53
26
11
29
1
4
14
747
1532
1
540
2329
146
2
1536
37
11
1
2
3483
5
739
4
2
1
497
564
524
11
2
153
42
656
9
5
637
734
1
1938
689
1
59
298
6
13
12
37
5
1
133
166
9
10
86
270
1
48
36
29
254
20
1
1
28
7
358
41
2960
140
802
15
1
253
41
1925
42
26
4
5
4
1
22
18
10
1
2790
3
1
2
72
1267
70
943
147
6
3
1
257
56
6
13
3166
704
625
2
728
878
1367
11
5
40
15
520
5
21
2027
3257
1512
2
128
1872
14
478
31
496
11
162
124
1899
2
121
23
1
1
6
13
18
7674
2338
170
1553
5
242
20
64
1
12
1
825
1
1
240
103
1
1407
12
687
2
11
4
7
23
83
4
1
30
12
866
4
1
1
22
5
189
91
15
1972
98
596
68
260
624
7
3
830
50
264
1
62
39
4
26
71
1583
1174
10
2
514
999
35
295
2
103
3306
4
111
5
5
47
1
606
14
94
4
1
11
23
7
36
2
1662
12
7
3
3901
1
1
102
1
2255
1852
1013
7
1
16
2
396
381
1
1630
49
230
8
114
45
1
9
134
4
3
104
898
398
133
52
72
580
9
2
4
6
11
565
37
819
577
12
5125
33
303
6
13
552
1313
1
509
1
42
51
948
5
4
481
19
153
1
6
1
60
1770
2
1001
118
24
6
438
1714
44
9
1
149
35
292
63
2796
900
5
1
1090
38
4
2
5
13
3
39
150
2279
1745
13
4
5
1086
26
1123
22
57
307
941
498
27
5
52
572
1
4
1
2821
205
3
2
6
7
201
1
6
61
69
11
3
30
1
2
206
2738
52
13
27
992
22
361
1
104
129
39
28
1
40
1222
32
7
43
37
21
143
56
1073
2897
840
7
2
154
3227
24
7
926
5
332
2
680
1
125
7
22
49
458
145
251
507
2
2253
29
23
31
19
1304
169
5
142
6
8
1049
441
51
49
4
76
3
1
2425
1
28
10
3
115
1
2948
785
7
4
218
1212
13
154
200
6
7229
112
3
4
31
139
4
3
2
28
2
1
15
3603
17
1
3320
29
29
14
45
8
243
211
15
138
1
25
6
6
1
241
204
13
41
11
9
1006
4
53
2
325
3167
1113
1583
64
50
243
245
2
14
18
12
32
4
2
1
20
1
443
18
23
47
4
1086
447
778
1469
2
371
56
3
53
1017
756
56
76
589
48
10
7
1011
3
244
1
4
9
11
644
14
3
815
96
1426
1
2
1080
4
52
31
115
24
5
623
2
1
1427
1269
303
134
578
32
1165
59
3525
4
1
114
20
1
18
69
13
210
1
1468
7
1
1470
9
2
2
22
234
2
2348
3
6766
5
4
309
298
31
768
1
733
247
137
2186
2
8
184
1
1654
896
13
121
180
22
119
1141
60
4
31
108
1383
1
8
1
10
2
2
2
276
16
210
29
276
78
1
102
3310
15
218
238
130
141
9
134
5
1
1828
73
1
9
203
312
338
8
2864
417
1752
70
2059
1
62
20
112
97
314
1
43
2
1381
1036
159
1
17
40
28
55
64
1
3
36
8
169
5
9
415
1022
1134
3291
1591
18
14
2
150
2
4094
7
78
18
182
2
2
2150
1
9
613
122
337
45
2960
32
2
2
23
2
38
849
7
5
141
117
10
1
306
41
107
7
707
3
90
39
637
695
2
39
15
3
13
1335
2
3
7
3
56
12
1001
7
166
7
7
14
1211
1900
368
487
128
162
20
6
329
4
2375
17
1
21
1
30
26
3
2668
3
20
338
45
6
4
232
4687
1213
1
1
5
421
785
186
193
6
4
393
2315
1
50
35
2007
77
28
117
3836
21
1
34
199
8
65
13
1
13
1605
60
5
1689
552
2
19
193
1
5
14
41
1
2
55
294
28
929
2356
120
43
121
20
123
29
536
309
84
1173
209
12
16
1
6
592
1
3
2
1
18
5
126
296
28
349
12
170
515
3
13
55
58
26
3
1024
7
35
2180
46
952
32
1
1
6
244
384
5163
423
12
11
1
1
1585
2652
11
895
7
2
2
28
70
417
15
15
2111
611
2560
1591
14
134
2
216
680
2
1
11
392
37
1
549
36
93
117
1
114
44
32
28
8
1
98
4
16
15
73
1587
30
9
2
7
55
947
5
1347
1
2
110
1
30
103
1
120
13
2
8
3
4
304
872
120
5178
20
1
3
159
2559
1378
906
823
17
474
146
19
606
16
96
68
151
130
1
4
2091
3
16
1405
1
15
422
30
190
1
2
64
9
1
249
198
158
332
1
1
51
8
532
37
930
1
22
995
124
115
42
11
43
901
12
10
72
11
1859
73
501
1295
88
525
49
251
83
1
3483
265
111
58
1
347
3191
2
8
110
365
1363
33
1888
22
301
176
3006
482
5
4
928
171
33
275
574
899
1
279
84
64
108
88
7
2
51
75
66
22
6
21
699
7133
5
417
68
141
1468
6
1
356
1
1
90
23
66
991
19
3
13
3
3
6
1
10
3
112
501
4
13
1990
192
28
66
1
10
4
1200
34
1
8
15
13
79
267
1
17
282
376
5
86
2
6
9
23
4
62
1
695
2
7
6
8
464
56
2
2
6
4
2577
6
4
4
12
2019
21
13
2
122
1
79
24
5
17
1
2
2
1
11800
321
21
918
15
1
131
20
3
488
1
1009
108
338
30
2038
29
38
188
47
9
177
4
1
2
53
7
242
612
2
2306
4
423
1
4
1544
99
15
10
1090
2445
280
1
66
7
6
20
77
259
12
27
7
178
39
1
13
16
603
4
14
484
72
1
4378
10
28
2
26
4
2
1030
48
47
131
1706
48
1
1
766
2371
11
446
17
144
20
592
1177
4
1469
1782
1
8
1112
12
1
6
32
5
84
254
125
10
275
3903
2
8
6
372
186
1526
457
5
21
914
129
747
71
1
6
1
5
1
1
2
5
20
2
12
1
2
71
624
2
23
645
1
5
54
123
1193
2
621
13
910
3
31
854
5
4
21
393
823
21
969
31
18
504
80
2
1
90
1
112
40
1442
355
1
1
503
23
2
811
14
48
13
26
32
168
9
41
77
19
8
999
440
1
31
382
5492
8
4
27
2
2
80
8
8
31
9
226
4
1
5
22
34
17
103
1
117
58
1037
191
43
8
1
1
3
44
45
44
182
64
66
823
7
2560
30
26
15
1
5954
207
2
824
20
8
5
9
2
2
37
32
1240
1
1
288
186
56
13
1
51
1
881
92
1
5
224
6
305
1
20
8
5159
3
34
5
18
692
2
4386
8586
761
1
850
14
1
12
246
1
141
1
15
99
7
1
23
1
7
782
27
24
4062
93
844
4435
272
61
7
17
1742
164
150
140
400
76
62
31
815
1
62
769
240
221
1
3
427
1
447
322
49
5
6
9
3248
27
1
4
40
983
3
15
249
1779
5314
8
162
2
29
1
1
49
7
1536
1960
668
352
282
21
70
1
30
1270
4
525
2
5
8
2
2
103
852
3
12
59
494
1
2
25
6535
2
2
8
1266
1
709
1085
3
11
1125
1
303
12
18
1
26
518
143
89
8
828
2196
2
44
21
185
1
53
39
59
304
70
8
6
681
31
4
2570
267
4
1108
270
2
36
1
1
50
45
1357
2
235
3
1
193
15
4
1
1104
41
1
829
22
2
133
2
2
6
3
5238
4
654
119
1
16
1
60
1
63
17
77
22
2414
129
11
44
187
1
1
365
2
4
17
564
6
7
33
2
233
3
1731
6
883
54
458
1
58
2
166
2025
574
25
1
10
6
72
96
11
162
1
5766
164
7
14
267
23
3603
21
2150
1
2
123
19
114
1
2959
18
1
1
482
20
394
984
8
649
542
105
1
20
5
4
6
2
2
971
1744
1
3
106
1
834
119
876
145
1
156
312
102
250
64
3
693
6
69
10
25
3
11
212
736
1165
768
12
824
1
1684
5
2
1
155
749
152
2671
1
487
4
1
364
30
1
1
231
30
1
255
1
183
3
1600
12
176
13
2988
1529
16
3339
1824
1618
17
6
17
7
154
3
109
132
21
40
56
1
15
165
11
52
2057
3
2
5
12
1
4
196
1
59
6
147
6505
112
2198
7
1
412
2
245
2
168
2
132
1748
290
1900
293
1
570
1
26
40
2
57
216
3
134
8
4
1
300
181
266
1
133
1125
1588
314
2
1585
1
146
1
10
7
13
468
212
8
8
14
11
163
2
2
171
169
28
243
992
6
5
1
588
66
1523
7
3
26
57
6
13
9
615
16
207
37
2290
4
1420
953
15
1
1
1
13
35
147
15
15
4705
508
3826
4673
1
1
125
998
1196
2
39
2
1843
78
47
4
587
1
453
2
29
15
10
41
807
2
1349
8
87
34
3719
465
1
1900
26
1
1
39
14
16
1
39
782
1
13
706
3
77
18
1
2
25
678
86
344
315
106
2
1227
17
145
14
30
1
3
2
102
35
1048
617
2798
2
106
46
1
1
407
3
524
96
21
16
52
37
111
1099
8
1479
4
301
1
3
119
3
340
80
1
346
1
1
2
1
6
940
1
1293
971
4
91
26
421
517
5
385
815
2730
1
5
7
8
361
2489
5
1
39
36
1
1307
93
93
7085
793
14
12
641
834
183
151
2
93
9
1
20
345
197
859
15
1297
2
1637
36
1
38
17
42
6
46
1
8
3483
9
2
542
24
957
1
1000
63
198
399
323
15
754
75
2043
3
5
261
647
32
1436
280
293
15
94
1
2
1
13
2
68
7
1
89
162
546
5
6
13
31
56
5
2
3
1021
921
11
21
23
4
34
12
185
2
1178
1
1
84
295
2
2
178
1
117
2
38
516
4
519
47
428
275
1
77
3
71
1
2588
306
96
22
239
27
65
5
3141
34
1
5
22
144
16
282
178
15
6
203
150
27
23
3
48
5
10
932
8
855
63
2922
1
1776
9
21
161
91
2803
178
216
50
1789
47
17
203
36
540
2143
587
13
83
3754
2129
23
2804
1558
1
92
36
2
16
5
16
1
1
968
2
84
9
28
5
2
25
519
198
29
23
87
1479
18
21
731
411
659
2
297
1695
788
8
224
12
3
6
3
93
86
441
1056
854
1105
178
79
2
7
45
4
752
324
114
3
960
2
3
59
1
249
14
22
35
50
25
1
37
65
1
309
4443
84
141
109
11
18
338
889
3
118
19
3
768
151
1
21
1
144
3
120
36
583
3
33
6
40
10
72
1
1238
164
9
2
2150
1
3
3
6
145
167
2458
2
5
332
9
1
281
6
25
14
1
16
295
180
2896
23
15
2
1
2
3
3
2
695
18
58
8409
946
265
1
2647
4
539
2
5
19
35
4
952
32
15
2
2491
14
68
9
74
178
2
1
16
36
3253
1
804
22
1223
84
128
1
5
24
21
1840
5
50
501
60
24
10
9
1
12
8
3
1
8
1
6
844
150
227
160
5
5453
246
7
136
2
51
16
238
29
281
71
74
9
112
1
7
1
5
5
1720
2436
927
13
7
26
2
4
447
872
34
168
23
3
177
331
2421
310
1611
7
36
41
1214
6
3
2
2
1
2
4
83
363
167
24
324
3
283
14
28
83
230
787
26
1737
5
3
1
486
46
45
4379
334
40
60
631
3
511
6621
312
2
10
130
5
1
3
4
2
15
36
4
1106
9
1
25
86
24
2
1
1
20
164
45
2
22
1
16
1
37
2
508
10
29
5
1
1
1
93
147
1429
5
508
21
3
1242
3
128
2
1
1
298
3660
1
6
3058
4
1580
19
98
102
3
2231
155
67
129
2
1
1607
3
1
3
2
54
3
1
447
27
195
216
17
795
11
5
73
5
44
79
2168
1
397
2589
451
43
9
186
11
392
418
689
46
1319
1
17
1
161
1
144
9
3057
1263
5
489
1
477
1
578
92
61
183
1485
5
1
2444
1
2
879
1
127
29
2
124
68
108
1515
385
1
115
4372
184
3
3
671
1
83
2
1
808
1
1
6
703
75
339
1
57
4
1
23
160
1
1929
316
1
10
41
2
1
12
214
2
69
1
31
1
4
1412
2
12
2
3
1
29
193
1127
34
123
159
1
43
1771
816
2
1
1
108
608
748
2
744
35
1
72
23
8
144
21
22
337
3700
2
1024
3
484
452
48
13
10
102
586
27
237
5
143
299
231
1
3
1637
2
8
113
225
2
151
28
213
1
5621
2234
2
171
1
978
17
89
15
7
39
2
1
12
3
737
12
97
12
12
90
213
1
1
69
277
105
2
39
555
113
1341
1292
46
16
1
58
18
4
11
17
44
40
256
13
17
302
23
3583
1
161
208
10
6
268
11
1
731
72
506
1162
1
5
18
1193
86
34
143
1466
253
173
10
153
2127
95
10
836
6
7
1
1967
48
13
1
119
78
1
1
1
3
3
1718
1
171
544
811
677
2008
967
142
120
4
6451
32
18
14
801
8
42
107
304
7
1
1255
29
196
84
1
1
1128
6
12
216
2
75
1
9
16
610
90
2509
31
1
96
6
15
8
195
2
721
9
2
474
529
20
4
3
28
1182
104
382
133
8
28
666
4
2
147
25
884
2
1
4
122
20
45
50
25
410
1
23
6
43
44
1290
3127
400
72
160
2386
52
849
857
1758
3
188
637
113
28
4914
500
1
27
39
4
3451
76
42
72
2
28
1
9
1
1
402
3
8
33
1169
12
215
2
3
1
1
21
368
6
405
2
218
19
2
50
1247
47
115
146
1
413
165
21
1
27
4
3
587
8
364
12
59
3726
368
2
83
1
2872
4
381
1
42
2064
26
1
1360
5377
18
29
14
2097
9
12
2
67
11
24
1
2
1
995
46
198
1217
25
3
29
8
1
2
2
4
4
34
1362
267
23
4
59
697
2
1
15
6
11
762
566
1
174
5
117
25
4
4
32
83
183
593
12
31
131
2311
38
1
1
1
906
7
1
1114
3924
10
1
10
2
35
4
7
347
66
135
4
815
106
1789
485
1572
227
1
4
891
3411
67
6
63
13
8
2
14
13
93
1556
33
110
63
579
3
241
2913
248
263
174
8
2151
762
580
25
160
11
1380
46
228
1076
21
2
2
82
12
11
3
1563
26
65
60
7
9
1
1
20
939
33
326
171
742
31
9
134
132
53
1
9
40
1
177
160
1
1
30
316
2
10206
2
18
8
3
2
23
115
2
1
2558
586
11
236
4
77
388
33
13
3
2
29
91
2580
96
1
398
1034
3
30
146
2
249
494
396
449
302
59
2
67
2
215
1
25
158
24
117
1
554
1
2183
10
2
2
54
199
3230
445
2
31
16
1352
120
1258
103
949
133
416
1
1213
35
3
1
64
153
960
1398
14
10
13
3
1
2
578
1
325
95
1
24
8
317
386
1532
1
1
45
57
74
205
598
2
3640
1
3
10
521
11
2
13
76
213
1442
929
1
54
1280
1405
210
1
8
71
2
1829
1
1
350
62
1
184
8
5
22
795
266
1186
1
13
540
4
362
2021
2
2
52
1389
79
5
2
1
18
40
942
226
1
33
22
2
93
51
203
1
936
44
10
300
3
3300
15
1
1
658
3
303
348
1
6
2
124
309
8
6
148
86
1
5477
1
13
2
315
54
1233
53
361
3
107
5
5
58
2098
74
710
25
733
8
1
54
78
111
26
1
18
2408
218
45
2
1
532
2
58
159
222
5
129
13
589
357
23
1892
54
4
19
1
35
3
484
1
21
5676
1
419
61
44
125
2264
9
3
489
373
26
26
97
1
2121
2
1
14
4
4
2019
8
4
14
72
2731
12
8
39
926
758
79
1037
1
1
77
3
572
143
75
56
2519
229
1826
6
54
24
1
74
4690
882
68
96
5
10
8
37
1
565
63
2355
1367
104
976
306
364
115
7
27
908
856
196
70
125
93
3046
4
11
2
3
6
2
1569
16
67
194
1
5
51
2
57
1
765
1
64
1
101
2448
3
950
1
1
33
1112
6
42
111
2
5
10
26
2
804
8
4
1
101
4
7
2
9
107
9
35
5
7
10
1
724
2
6
2
1
1146
8
1722
1775
2
1647
8
184
1
1800
9
1
60
4
34
1
27
155
2
1496
31
1
4665
844
25
876
63
35
3
2
2749
64
1
1
17
26
3246
7
2
1
38
3
76
39
30
15
4381
198
132
10
4
4
1
154
24
50
183
57
300
1
256
1387
12
761
5
505
16
7
1957
496
708
104
7
15
3
4
66
61
987
289
35
82
14
8
1
204
57
5
2
9
2
116
4388
320
295
7
3
148
2
27
1
56
166
16
16
1
3
214
590
1350
308
16
47
3062
1061
57
1
12
7
10
205
4383
59
5
1
37
4346
900
38
1
1
517
1
75
9
14
402
608
5336
6
1986
254
1
2825
1
25
3
6
18
1099
273
87
1024
65
347
11
1
33
78
3
13
67
364
2
4
164
321
2
3952
2085
127
29
34
1096
732
19
1
5
1
8
21
23
73
77
2
1
1
2279
294
158
75
8
1
3
22
56
1524
8
277
25
29
113
10
69
18
24
6
871
8
106
49
9
371
52
656
1154
4946
1
448
1
69
3256
2
122
121
11
58
63
493
15
340
2
398
85
2
361
7
152
6
107
18
8
11
330
3267
3
57
1
357
4
850
428
2
1
2054
68
2
23
17
1050
32
1
109
1
48
703
40
29
2
753
1
873
50
253
1
103
384
1
2
1
21
488
104
11
730
159
20
6
1474
3
535
35
18
161
35
14
49
320
1
7
116
68
576
78
9
138
1
8
29
653
1
1
6
66
658
183
1
38
6529
44
4
10
1
3
67
305
54
6
1
1
2
86
598
201
396
2
2
2
28
371
518
61
31
6
10651
4
448
15
170
59
1327
1
10
4
901
31
745
1
39
1
3704
486
1
1
388
280
1
415
2
390
24
26
2
146
1
1086
177
1
280
6
377
1
142
29
12
2
7
211
1
518
467
493
662
221
1
497
84
44
254
1
3862
216
404
330
3
37
911
1
118
53
12
657
1
11
134
3
574
1415
1
4
229
3
81
308
1032
2
3
121
1297
2
1
1
3
2437
192
19
10
150
147
2
1
1
2
427
4
231
8718
6
37
5
57
322
1
83
4918
898
2
1674
347
49
4
1435
25
1
22
1549
1191
1
47
2
22
1245
13
1505
1197
1300
10
157
30
162
1
652
73
317
1
220
2
29
606
1946
1556
502
5
2
31
5
47
191
1
130
1
6
4
58
19
38
290
1897
2
81
5
1
85
15
2514
1
144
80
6
4
8
27
1578
772
1
648
321
3
1
10
18
1255
17
20
26
761
1
1829
1
191
192
21
4
36
1
23
2
111
1
7
668
721
6
24
320
66
44
2201
579
1
1722
270
3
6
1581
30
108
1
1
590
27
2723
104
349
337
62
1
1499
6298
756
7
11
13
10
26
19
6
2
161
53
62
15
4
2
1418
4
6
314
21
51
1
88
164
393
9
524
2446
36
433
14
5
139
1
2
3116
1
11
5
2
11
1786
53
25
1
1700
467
5
12
8
1
25
4
1
691
63
41
8
19
1
1
1130
6
3
14
14
158
1099
2
1451
793
13
1
2
37
1
161
714
1
1
649
468
595
1
10605
2022
80
482
1139
101
6
19
49
334
33
81
624
16
2
2
2
1141
127
355
169
343
2
17
1
471
6
200
342
1
2
4
85
33
25
129
714
1
2
23
782
1066
566
2
11
61
1
90
4
2
20
14
1
59
44
1
170
21
15
430
4
20
10
1614
2
303
3
6
97
4
225
1
9
1046
12
38
287
7
8
16
710
229
574
1537
28
105
14
8
1094
175
1
766
32
22
218
1
1
1533
51
1
173
623
3
870
1396
1122
2
30
6310
1038
1
2
1418
123
11
253
7
1
13
20
8
45
1214
14
22
409
8
3
3
1590
16
3
3460
9
2
85
7
1262
4
4
1099
2
894
166
2
1
1
1
7
1
170
10
2
79
3136
20
456
2
744
8
816
1
16
9
9
60
2
26
163
51
13
1
6
1
4
3
184
1
180
51
15
612
9
189
2555
885
1055
43
9
9
690
2
1
52
4
11
1151
1
136
48
1
5
29
1
1
1
2
89
2
1
1
26
3
2
1
24
3180
179
2
145
4177
2
36
1
2943
10
217
408
6
1004
506
1
3308
713
140
3333
31
1
3
1
9
1163
79
10
1
1
15
10
810
2
51
8
1
9
1
762
68
328
5
47
14
1
1
32
14
6
1
30
16
298
2
2
548
20
6
1184
8
1036
97
106
341
737
1
266
835
246
1595
927
193
429
1509
1991
2
256
98
11
125
26
13
49
136
33
9863
1394
4
10
25
124
10
156
359
9
7
1
13
1
45
1
2
6
26
249
93
476
38
192
10
5
1304
7
1693
2
302
8
12
742
1219
3
3720
254
8
1
645
1541
228
57
137
321
557
1
15
2056
41
59
153
5
8
3
14
1123
57
46
4
2
32
973
9
2
17
284
2470
40
1328
731
162
112
1
1014
1302
12
5
435
48
86
53
112
999
1413
2690
1
36
10
401
3
27
29
23
19
10
189
353
962
214
74
3
80
49
1424
152
157
369
11
16
230
4
204
55
2791
1442
71
173
273
185
42
29
9
1
4
2
87
1
11
63
4
10360
223
807
81
1
11
20
23
47
44
528
2196
102
38
117
1
4
8
130
1
6
277
9
293
52
2781
68
135
3649
335
321
1466
3
116
1
71
342
2010
152
462
78
125
7
2
114
16
7
27
30
60
3
3210
1
145
7
9
18
482
117
1
62
133
4
2
272
3
1320
15
204
482
74
39
6
1003
932
81
4
1557
37
2
435
260
301
8
38
446
302
931
3
17
5
7
7
3867
3
2625
85
1
1072
11
3
10
63
19
13
150
22
4
8904
1188
3
10
154
1
3576
3
152
17
17
32
1
29
22
2280
106
20
2
222
11
210
400
1
98
61
16
28
5
610
1
1
2
8
3
1
193
58
40
46
5
2
344
1521
2
6
6
1496
594
2
6
637
2
28
18
63
6
929
679
4
67
34
173
716
142
1970
1603
4
8
2
1870
1735
451
6
161
1977
8
1
2
4
111
58
14
49
256
1
2
5
20
15
2
38
357
3
1
13
1
2
126
5
639
2959
1
1
19
1697
2
19
1
8
6
330
1
996
1
12
2374
92
192
4
1
124
3
2734
4
1
348
1
78
59
237
272
1
24
1
203
2
114
141
1
1
6
1
17
1
4
2
771
59
11
14
6
8
47
145
3
1489
6
847
11
170
2
537
2
10
2
4
818
1
140
122
382
1
19
353
2
3
79
2
20
765
1
38
597
1
332
756
41
710
46
8404
20
3
47
311
1
4
140
14
15
68
1887
826
3674
2
3
27
5
139
11
40
1
280
1
8
6
1
1
169
6
24
6
160
6
107
2659
1
1605
122
246
7
3397
280
1
1
26
1
2
3058
1
3
204
1
19
1
21
1
38
5
2
34
2233
3
3
5
15
15
73
38
5
3231
1
3
1
8
763
596
2
4
1751
154
33
11
3
64
98
459
2
1943
22
607
749
1
2
96
230
1425
6
172
456
17
32
24
59
95
34
2
77
1
9
12
272
460
62
218
843
20
2
2
9
2
1
124
339
9
8
2
488
1
3
2
170
17
1
2
95
1
4
4
14
1341
5708
86
4
593
4
24
1785
2
1951
1
19
96
197
1
12
1
3
819
21
125
112
6
1413
1
2340
785
1799
222
1
31
13
4529
2935
495
57
828
3
34
56
19
2
81
369
7173
3
176
8
41
527
178
5
1
6
281
2
1643
1
433
585
9
10
2
2
201
746
186
24
27
2390
2
3
332
2
7
1163
803
1204
51
22
3
137
31
2474
1
28
13
4
57
188
26
1
4
659
1
25
3436
199
9
40
671
18
88
28
13
21
116
428
84
113
33
1
35
2
27
8
318
8
978
4
865
68
299
326
1767
11
1
8
59
604
1
6
711
1
23
6
1
131
4931
1
20
14
568
1
153
119
54
1
295
35
185
7
4630
9
3222
1139
58
4
3
13
1
4
17
515
126
45
21
5
15
1
2
1
8
135
48
37
12
10
4
285
2
1
3
84
38
11
880
1643
28
49
757
18
426
4
57
4
7
12
3
597
17
1255
5
7
7646
40
3
54
3
79
123
533
716
27
11
223
1
28
2
531
10
13
1
114
4
2600
88
19
3
1
44
398
681
59
57
638
66
9
72
2548
3722
46
2
16
1195
2
527
136
376
1159
1
2
16
1
56
5
139
53
1
5
41
521
4
63
3
2
1038
34
870
5
5
739
14
178
1098
204
1117
2
40
29
499
2
53
29
7
11
4155
456
6
26
4473
17
102
13
1321
1
10
26
21
2
988
1762
1
368
17
310
1265
2
146
15
16
3
610
33
131
2
75
21
1080
1
25
5
4013
2
1
267
405
9
14
1802
954
303
54
201
148
3
1
17
2
2
29
1
2
2
945
224
17
2
60
2
3
2
963
26
399
107
1225
5
2
7
5
14
21
10
332
309
1949
1
969
1
19
35
10
8
2005
2
103
152
7244
499
299
12
18
1283
69
344
432
64
27
9
14
34
295
33
39
2
16
14
224
175
606
11
1
1
80
1
1
3849
100
3342
2
11
42
35
33
4375
28
1
192
1969
2
270
860
286
158
4
3
38
12
1048
13
261
114
3284
7
1
54
21
37
1
444
410
153
122
2224
2
13
805
69
1
600
11
4
72
472
419
1223
73
52
587
791
6
51
1131
52
1306
731
48
286
24
1984
160
22
273
7
138
4
23
1447
83
29
9
1
2
1
4
76
261
59
34
176
1622
100
28
2893
3
1731
24
14
444
9
18
16
102
1
25
174
2
358
2
17
6033
1032
26
14
12
325
5
4
38
514
167
1
189
5247
1021
10
16
593
26
10
25
34
5827
345
30
9
405
378
2
82
312
10
1402
138
17
149
24
24
3
389
2314
754
157
1
17
179
8
1
11
18
606
1
5
16
45
5
3
3627
6
99
60
238
31
3643
643
130
80
14
1
4
23
140
1
223
623
1794
10
722
122
3
1
736
1
7
1
2
37
15
1630
11
14
2
269
15
12
472
220
4
2
1
515
1
36
129
16
1
5
438
418
7
2
6
1
3617
637
49
12
17
1
114
4
104
1
1
54
1
2
18
82
54
1
20
8
2240
1848
5030
1
377
21
18
175
135
35
7
25
3
2643
1
13
12
12
481
19
57
42
10
35
130
1526
149
1
216
3
11
1
1
2077
903
2
634
5
6
9
10
77
349
3
4907
1726
8
11
18
2
1
89
374
333
19
4
7
2577
571
267
11
2
526
4
593
222
554
2
3379
1
5
53
6
1288
56
2
76
4
1
2
136
96
1135
342
328
16
1
1148
57
2
14
96
71
1
587
617
42
3641
3
338
90
1
31
175
2522
2
594
1
1
1
840
10
2076
2167
4702
1
1661
2
35
19
26
1
4
1
99
1478
38
8
77
437
1371
1
16
6
19
3
100
80
2
4
12
92
905
4
5
3
766
287
1248
2
476
3052
126
34
674
677
434
25
706
221
17
1344
237
7
21
2
2
1
1
166
869
1
2
71
3
355
18
166
10
50
3544
1632
575
2
6
8
1189
2
139
10
488
12
14
43
2
8
25
4
45
1716
1628
4
309
1117
29
196
28
117
58
4
130
2
58
523
131
4
844
265
96
43
168
370
2
21
18
1
148
20
3
47
6
1
3
18
474
1326
200
2
6
1
113
3
6
1
8
3089
6
133
30
1299
530
447
880
67
1
29
57
86
1373
1840
92
2
353
211
17
2
978
950
626
1
10
5
3
3
24
22
43
3
50
6496
2
1156
8
43
107
7
9
25
2
57
4406
4
487
14
1
162
4
130
5
128
3
48
2
1
252
66
9
3124
2
131
3
6
2
136
25
1
41
1747
8
10
1027
7
4
143
1
1154
1
1
3
12
32
9
45
1
504
37
2
109
15
2
26
1
14
157
10
8
1
3078
560
3226
3145
349
8
41
19
213
19
8
174
51
73
737
1
1
191
5
25
1
1
14
821
1
50
6
122
2
7
586
982
381
8
2
28
5
983
2
7847
9
48
1
30
14
27
2
158
113
51
1
1
56
55
7
18
1
346
261
1
1
18
1153
6
1123
2
54
474
6
155
122
1049
11
1
3
1
2823
97
377
39
399
22
1
115
2234
7
160
60
51
124
631
2
17
2043
1403
1
1
89
122
25
2
242
1
2102
254
1
1
66
1
124
1
3
307
224
2949
100
18
1368
1599
23
7
14
65
3
6204
207
109
9
84
2
3
45
1100
1331
28
3
36
5
231
1788
1967
37
1588
515
7
6
1
122
4
1
401
180
115
38
214
21
1
376
128
918
8
9
484
15
2
1069
1409
2074
140
14
31
48
3
3
22
1
2
195
8
2
120
9
400
1
3994
6
3059
290
4
59
11
656
2
4
37
8
2
1
3
147
681
1
7311
66
5
1
16
26
9
759
429
2501
1
3
45
1
4
67
71
3
980
160
142
2
3265
2
1
1
1497
487
59
1670
857
40
31
516
29
116
274
189
1
1337
15
3299
7
3
5
3839
1
1
1
16
186
5
7
404
19
879
17
1891
12
1
3
192
554
1
4
253
1
2
14
52
4
33
2
1
174
93
82
2
634
5
115
28
52
6208
35
1216
12
1221
39
3000
7
1
114
667
18
34
45
12
632
7
3881
162
386
1345
1014
5
101
21
2
347
4
2983
451
1
680
59
1
10
1966
3
1306
25
885
67
7
180
81
24
61
869
251
2
140
11
23
2
5
48
102
10
32
15
29
516
278
4
1199
27
112
2
11
3
4
422
54
786
392
1954
25
2
5
14
2
88
7
1944
1
124
15
56
4
6
11
13
4894
674
6
41
2
1
3
9020
5
234
19
1
29
133
856
15
2128
64
9
1
192
7
8
18
68
7
5
24
19
1866
4
32
11
31
6
14
9
27
157
5
794
2516
2124
1091
740
104
190
5
46
625
33
11
11
11
60
16
101
4582
2
67
7
118
3433
3
25
9
240
9
1
2
2
60
116
6
476
808
343
2
1
49
1
1
70
2078
12
391
2
5
119
1
8
11
137
7
1
11
1
68
1
29
6
712
2
11
27
2010
13
1
3
360
6
130
1467
236
30
322
24
25
757
2
10
211
145
34
245
25
195
7
1
3
1117
316
77
822
1
913
18
321
32
49
13
935
3
2
23
69
26
6
7
4
2
4
242
2749
2
312
2
16
840
1974
19
30
14
4111
337
3
606
542
1368
1048
3
245
19
38
19
3
30
12
8
5
1
10
16
588
809
41
15
21
221
4
11
8
1414
5
193
142
533
279
1959
1036
686
2
80
187
1
2
1455
809
12
29
144
113
4282
13
6
205
161
1
2
1
1347
260
521
1383
31
11
12
4
126
39
678
1
157
17
636
108
1
2
4
10
1533
79
2
6
6
223
154
377
416
3044
3
165
1587
822
78
1
23
4
27
4
2733
1
1
3
15
31
18
1
2765
11
286
101
8
2
2
49
2983
5096
244
47
6734
1
4202
2
1
1070
1
40
164
48
2
9
2
1
1
34
147
20
113
4
4
1580
4
40
24
16
844
2
3
31
100
4
93
5
636
35
2
7
3
2
895
111
7
15
17
94
12
41
135
2
1
157
237
552
36
1
119
152
19
1
288
11
566
806
1816
259
1066
181
355
3
16
335
8
579
10
6326
2
147
144
2232
6
36
720
2
261
1
4
583
1441
2689
1757
212
1
409
207
267
5
11170
103
1
40
3
12
1
863
3
2
73
1
69
4
2376
521
2
64
342
1835
1
2
110
32
6
11
5
20
2721
421
177
628
193
1
576
78
1974
1169
4
1360
193
438
3
227
9
1
207
45
266
51
157
56
1153
2
1
7
15
1225
9
18
9
59
3
2
18
1
69
433
18
3
12
3
39
119
271
11
58
2
51
1492
128
6
142
452
2
1593
35
35
1
12
135
2282
4
2
124
3
2
1
156
1
205
1
388
118
19
642
1
3
291
3
19
3121
1460
3
70
332
4
50
3
8
1
34
1
15
1075
43
15
69
2252
177
472
2
4
1
80
1
3
15
1701
3
2834
2
116
13
51
8
132
3
236
3
11
462
1
463
252
2413
2456
2946
286
3
9
3894
2
4
80
20
2009
209
1
121
2
178
3
6
7
129
1
2
1
311
293
3
7
1
1
1567
19
26
81
2374
40
14
11
512
10
705
194
300
3
36
1189
7
5670
28
37
89
30
34
332
78
198
17
40
2172
1502
398
7
335
119
12
193
5
6
72
7
2
2642
1
4
5
121
14
1
2
15
36
5
82
33
92
629
3
75
1
7864
11
1
123
4
72
7
1
8
97
961
6
3
6
6
1429
30
2
4
7
1719
1
233
4085
1
4
1
4
4514
3
171
1893
9
3
40
16
11
129
1
1
2201
199
6
235
30
754
23
9
3
1
5
1
1132
5
3
7
289
5
1
3
2
1
2
96
127
933
19
8
332
1
7
39
35
45
2
6
5
299
20
2
1
315
241
2
6
16
513
6
1622
23
33
128
533
1643
3089
5
831
2
1362
591
2
26
1034
21
443
23
2
5
3
1
1
2
2
225
803
1
3
3
3121
3
1044
18
2
37
2
1434
461
389
863
1
779
7
195
1720
384
4
4
505
2101
1824
178
87
180
574
1
186
2
1402
1182
113
2
771
2
1
1
2
88
648
4
2392
25
28
10
1
224
2335
150
383
4
295
489
2
393
1
1
1592
17
194
51
8
2
875
193
17
455
3
241
60
224
186
3
2367
1
7
43
383
46
883
23
23
24
223
46
5
42
89
2
81
5
134
195
599
384
1623
1
4
3
680
13
130
5
6
4
686
14
57
1484
23
448
21
8
483
20
77
3
4
33
3452
19
1
1
1564
2402
47
20
375
53
13
1
196
1
21
31
17
232
86
15
3749
57
131
95
121
1
10
315
1
6468
26
607
9
3
24
103
6
184
149
1
396
38
23
33
4
1
2
38
2432
461
688
6
581
24
1
815
3
2
1
42
14
2522
87
1168
221
2
92
3
674
9
4
1
7311
126
2
1286
2
164
135
1
2
2
35
3
110
318
1
1
30
1841
398
16
19
1
1
15
1
66
11
4378
40
1393
1
28
2
1336
5
9
2847
1
3
13
14
323
4
337
4
697
6
144
29
1035
18
5
4
907
599
4
583
779
458
4
9
1
1
3212
1
60
1
1
171
36
372
1265
45
1871
1
13
1
1
25
63
22
7
2985
13
1206
4
203
68
481
1
231
70
1
5
2771
423
46
7
87
60
21
27
2139
6
1169
49
173
1
9
8
36
19
5
44
18
3678
7
3
1406
8
22
1023
26
16
18
25
1224
1178
45
121
1022
109
204
100
142
1119
1160
2282
6
2
229
4
7564
100
20
9
23
7
4
51
5
1
4
157
2
13
33
5
17
41
2
5
1754
46
532
86
243
1580
219
622
3