39890362
32
584
2231
4295
19
53
25292
3139
900
884
5617
60
184
23901
1005
18
431
853
27
13594
40
2
4943
5
1
443
2
340
40
31
222
1
316
424
226
1
2
6
29
5
20
17583
242
197
166
7
2
1
1
120
13
32
15
2818
466
4789
277
6
6375
71
1
1102
3288
365
22424
367
484
20
2773
1
1683
6
20
928
185
3
943
5757
880
243
1210
297
85
4724
2
1
705
103
4450
6603
506
2
6
11919
672
44
7751
7
168
9
323
41931
160
369
580
68
2
127
1557
1
18
16
1487
2
1036
8282
11
173
233
41
1419
11
1285
1339
8
1
110
1394
4645
22
18
56
14103
5
3705
2058
1
4
149
9
807
15
1
13
249
3082
202
74
672
62
2
6823
23
142
6
1
71
1
21
3
4120
406
8269
1
56
6
2
1862
1
9601
6
99
2
5
9
31
3584
27
9
3
2706
4913
135
1
7019
3
1
467
101
1
4
346
7
22
6
49
57
13376
20
1441
215
499
56568
2
11
2
2
9
3
2
2
367
1
159
941
22
155
26
17
25724
124
1
752
1193
44
1
187
1
10
1013
72
57
9
3
98
12
1153
142
522
720
2
4510
1
52849
2
3
1
4207
34
23065
8
1
68
2
4015
6
1
10
3
4
14
1
2564
21
3
5075
19
28485
1725
1944
8146
803
1469
5
17
2
2
24
3737
1
84
85
124
8345
158
1
1
1
3151
4611
2
2838
1
111
25
14263
2
318
2963
5
1234
208
59
42
46
98
249
307
1794
2
444
20
2
2
1
2
42
10917
1
2
16
223
712
548
4
18
2
12
4
328
50804
2
241
126
252
1
39
7
86
931
106065
6336
2
6612
1166
118
432
78
495
1
5
16772
2
28
647
14
2867
15
3881
407
68
432
3342
42
12
7
1
4
19
30
11
29
345
1
36
13068
35
8
625
28
182
209
25
82363
54
8
1
1
744
1291
4
2662
366
271
5
1
12
1
25
1
5
1
41
7
3128
491
2
165
212
8
20
2
1218
1259
511
26
11
2
24778
17598
31
50940
3625
7
452
2530
5
55258
21289
51
88
4
28473
61
320
2
5
1
280
5480
118
231
30
36
38
5
331
1425
147
1474
10
1095
689
6072
114
42
16
6095
1800
5
9267
18
4
119
443
1
5
84
1262
1
2
7
65
32
173
123
3
1274
898
508
1
10
1
110
177
64
13
1436
11326
3946
138
68
68
2640
11
85
19
76
426
37
253
54
41
141
9196
8688
34270
166
60
53
4
58
53
4212
3186
10154
8780
44
10990
254
1
385
1
25
19
10
1372
2678
4
1017
7
2772
1
7
9
1066
203
5
278
184
620
1
6
6995
3
16194
18
74
12229
1509
3
18024
16
132
50
31
378
97
14
8064
2
308
27
1
6699
227
1
16
9
70647
47
484
211
61
2
1397
3278
988
1
77
17
3
34
3
6
65
831
20
1115
14
7
20018
7
1203
165
14
4995
1
13
4
927
16
77
40
3
350
4
5
347
233
41
20
430
818
38
2
101579
71
22
221
45
8
279
1
11
496
79
25
402
623
102
23
582
12
18
97
116
107491
126
4
26
8
118
56
6
390
15
17
399
2
26
1
272
3186
5
4583
4
13
9
205
1
255
67
1
1233
1
116
2627
13
240
7149
2
24013
35
18
1450
379
3194
1
17859
78
22500
62
1
9107
350
4
137
255
2
20
205
2
20425
16974
21
91
1
751
289
2086
491
76
57
8
5586
77
7
29
22445
2433
1
344
3081
56
2
26
11307
1
7
5
28
1
221
3
9953
8
1267
1
3892
1
1166
12
109
30679
47262
6
3
1
3
1
30
21698
854
388
7
172
6
4
925
398
783
150
125
4978
265
216
23220
1
510
36
1
6
48
1
12
13
2
234
4
177
487
13
1866
37
330
2746
1
84
53956
48
7059
3855
131
1
1428
2
41
1
1186
103
2912
14849
522
6
42
1697
2
37
206
23
1
162
166
119
31
5
3
2
118
20
23
7635
155
5556
2
2
1636
6
39
19
17
4872
1031
10091
50
7
2
14901
76
185
10
3
12
40
875
1
1
910
1405
599
49
26
27
1
13501
202
9
1084
1
8472
33
1099
9
14
2
10
32
3
16
1985
55
45
10
27031
3
89
37741
13
115
28
52
8
8530
4437
6
71
453
8302
67
5
56
168
14
2
273
11
19
93
1
35708
13
19
4
26
15057
37
52
311
40
15
1292
31
2683
5
2233
2495
1
7
22
1
15
17
12
2
6
203
45
133
17449
1
3
8
20
20
65
141
613
207
845
7
173
4193
39
6
16
267
1534
4
16
1
55
1
2
14761
31339
52
440
6
41
15323
1737
33779
2
3
2640
1
122
5287
244
786
17
1
8
303
459
52
264
15156
1
1
43859
8
4
718
6
24
154
30205
3997
4361
1
176
59
102
3
36
3
24
4283
51
55
102
51
100
1
29
330
494
1
13336
19
3
214
2
1
2
11
178
51
872
7
1
177
106
20
206
10088
2239
33277
351
18823
2
2045
58
20
107
18
240
4
4
2
3
2253
100
4
83
1
18487
16
1
50
1
117
31
4
31
1
44811
510
35
12
12
1
34
39
136
5
12
25
6
20644
93
1253
5
4
3
1
79101
13
3051
258
174
388
12639
2175
11
8129
24
1
74
5
10
2763
2
1346
1107
283
72
3115
42110
4
12529
63
1
44891
1166
15823
39
413
20
584
36
1
6
6420
709
1008
14756
2
14
2
28
18
2471
17
3
1
2
727
385
2552
3495
4869
1
340
1777
599
486
28
49
4
2
2
1697
6
5
3
4
552
935
12
74
6
2
1844
44
1
2
7
3
4
157
74
63
8373
550
70
23
15869
21
46
12
16578
524
1373
4677
656
1458
431
381
167
2406
55
5
17
34
2
30629
1318
3
68
8
133
395
7643
2704
594
66
33716
8554
4
1
1089
128
2349
251
336
1
471
20
1208
537
33011
4945
8
22985
19
17
2192
4
8
16711
3
44127
79
225
3067
3
2
1669
56
668
3996
224
321
257
18
72
1
38
1
151
5
1
2
1
10
691
26
9126
244
315
1
912
6
11
980
2
1
739
15
1
33
1
12
17
945
6
1
105
3
5774
3
27
4
1
84
33
2
22
1
7
5
222
83
177
57
7
10
3
74
55
6802
33
30
13
5435
23
2944
14
8
962
2
3
11
14
11
1249
23
7288
1
135
2
12
284
11
1277
2376
516
25382
3226
41959
1470
648
25
1
98
2834
1346
2
1
23161
68
852
4
1
1019
160
2
3
1351
608
10328
1274
1
18
1
331
150
1
2
15
1
1
54
378
12
8141
1
2928
255
2
4265
540
237
9938
117
1
92
92
1
4
1
3
378
116589
705
3
168
15
3
9
52
984
12411
19940
4031
5
4
1
188
47
22499
2
26818
638
26980
149
2
11
1
5849
4656
1123
5
2
62
6369
11
35
1
76
1
3194
17
26
28
341
3532
2
73
5350
1
22
6
4
508
11
213
6
11
2110
227
90
1
8
7
1292
3
740
30
13
5
13360
13
2
1
6953
20
37241
346
1
7
4
5269
1
72
1
34
2264
13
3
3
1238
5
1
122
1550
6156
5616
145
5918
6
42248
976
53
3
10
16449
2
342
2281
49
2371
926
6
931
243
10
16
7
10
199
101
9
1
4
9538
38
8
101
21217
23
320
5
8977
52
1412
1
33
206
2
1889
404
1
2
127
15
93
28440
1
13942
153
160
2453
1
10
6
77
385
237
20102
2
73
14
36
13111
406
1
1062
179
41
11
118
8
17
1427
5
401
10110
8
1
8
2
27
91046
250
6385
1
223
1041
20
41
7
27
1907
42
1
866
1
4
11143
5
1723
1
153
4
218
37295
1521
554
28941
1368
1302
6
104
253
418
15266
273
199
4898
6
247
2
668
1
1824
2
4152
114
12
9758
2
690
71
4747
3
8
1
51
27
4
13361
182
1
66
33
164
4
234
507
62
82
9
926
418
2
1
39
381
7
1143
2
29403
6121
1166
4
6000
865
2
115
541
7
1
556
1
1
10
1
5
8
4
59
21
7292
664
1
12
3883
1
77
17
4733
3
3
8
6121
1279
14
3
2175
3385
3
12
1
1465
2
9
129
1176
1
7628
20
1
200
37
40
767
36
9
1
1
4
2408
1
16
4
70
2
96
859
30
631
11
32
6
347
2
257
67
447
3
2036
7
100
1038
542
19
1
114
54
475
6857
24793
2
308
5639
33
5925
10110
26
367
35121
3748
26
202
850
2987
5
1
9
41
2
17
16988
20
1
4296
24
1
2
14
86
399
38
8848
3556
1
2
2578
1
29
235
302
77
1
319
1181
13
1283
543
15
120
95
183
2750
3
5
8739
2
5
5838
9252
88
601
106
132
1
163
66
1812
3270
13
129
8
207
1
22
5735
7325
1417
189
16314
10
3
481
16
8
36
1
4
1
741
162
23625
15354
1
15
1
3
838
70
5
42418
2
84484
1210
10720
2370
6
1212
9458
4030
427
124405
1510
30
174
81
1
1747
16
26
30928
1259
165
2328
1865
4
1
1
45
3639
8643
1
8
630
1247
1
114
149
4
40
33040
23
2
3
766
2
11
2
264
1185
5
4029
1
1
30
80
48537
3
6
8
653
11
28
88
1
1041
62
10
45
11
637
166
8
533
2
772
301
9
25069
5386
3
242
1
11
15660
30
4105
4
15
866
3
71
392
1
5
8
1
25
67
978
386
20
4172
604
70
262
131
1
9
3
1
2316
30194
1
15
16
1
17
632
3
36083
138
7
27
58
6772
83
3716
5688
12
21
6
4286
369
1
567
147
9582
2
52
1164
8
1522
1096
13
284
1502
23050
563
28
99
4
2
2477
2
27
7745
3349
2
2821
3365
19
438
2
8
4
4
2
10
3
4780
180
36
7
3
39797
144
22183
10617
7
311
11
250
1
8
11047
1228
21
5
3
10036
9
264
1624
20
25412
5
41671
10919
106
11
3
1
63
193
8
322
4
1
1251
296
8
1098
748
220
1
3
9
98
67
2481
4
18
11
4343
171
5812
19461
1
1140
2
369
325
31
2922
650
5
6581
3
13
1
920
2
31
2
13
1645
25211
1
5
3
1
1
403
611
1
318
10
1
1912
9
1
1
15227
32
238
7
489
25457
19
1
952
9
508
4
27423
1235
1
2
25
1
1
1
2666
9923
353
1
25546
33
238
8510
120436
1084
6
7
9779
10
1
35
38
57109
943
1
428
1521
5480
116
130
2750
186
7
3
31
697
159
39
1
4231
22
7
28
182
4
1
6
3
800
3
9
1
2
6
56
525
6
2
41
10504
3467
2
14
8
1821
175
9
21559
11
24
69
1
4460
5
1
26
19
483
1177
743
3
36
1
9
40
19
1034
25
1
2
1
2108
9991
40
10
1
30251
28
28
5
5211
654
117
11
5928
24
4
14
412
1
5
231
1
1
46
19
3920
31
830
1
8
4063
516
9328
5618
64640
14
6
5749
8475
2
200
458
2
985
668
37
259
2
684
5284
6
1
1
2
6
80
94
2
3
314
1
38
189
23
2
2
2797
5
4
275
7889
21
9
10
842
41
19
386
4
4
3
22
59964
2
68
112
572
1
574
11379
1
207
28
9
107
2
598
71460
260
177
15
4
3
1
257
718
22
4427
46
5190
1
921
73385
3
19
2
17
31
3814
126
19
3149
11
217
35
52
19073
109
1
4
33
1978
136
10
353
384
2
418
7
57
11
52
5904
4338
1110
809
3
1835
3
1111
48
760
38783
1618
2
152
182
3
94
84
39
179
37625
142
62
1
146
8
1
1
13252
35096
2
5
34
3200
212
2
2
53
7973
7
126
58
311
182
47
3477
10599
9
7
2
4
452
1
1
25
20
342
44
10
126
16050
18
6
164
8
23953
2
1
1
10988
7
60582
4565
92
45
3366
25
283
4
1
335
3
2147
5430
263
2
2
327
2
1281
43
3980
122
10
11
16
1
19885
5831
419
3
1
1
47
1111
19
1531
98
1076
256
414
2
935
1025
8317
57
18
98
1
1
4
427
315
1166
604
1
14906
11330
5
96
1192
5
1787
2062
31
1320
6
7677
2
14
30
9
285
5
1
862
2
3
20
9431
12
2
726
1
1
47
15
11086
17
14236
25
444
4710
346
70
6
294
4426
401
7
912
1
4
22942
2
102
1
33222
655
7
105
7
206
1
14841
4
349
5
1
3
27
12
4
1
163
9611
10425
27
2
7
1
5
16
715
7
2313
1
9
9
1138
1041
1
393
2
29
8403
3
1
11
4
18
16
1
34
131
201
2565
18671
226
1
42
70
13
152
212
24
265
139346
3
15
3163
162
1322
2
226
5
3
148
147
2
756
133
38
67411
1061
4
400
6
24
10
1
6
2
68
18
2
1
1
2512
55
2792
138
3341
53
9
301
7960
1197
1786
22
112
25
10
676
6
10478
110
2
10124
1324
1
40
21
2
898
2
540
645
2
1
15
51
81
19
1
1
117909
4
2254
2
89
89
11
130
92
20
324
1394
84
36426
79
20
41
3992
5
44
25
2
7
4
1683
413
67
102
1113
116
206
6
5452
368
3
4
25
28
31
10734
152
63
137
3
275
42
47
1
1
39
4
202
70951
3
555
11
1386
9
1
2005
332
1548
8432
14
7
497
88
121
6
144
113
2
6
7
10
1395
1
4
508
718
1
1
2
1131
13694
47
42
288
1
11786
322
8548
67
7
44
1
1
6
5252
7
1
243
3
6
1
3
133
60
103
22
5418
635
26
21878
632
2
7
10319
10
1
3
4
170
79
61376
7
33750
1
110
2
2238
6477
1
152
31
16220
5
111
3
28437
1
1
1
891
98
16974
92
2314
21208
23
51
8
10
1
7
1550
536
3287
72
27
133
39
6
2
266
21574
9
2
22
4
8869
780
1
96
2
2137
500
16
5348
1
1
1
106
8
305
124
870
2
3
603
9
61688
37331
37
93
3102
2
3
7183
1
1
8
5
6569
420
82
44
13204
1
1139
7174
38
42
20
42
3
1
247
50160
81027
1
5
2629
174
13
2289
41
1889
47
1
32402
99
11
2
60
13
2
6
1000
6
79
88
20670
1255
103
996
5771
107
4
10
150
2
46
59
38230
41992
608
26220
3704
63
2
314
76
1
90
2
560
11
146
1
29
1
177
2
92
16850
163
17
26
10551
13271
66
14
153
3
494
37
119
622
5
5193
7
21
32
27358
3
10
3
11
76
4323
4746
44
35
2
8
9
4276
34
3412
4
9
7
1
1061
2851
62
2619
1
11222
2937
1
141
24
666
266
166
3
1
93
14
23214
3
1
7
85
10291
743
583
11252
11
1
911
8
53
759
3972
2
17
8770
1
9
112
2
114
462
2
662
17
653
5
16
416
65
404
3
384
540
1194
31
17
1
1
35
3
70
14423
914
501
1060
23020
9
3245
13237
21
132
1651
1
119
8128
3707
347
2087
38
2455
8037
907
30
526
3
8
4
941
7
2
11481
5
1
4014
1
11
255
10
39
76241
14935
170
5
161
1
4470
130
12
10432
270
4044
602
7
2
33878
17
1
6
6
613
2164
33
35579
4
17
472
12992
136
1
86
206
774
1
17
75
2
2971
7478
25
374
1
83
16
2
5471
2
5
41
77
5
281
28
1
4337
9
2
16905
14
1
13661
8
46
864
11799
19
16
1
112167
76
66
1
93
127
251
5346
3
1
2
207
3
335
85
5620
5883
1
1209
1
2
742
496
3
4759
3481
566
646
13327
91
35
1
6
3
45
168
11
5
464
182
8183
4
2
123
32
15
675
23600
62
4
35
1
323
526
30
1
2
1
8
365
258
2618
255
1
402
943
3728
5208
50
22
316
5
2
48
168
14
14
9
2
17
25
2444
154
5
1
4
60
9
3
8
73446
1
9
2
260
7042
521
13
3
16
2186
3035
8
21
50
758
6181
1
10531
14
8491
1
297
1
16
4
4
3
85
50
6487
17
1581
1025
14844
13762
683
36097
5
12
5
23
283
16649
1
31
10
2653
17
670
3
3219
1
2
5
1
2
2
253
5
185
1
6004
5
165
1
990
24054
3
131
211
4223
51947
3
40
7955
5
1
59
806
5364
1
41
11
32
24
54
5
40432
16
11335
3
1
1171
15
5
1
5
3
14829
595
1
1
294
4
26
39726
108
63
43
12
12238
227
151
1
6531
80
6
7
44
6
794
9924
125
15
1488
5
1
73
6
3
671
1
1
3040
16
107
1
1
3795
6
1637
34823
4
27
65
174
916
133
756
1
5169
1
79
1
118
1
24
10
2
52
66
963
180
901
590
3
1892
9
11
667
196
2310
90
23762
2
30
1
5
9
64136
2
10
1125
128
72
22
26768
190
32
4
33
1
2150
164
27
10
141
3255
1
564
59
27951
2
2
2
14
731
17991
19
7
1
7
2
7
32
124
25026
2135
6
1
13
2
2
3
424
431
8
6
1
4
4
8
2
1
1
356
32783
20
2
24
2831
22
1
26437
3388
9
10701
98
5
4
17
21425
589
21
17
8033
9846
17
4
777
11
201
2
1
9
15
16
186
1590
91
21
1
316
1
17138
681
48
15
270
6
2
4
1
98
23986
4458
5
1120
103
2
1
6
1316
6063
19
3614
268
1
111
36
48
1664
9019
10
221
219
1
2
6553
1202
17581
327
5
17
651
1227
10
5
19
161
1
1713
150
1114
151
1
2059
191
707
17
15517
13
29
8670
188
47016
166
516
6
191
515
2
5640
423
2
13979
41
3
1
1
75
4
8573
47
313
11
1
9
2
7685
7016
2548
1692
4
7021
7610
1536
4
39915
4
1
246
7267
3
5882
7
14
60
184
2
1
9664
302
63012
1
3580
7
18
1
8477
6
116
6453
4
38
6
1
5
1662
1
91
39
4
17
2
31
3571
9
2273
281
1263
2
9
2
4995
25
19151
1252
1
199
25396
20
12
1
563
1
2
181
3
3
2
4669
1
2
19
2
89
75
18
48
49
24741
367
46452
158
4
5
5026
6907
1
4
502
1
1588
254
4
2
4
503
1577
3
6032
1
60
109
4
2027
1245
130
1
7031
7
77
4
254
2
240
1
1
43
1
5
391
78
2
409
1154
933
13
199
2
1
493
506
1631
9
2341
3
119
2623
9461
8
31
190
125
44418
7
4
112307
10
1
11824
1
267
1
1
2
38
9145
4
19
9
1
7
45
260
64
1
102
4146
1
209
1
3
26100
6331
4
148
1
724
5866
1236
32
779
97
15
1
19
61
14
129
2
65
32475
10
443
7
10
1609
865
74
4
1
55
1
1163
2
18
2
7
873
3
11
4
49
302
49
29437
1
3356
5766
4478
577
75
195
6
1
412
32
4
4
158
3756
15
389
11
6
1100
22
504
47641
3
495
9
6
22209
110
1
4
4722
1
175
399
38
464
2
129
1
16
5
527
1705
141
46
38547
3
5
7261
2
57
1
1056
1
3630
1892
4
2
12
651
29
14
21
5
1409
24
1
9
1
98
113
98
66
15299
1
881
4
280
161
3
3
167
138
19832
2
231
9
105
10
14
11
44655
1
22
2388
1
11223
45
314
850
648
372
25
4472
1380
12
1
1076
67149
9
32
27
8
3
6829
4134
6
136
12
1995
1
2112
2867
211
14
2587
220
1
2
11
269
362
168
2
3988
162
20
2185
1969
348
100
47675
2
797
127
136
27
168
978
180
29219
81
18424
1
23
416
5
95
1806
44
417
31
3
3666
49
446
1
21
992
523
39
66
1
137
20
1
10066
29
3
120
64
4
10859
38627
1
4
680
164
20
4956
13
4501
219
24
26203
90
1147
925
3538
45
1
1687
4
319
17111
6
5483
254
1
2682
4559
14
357
48
126
3352
485
2
5
26
11
83
2
11
1
21
60
10072
128
1
63
542
631
32
12
109
37
3
598
1
4
2
1
173
67
2
6
3
136
53042
8
1702
2
1
109
491
29
166
2
4
80
3
287
2
185
167
6
11150
21567
113
2
81
151297
120
118171
2
282
73
38
340
281
1
221
1
514
39356
17
54
2
43
21
1154
758
146
2
37
8644
10
20
476
252
4
59
64
17
1
12
6588
137
2
3957
3
50
55
1
31
698
8
37
52
73
1
4
27
28
1617
35
43
142
1
5
7012
3
2
49
9
4
19
5
62
2984
1251
464
122
19
1386
38136
1
446
5
3
146
15355
35397
2
36
3
9
2
257
1
9
474
3643
4
223
1106
5
3332
15
22
45
1
11
177
14
29
2
62196
95
1
23
1
171
140
3
2
108
624
12313
1
35
4041
7
1
27
4
230
110
536
6
2
17
12
24079
8608
3
15
6
65
15
9177
10
8
160
448
44
1
5
2484
15139
678
13
148
234
6
161
369
5098
46
2175
5
52
6
669
5
1118
390
4
868
95
58
2
4538
5
168
7
12
8
288
55
36
530
1212
3165
3742
4
17596
1145
3
1
1085
506
79
12
360
39
5835
4
26
12
1
33
11
272
2
1
32995
3820
77
3
1
26501
4812
788
28
82
1469
1936
52
21
1
725
81
4
4
21
8
18
3
3
997
1889
3
10071
3
11
4825
2
2265
2
374
70
15
26
228
143
1
263
10397
936
48
7134
26125
1
2835
38
166
17
653
840
462
2
206
16404
245
2
237
2
2077
1
221
49
8
57870
22
910
586
5
297
2
88847
9
1
4
19
829
7
2
1881
1
129
17
1
1
2
4
292
223
48
9
2
311
10
1
1255
131
7254
3
11267
995
10
338
4541
10178
169
7
1
11
1
75
19
11
8
162
1
16
34539
102
15
8
1226
23
2175
30
53
242
4
363
4779
7582
1
1
911
44
79
27
104
91
8
1615
6
2
48
1
2
2
110
33
4
120
95
101
71
5
1
3
9
7825
4
3
36
25
5870
16
16
83
126
502
103
886
199
313
33
430
2
1
24401
905
1
35
133
6
10054
3054
3
1256
3503
340
22
105
59461
1
199
48
11
3187
12
481
21
30
2685
25
3988
1
5
1
22
2
1
93
2
18784
2
465
163
2
1196
33
175
7
60
199
3
1
1
1
144
378
194
74
19
62
20675
270
11
11201
2
38
1346
1
22
1
720
3
9
1
2
1
970
1
701
285
1
40
1
25
2
391
537
23
32877
3
1
3916
2
3214
2887
331
1
13
53476
16
5263
3
5
5
7069
5
11
990
6
1975
1859
944
61
2
63
2
1272
3560
10330
99
16982
13235
1
559
10
28
4
1
1
12
25
724
53149
38165
6
4121
294
580
1
736
87
1
87
2618
14221
1
4932
77
32
2
1
1
650
1
30
135
1
2199
11453
393
8
1
15
1730
1
222
37471
2193
47102
114
37
3
4
1
224
7
87
1
1
52
450
13960
107
7015
18
348
40
10
90
58
104
2
1370
9
154
2151
820
7113
122
327
280
2
744
16
421
1507
282
806
3
34
5
3438
9
10625
2
2
59
230
15
16
3
278
1
1
4856
2
6
4
1
2
1
3
18800
528
2
5592
504
25861
343
5264
9810
204
54
1
266
84
13085
1
483
451
207
17
99
3
2
1
37116
35
69
9
5
1473
5
1
13756
943
1
31
3
1
6870
318
28
2617
1
7480
14
4
1276
168
4
8
318
225
50
391
3271
13189
15883
30
3
17
7890
1
412
4
4
10
9
3
297
1
83
15129
3
2176
2
3
420
1
22192
5
2
1
573
330
36
15
1
766
118
14
1
3044
58048
82
151
1817
5186
3967
100
2805
2
412
199
1
673
2920
1462
20
5
288
271
23
6520
17
484
37515
159
561
150
61
2171
12
58
22
25
23643
13
3
58
8
113
4163
15641
24
1981
12
2442
2037
5
104
4469
117
18
8
8
143
7417
31094
4
16400
1606
9
117
3
3349
2
17
775
2885
12367
1891
1619
1
581
2136
342
6
1201
88
1
1746
5109
36
441
27
2
12
51
24125
98
51
1
11
13045
1
1468
93
127
2
1
3835
3309
6
4
98
38
1
41
1993
7
1
7374
4441
51
1
764
125642
35815
1
2
66
29
8
2
4776
44
19
2
213
39
5
6
211
57
2
36
45
1
7
169
14
3
428
10612
1
1
4
1
1
24
36969
5376
1870
1
60
1
5
40957
30
2
50
2
47137
71
242
436
176
1
11
2
127
2200
2365
38
4169
4
202
32
41
1
3
13
1035
28
1756
6
138
40
212
29
7
8
11732
3
15
3
89
47
2
2
32
124
1
3
10
15
1
19
124
183
737
3
8
429
2
33
189
61
18
50
777
16999
3
2
3
171
70
135
23711
48904
13
4
1660
36
3
3916
1
424
6
2
48
159
1
12174
4663
56
80
538
68
5
1
445
2322
16
11293
3
160
2
7
445
14
47
691
8507
4
111
304
18542
179
11
1044
2695
9
14
27
4
4
3
20835
83
338
227
16977
258
1
146
54
1
212
4109
934
28
1
54
19
9121
23
283
32636
29
1207
26
8001
200
547
4
34
3675
6
1
20824
1257
42
503
7
2112
11
1
1
47
1678
89
52
6
14
1
595
16
52
309
1406
2608
12
22
23
3465
1
10079
475
319
669
313
39
7355
533
7
140
4
23
115
31
14
223
3316
5
282
2
3
16745
2
48
1782
8
453
2
2318
1
3795
40
5398
657
30
31
8
33
26035
8
6
9
6380
578
3
270
26
708
3048
569
1
87
22535
12
10
6
3
17
2
2
846
135
623
3
10
21
4
147
15778
120
26
903
3434
20
4
112
9
17
12
9
295
11
9
31
13
18
29
5
13
122
1
19
28
22865
28
5
1
2
122
2
1
39
8
34364
1226
7190
1
2
19924
3
3
18478
8352
3644
1
473
90
23562
2
3474
1
147
3965
48
28
200
13
8
291
1
21966
311
1552
1
57
10
16
425
1
3
566
9
6
1
3
10
3
23
14229
8
5
308
8
4
197
949
148
19435
162
696
1
2
39
1817
2
546
1122
66
81174
5
31442
2338
15
100
2
7176
55
274
78
69
62
67
8
2
184
9
17
9
2
2
1
36
86
2
1692
536
51
2326
218
1975
1987
983
1531
3405
503
1433
5
51
2
2
3
48
2629
1
1
769
8732
1477
2
11
124
11
42
49
236
12804
45
79975
467
18
138204
235
13286
250
79
1
29
3
2
2481
1
202
48
10148
43035
2
84
34
1560
27145
39
387
2878
5862
1
48940
655
31
3594
24388
51
4
643
3
85
866
572
68
100
342
98
2
497
1
3
22
212
4884
2
4093
51652
6189
28
74
3
421
4471
1309
759
20
29
2117
2168
1
34
39
3
1962
37
133
50113
24119
1
183
55
4560
9
1525
10
9
4
1
6
281
21534
50
3
1710
1366
26529
1
284
38
1
120
3
4497
1
8
7
1801
10
300
61
4
96
14
2312
3
4
5260
12
166
231
185
8
1347
7939
567
744
121
4
18
2
2
1
4677
25
607
8
1
45
219
11
5
1
178
5
12
4364
44
2
47
5
343
10
28167
2626
246
4
5
786
44
127
41
687
6534
522
479
207
79
1
7
449
12
5791
29
30740
3
414
1
93
13
290
32787
39
3
12
13
5
29
30
1
1
18
4
1559
459
2
1491
3272
580
57
15169
7
1
4481
1
1376
1
12775
1
98
76
880
25
4042
19350
98
132
129
9
40
1
7957
446
6
11
438
19744
446
2
1246
27
1590
34
2645
1
32
867
185
22
27508
18
2829
1078
6
8163
381
7631
145
74
11
2
6
6882
4155
303
106
4
782
20101
2
916
265
2307
1526
54
61
3
24
23
15
14
5866
6617
3
37
1
4
3
232
4
20
7534
33
4
22
289
139
3
2
943
1
103
909
138
2
9543
49
2
53
5
109
245
2
2513
15
5260
230
1
5
24429
1
35
1
396
126
21555
201
11
282
119
1
1
39
9476
1739
20497
33
3221
122
1
24
149011
5
29
3
65413
35
10393
159
1
40
3
2
3089
30
1
4723
2711
2
15725
3
251
18
46
33
45
65
16
21317
8719
10
1123
30
53
1
8
1843
15
177
3
50
7
196
133
2
4
2
4047
11
1
121
983
76
87
969
334
25
2617
22
1
27
22
1
264
369
1189
1
192
1197
88
1
3
1343
1109
319
4608
23431
2476
44
26
8
34
32
80
3678
161
147
113403
2
3543
6598
5
67
17
11
8327
182
7162
1
2
2
182
4
10
15
15
2
294
2758
1009
9
25
2
16
4339
115
3142
11
3
29
2305
3
6
8
3
38
70
33
42
606
67
26097
99
1042
784
6
693
51203
3
9054
5
3
7
98215
19
5707
25
522
4
562
2061
8
2
7136
77
141
9273
9
2
1299
80
40
4
4071
3385
14
658
30025
553
9
119
4
8702
4518
54
56
23
178
730
15686
4838
7572
31
3137
1
136
2
1
128
243
232
1
6
49
1030
6025
6
4
204
5
51
2
3
1
4
8
13
2716
14482
25
8113
773
31
16
7
4734
2
23913
3879
2
6643
5962
6
60
1
136
82
128
1480
6
4
4
399
10
15735
12186
2
2
23654
1707
80
141
2537
378
1
181
92
12878
1
11
10795
1
11
2502
34
7
59
2
1730
20
362
8
12152
158
25
629
6
31
1
2
4
40
6
3
178
93
82
73
31
600
85
290
306
9
135
19
3
3
1554
2148
26
3
72
1
21247
8
1
10
19
10
5
4289
1
1400
65
187
3623
778
1619
65
591
47
18
1
111
2
79
5
374
36396
2
1
554
1
316
1
65
19
6373
1117
401
1
6
1
9
1176
746
142
28287
2041
14
23
9028
1128
285
1
450
467
3
120
27
578
142
64
11
2
19
19
259
34
6
3
152
10
1
2
1524
80
329
83
32
4
16200
382
193
760
1471
101
38503
677
422
1
1
8
8
2
27
6
2
25
1
110
701
445
4
83834
108
2
77
101
13341
134
1817
34
880
8
4
12
2136
4
12049
147
4254
6
261
521
1
244
26
1
1060
1011
1116
20
6
1561
206
104
6
15
60
1
9
58
16131
1
19
13968
138
1
7221
4
206
18
8
171
19
1323
850
7
1
1623
10
3
1
3
1
4758
1
502
1745
9
49
10
16
3
127
13
14977
1
40
340
689
24
3
40
234
180
675
182
1
2402
13227
5
255
157
69
14164
380
1
40
27
21
73
347
321
7
118
16
28
1
3566
3
9329
5060
391
1092
25
1
73
556
1
9
2
1600
39
55
217
3
114
1
5
26991
8699
1
26
8
36
84
346
39
10
29
2
704
235
145
7
83
30
652
4
1184
3
3708
248
56
9
1
24
2
11
44
77
216
50842
1
75
83
1211
2
4520
22988
14
1
15
232
4
1970
7
21563
3898
61
7482
1
91
3
43
4
1
265
307
5
116
1
5823
1
94
44
2
1
162
4
1718
1
8872
2
2
219
1
8
6
2
79
3
8
1910
2
2219
4
3
1067
6
39
9089
3
1
111
1139
45
1200
10
116
2
116
4
3
62
45
1
46634
2
97
53
29
820
3
5
7
199
1
459
2
38
10
2
1
3
23
2
667
5
1
15230
10
3609
478
9
2443
10901
277
2
55605
150
58
282
160
129
3
2
575
3
1
2
9390
3109
1
23
47
2372
2
2
6
2509
24
21777
1866
4
4147
30995
54
555
1
1
1
8777
64
17
27
15
8
13069
58
1
2
13906
181
14047
926
1386
2
11933
2
159
58
2502
1
1
9
1
11
9
327
55028
2
150
9
12
1
611
16
2
2
1839
317
2
5
7074
5
1
45
5
1
8
68238
275
2
7
27
49
737
2479
10293
3
1267
138
29
314
3
3421
192
3
429
2
2540
13295
19
2
150
1
8
31406
604
215
955
12
12
1
5455
19
7
24
2
112
6
9
15
16
4
1
43
634
93
103
1
3984
4
10
225
216
5
10
21400
35
17
75
2
78
10
136
1910
6
4
24
1
324
524
1405
5113
7
5791
11
21
45
23532
166
2
3
13
142
1
342
2
1
1
1
1
1722
3204
151
95
3949
712
15
1
4
11
224
83
15937
202
2
278
1
5969
169
5362
6260
179
2
4
43
16702
888
594
111
1
8
4
3
2
3804
2145
82598
2416
3021
1053
428
4
8
3850
12643
2871
1
10
25
11
200071
27
831
9
97
79
3
18
7
1
3
2
31802
72
14580
2624
11
1
483
2
3006
8
1
400
2776
3272
79356
445
367
120
1
11
8
1
1
1098
2856
14
10
32281
1
182
1
2
16000
797
9
316
19
10
264
93
21
6
5202
42
6756
1070
29
113
1
4254
48
1588
7
38
51907
257
218
2489
13
405
15
191
111
3
1
1
202
7798
111
1
15
5
3659
18107
1
2455
10
193
11517
9
221
161
2
2
283
24
68
4082
1
1894
11525
67
17
26892
10231
4
1
516
5559
26
2
14
42
217
6
17
12318
19
5
123
2
2
143
1453
6
6
13
98
42
2
315
1238
4
1
4
4
2936
126
770
8
117
1
252
76
112
1
3
22193
1
7
39358
2
2
5
2
41
100
5
122
1
5
2
14
1883
15885
18330
6
6
214
72
13037
33
213
3
9
2
10423
88
2
261
1
83
52
50260
15
21
7442
2
2
10
59
1
129
2
1
782
4
10
18492
560
4
42
5
1
26
25
2
2241
470
3
2
24
65
7
1
4
12
1625
172
2
18
22
6527
814
86
5
1
232
6
70
8
238
20
105
37
114
1
96
49
19
2
149
1
168
1121
31917
4
2
929
135
22
42
11
3
5770
1
22332
288
3
61
2
45925
276
522
59
133
1
11
19721
49
1
19
250
847
16
17
3
383
9
140
1
11
1811
2
1121
64
1
11216
12070
1
47333
12
82
1968
11
1
226
41
1
4253
1683
1612
1
11631
2927
104
16
1
16
349
2
2
1500
48
36
261
9
22
15
436
1669
71
39
383
487
20380
77271
486
37
4
11
6
5599
20
6
2
71037
6
32
23
1
2
8
42350
330
8798
2
67
82
113
34
10123
2
8501
33
5709
257
12
706
9192
9
8
20
3
2
10094
46210
5
20
2515
9140
24
1
9664
1030
18256
1
76
8
1
61
146
20
2
24
6
10
11
1
14636
1
3
708
1504
6156
3
3
133
2
2365
2
5
2
3158
2
1
4
5
330
1
258
10267
29
194
12
307
4
6471
78
451
2
54
2
1
1029
3
7
1678
2542
3999
2
371
326
347
38
2
18
28736
87
53
83
50
117
21
63
62
267
185
2
3
3
657
1
183
2
15085
2
7408
2
284
61
2
7199
1
46316
8
6
6722
2
151
78
77
15
9968
3
259
8
3
22
3
3
179
163
7
282
117
1
4
18
10
27575
1
7933
36
178
322
1
40
1
21150
4107
7
2
450
2
311
22
640
20
6
134
300
539
4
94
4
1
61
3450
2
2
31
5494
1
3957
785
18
685
10
1
102
8
2755
10
74
3
6
72
16
1
1
13
9
2
22471
2
107
50
1
6343
13
26
1
10
747
1
2402
1415
71
34810
37
156
194
1088
19
10
656
5648
1
123
8750
24
170
16745
1
1
4
5
44
11
568
169
71
111
497
337
22
5
13
15
2
5
1
7
223
7
5
22472
33
35
14
17
1738
5137
277
619
3584
2708
967
5
1
954
5
2
355
215
9
386
34
6700
1541
2792
3304
2
8
949
2565
6796
170
2839
1127
5060
3
2
64
3718
1982
2
1113
19421
13
57
2
51
147
5
2862
2
10141
3435
1
2960
6
2
17
3333
38
16985
41
233
1
3
3060
2132
230
3
21
21
188
195
10775
1
3435
60
7
171
13462
1
209
2
5
4
6593
4
403
4802
2
70
217
2144
3
6705
232
525
115
90456
25
38
1
1838
28706
4
2780
1449
2057
3527
1041
1
155
39
2429
52
16
2
2
7
2
24
430
1465
14
297
3
19297
5
13
497
1
1
14
33
13
112
1007
38
4125
2171
3623
8
1
4
23778
11509
5171
15
2
6
4
2
2848
1097
2
1
44
9
4265
23250
9
2
14
106
10
112
8464
33
14
15
11
1
1
196
1359
5525
600
6
2
457
18
2
185
15
1
1
50987
13
1
11
9
6226
1
1280
11
2
6
227
202
3
2
16
209
101
861
45
1
40
3093
7
911
47147
11
5350
21
6
2
639
5684
17193
1
270
3
6821
12754
87
7
2
9
2
3859
5
6
44
7
541
5014
13
5
18
11
41749
3
3
1
26
14
417
45561
35
301
90
60
271
704
4
7
29
30
2988
23
2393
4943
22
1
229
22
418
43
14
71
2040
8
507
1
27
359
17
638
82
52
4
1
285
3932
1064
1
98
5
12362
1
3
1
2
2
495
4
3
1
190
4110
183
23
10180
2
616
1
251
1284
56
4
998
64
9
3
1
5
66
22
1
8590
21973
3292
1
1933
244
1
70
289
21
155077
51
2
11
581
7892
102
5
2
3
437
2165
5
2
2136
2
1
1
44
1793
1778
401
292
4
56
1120
4
5
1717
25
8
8
3648
1
12
177
26
14
5623
2
81243
8821
11
384
10
4921
10
2
70
1
31
5
22
2220
20630
7
1842
778
230
1017
61043
107
4177
7
3
1627
3
85
18001
1
7858
1
16
18369
1935
78
49
5509
518
53
461
97
1109
2
327
1
1
2
24
111
16
1490
1
81
282
273
15
349
69
48
75
3907
139
57199
227
1
97
11
1993
5
1
1
6
6545
183
110
20
16536
1
532
496
1
35
33
61778
26
210
273
3
798
91
271
2
107
1
11851
82
516
2
2
206
1
1165
295
22
15
1
852
5
63
280
2
4
1234
3
690
12521
3697
1
38
13359
5
4
10299
915
362
102
43
3059
1239
27
1119
171
62
30
2285
11005
1
1017
634
100
1
111
1
176
2
604
1
160968
285
1
39
7299
1
69
6
366
38
1
12
3
681
3176
72
32058
1
15161
8
1069
2
328
29459
3
70
455
28
46
1442
3
53
2
4711
125
3
22
3
34
11
743
59
3
12
2206
1013
50
3526
47
11
1439
34
1072
14
332
40
237
3
1111
11
1
174
183
19528
18
4995
17
31
118
9
48
13
8
11
2
126
11
5629
14
3
41
4
2
127
4
34
4
102
45
17
1
16
7
217
1625
10
13689
6
580
17
6
705
6
94
248
29
1285
448
1
1
85
196
6336
3
1117
240
1
5292
3
5
4
87
1
2
1
17
280
6
41
2272
540
2
437
4
2
174
206
1
18779
40
20
4
2208
175
60
120
9
8
2
51907
10634
6
12
72
11
2
685
2
79
204
4140
900
6439
1
715
475
84
3954
1
4
29273
4963
70
1000
14
6
36
276
5
21
860
1
2
34
217
380
28088
1
2389
881
2877
2986
592
734
155
635
212
1171
294
1
58
8
3
77
3
3470
173
50175
199
28419
5
1
5
5229
23
56
6
44
14
5
6828
115
12952
4608
159
1
155
1933
21
5
2688
2569
835
1
943
8
2
465
27
1731
23
5
3787
502
21
5895
1
83
10801
501
2
2
13
13
4
47
4006
2
2
63
1632
257
11
79
28
273
1207
304
5181
2
146
83152
33
39
225
1296
28
2
8
62
1040
64
1
1
63
1248
4996
2
2
4
522
53
1
12125
3
1
3
99
2041
239
51
352
266
1
95
10516
371
1
1
3
5206
1
26135
3
1159
9
6
9
2730
7771
156
106309
16
15
8
9
3
17
445
1728
6098
17164
2
1
1
252
5
58
175
48
1
1232
22
307
6
2
193
3468
2
10
924
169
118
9064
23
33
1
3376
101
1972
1
42
2
43
1
150
158
1414
1
19
3723
13
330
1
106
5072
9
1019
1092
52
55
9951
20
12
121
1831
4
3
3369
19
6419
133
8
7
36
5792
2
15
1932
111
1
7
1182
608
3
1797
1
317
149
14591
3
623
2
20
3478
5931
1663
66
9
1
88
2
2
1
11
9600
72
33
381
4
29
8
39
1
28
14
29640
54459
14
1
8
18
216
1300
19
10
1
1
1
279
17
5
456
1
1
1287
79
696
7
23041
6
2870
7
1
10
343
20
1
735
191
22913
15225
4
2
15
42
197
5942
2
18565
107
1
1711
5
148
472
3
63
1
15
153
26
201
18
269
3
870
2
32
68
3
680
655
25
12350
2
2
1
2
565
41
6172
4
3
22092
11
1
17487
377
129
25
99
26
19
1
87
169
7
19
1409
88
923
1
1
4
802
21478
12
40
18
2
7575
3
6453
3
22
19
7772
3
1425
74
168
13
12
36087
289
294
13
415
3843
15023
31
34
62
2774
4
7
67749
40
14
63
22
5
178
2
83
630
50
4
57
180887
12746
1047
2134
15132
79
15
2672
117
2953
4
3
4
7
137
750
21
426
231
1
364
892
3284
61
2
1
38819
1042
4
14
216
14
2907
111
212
3653
21348
2
2
1315
22
6
1
5
127
15
633
190
56924
2
4
9375
144
168
16
89
89
6
4
35
584
32
4383
132
3348
31
2755
104
4
17
720
1
159
1339
11
249
15
107
19447
68
25
78
24622
888
202
6
1
23
1442
170
16
2
1
69
14
1
7
276
3935
24
1
5558
3
99
3
1
127
1
1233
14424
30
9068
5
7
53
13
29
2556
328
1134
1648
4
1
3
333
26
5
75
178
15
487
20
35035
2
14348
38
60
1
100
34
1
2
4
3
2
1
112
128
14
1
57
36
1
2
5830
129
2
1
38
1
1
52
818
2826
3
112
8
14
6382
2255
424
831
31
22297
80
55
1664
20
1
10
42
6518
16
61
243
6953
5
1223
2
8342
2
3
1
3827
4
22
1
1042
656
2
32
4
1
6
1
3
4893
237
4
11
176
440
78
1
705
1203
655
14
1
49584
562
1403
616
132
2
1
18
23
18
22
2
1
3
19
6649
26
3
2
1
2
2
57
2
353
1037
2
104
1048
9371
5
10
38940
1568
10
168
54
1
4
1762
22
347
1
74
1
20
2
1
14
3
7
429
21261
3
1
1
167
119
2
1
787
197
41
18
3
992
6406
202
238
35
3
9
23
23
112
74
1
469
180
7
1256
1
5071
13919
4
6
25709
46767
2
6045
1213
5
63
447
6
9
2
6
160
1
1
42041
13
60
2
26
5
20
1
5
1
8
107
56
31
805
2
16901
365
332
388
129
3235
1803
21
1326
157
2
37
36
38904
7038
22
38
496
2
1
2
26
3924
37
64
371
17
406
39
365
91
11
4
144
9
218
4
1
694
14
12
15
6
11
4792
7614
2
1
9
820
1
191
48
117
1
23
8
2149
81
23817
304
5
2
43
2
376
5
1246
1
3
709
256
3
1163
3
1
1
4
21
52
15799
1
2
75
1311
9
1107
10
9176
647
7
12
5
9775
127
1
994
13
4996
1194
87248
14
3
3473
345
3
2
1
97
43
3313
9
538
1
751
2408
4
2
13
41
889
64
32
107
826
2323
799
875
2018
3475
5361
4474
16463
1526
3
178
7085
45
8
1
53
31
2
166
3
6444
6
1352
3
1
12
34
4
3
335
11
1925
62
141
24
2842
275
1
67
30
114
22140
3
7
30
7654
32
109941
1
1
1
34
1
1
447
3360
756
46
9
109
23
867
3
703
3
55
94
160
228
1
266
4
1
974
8
88
52
261606
1877
9
516
5533
1
7
1
4
1
500
35
796
400
120
6
1552
659
54
2
1
11
2
505
38
3
9
75
61
1
296
5
32
29
10391
64
1
16
3
2
1
1
5034
37685
130
5
11
445
16
4
1010
79
321
1
7895
9
23825
193
9
1174
890
674
2813
2063
1
14268
1
4
2
1
16626
2
8342
151
65
80
59
41
7015
1
47
2
1254
31598
12215
166
596
178
2
27
10565
3
1054
2282
10
14
7587
1
4168
79
3
2
395
34
1424
162
11
4744
6651
2
3
2
3
70
12
25
2
133
3454
1
5759
1
3097
37
56
20979
13
1
4938
1
280
1
255
1
55
67
14
11
4
36256
46
15
332
463
557
11866
26
4
89
5
1
22488
1
4154
11247
6
6
750
76
24
767
7
1
2
142
6
71
371
275
1
1
37
202
5
1
2300
9769
22
11
10
166
8120
2
1119
107
1
261
1
8
28
20
1
48
4
2335
1
30
155
219
3005
100928
91
5
7553
231
55
9
19328
3
592
11
2
15
1009
2234
527
206
371
41
20
30
1960
4927
1751
9
39
1130
224
8375
126
7
19
3
7
1
2261
2509
8503
4
14817
16551
1
3
4148
2
53
535
96
105
16
2996
5667
221
4827
134
2177
1103
2
34
3
1
226
172
41
58182
2
14998
47
25
8
54
3
15805
1326
19
19
2
10
19343
280
5
7
221
4
3
4
700
432
8465
44
2
4
27
151
2
3
5748
1
603
480
113
28
4
19
11047
243
3
4
1
528
1360
34
2777
23
1
4
2
228
2425
75
3835
42
220
6001
4
15
196
1794
3
10725
23
48
36
512
11270
3766
11
2422
1
1618
6142
30516
1
4747
5
14
2
15407
2
33
5
964
296
1
4
8
2
8
16
13890
4
1
9491
9
1
1348
109
39
21
1
56
28
5
7
10
1
12
2
14519
13
47
13
24
3
13847
1
1064
3514
11
174
259
22
675
77
4
64
14211
1
33
1
3955
89
2
1
3
28
1
153
442
3
14422
7
6
198
3
279
113
2671
1075
95
34
10242
415
8
25
23
2
293
1648
1152
211
4
2
3
338
5
6
27
2
50
4805
417
2542
114
4299
549
35481
11
1
1
44297
365
1
90
1
5
2
670
3
3244
307
19445
1
58
4
969
21
1911
5
21
198
1
6900
8
3
174
250
193
50
2
146
27
53
11
1
21
1
49
1535
806
22042
1
2
14
3
32085
1778
790
1832
19666
945
3
1977
131
6
5
19
2248
34
6
1355
44
61887
3
25
708
193
368
3
4617
30
1
2
9
13
17
1
12
25932
2
44
5887
97
53062
277
187
108
272
5
3710
51
2
16376
2095
133
3
6
24
4
57
24
3
82
9
13358
236
27
25
12
12
6712
2761
4615
27
2
2
37
54
6894
27
3
1
384
42
128
1
1158
2
32
1
3607
4
4659
3
778
2
3
40
322
4348
2
8
135516
61
9334
993
23
7
1
3152
6890
5194
15267
544
4
86400
1846
1
47
1039
1059
346
2
60
6
72
54
31
191
2
4992
436
230
1
1
1
33
3020
8563
17024
4879
67
2
72
2
1
39
1088
57
529
6
1
7110
74
158
40900
3
6
2
1
576
17919
585
5
1
1834
11688
4
23
1
16546
2
1
6251
221
63
1
33442
3
5
3
1636
43
3
111
1
2
1
3112
1
6218
61
271
3
3
11491
8
532
84
1
1747
1
3
3911
311
1
3649
906
872
124
46
13
5
902
8879
1761
20
207
48
11778
9
650
18
101
4417
4
403
1016
37
1
1
3
101
14448
1286
2
669
3
143
1
2
2
11090
9
2
19
4
4
4521
11
5
4
6850
9
979
13
180
779
256
2
9101
4
1
2256
1
1236
3
19298
44
6411
23767
77
4645
2
363
5
1
5
18
1
2
11
45455
299
343
926
8
103
1
3
17904
1
16203
15730
35
34
471
31390
34
938
511
3094
11
13
26
2802
2
1847
7
5
1
1
33
1
17
6
187
9754
9
5
46
650
199
875
47958
345
27
15
62
14
3
56
4
1
88
9
365
75
363
1
634
2
103
1
1410
5471
282
1182
59052
196
2
71
246
4
72
57906
351
428
53
11
1
5
10
9670
126
18650
1
40
1145
1037
1790
2002
13
1
36
1
7695
9
47685
1
3475
15
4
23
3
5
60
1
696
2
23
127
56
797
4262
7
18669
230
444
3730
3
19
10
327
1
7083
21
4
2072
1
26
110
2
1
3142
16
173
23
675
100
61
858
2660
20
8059
3
4
40
22949
1150
334
58
1
681
484
3
2
18
312
13
2621
5
21
2140
19673
244
5
5
3
91
7
34
6
1
214
4
1
5
87
1620
410
20
1
114
4
14
110
160
1477
8
3
465
151
7
54336
13474
71312
414
1
20
13
124
1
1
196
3
5265
2
11877
11352
81
19
33
1
92
39
1
34946
3
4977
78
32
486
204
2756
68
1932
464
15898
47
1
6
289
661
2
3
1
2
3
6673
969
7
29
65902
33
2851
96
16
1
63
8578
60
192
54
1943
2
529
32
202
10
28
5350
17
5
126
326
2
3
1051
836
8840
6
12
8
11
40888
3
11
220
3
14516
2106
1
4
108921
35
10600
2189
1658
16
247
2
17784
1
3
272
467
1427
45
91
89
2
13
183
3
4752
6637
17
1
23559
65
17704
103
5014
8
8
3
1419
11653
232
51
12517
46
11
2
2
47
27569
184
1
2
1307
16
2194
22964
24
11702
2
276
313
7
632
1035
5790
3
73
3
4392
550
76
1873
23
1
7
113
1574
8
2994
1
3861
1
293
3
4
12
74
12
4
11
94
400
21
17
1301
1
4
3608
2
19
3
2220
1
2205
156
3
29
18
3
18
20
2
3
133
9
161
9729
71564
40411
1
21581
1
237
35
3904
22
9
4
67
233
55
2
1
5
517
35131
1797
256
28
45
9
186
17782
12329
7
1
7
32
17
106
10
125
309
3
25419
3
11
5388
2
2
2311
266
803
57
18758
218
54
9
11
1
3
8
4023
1722
29
5
2
2691
44
2
8407
22
9
217
1
2
73
2107
233
76
2
1
119
4566
9
45
1253
886
8
544
14487
1
1570
31
47
14
31
3693
325
1
18
10821
7
4
40
1
13
11
90
1
7
4
63
23
638
777
3
8
1758
99
1125
48
265
2
74
7
8
10
245
227
1
19
12
209
5
5
300
1
245
627
288
33134
2
3158
147
326
10957
16
47
3
78
3
110
2
46
33892
6
980
4
139
66620
42
3472
3
7
790
5249
3
3255
177
1
3
6
44
4
631
36
1
5
7
19
7
1631
52
2494
1205
34
1795
178
23
2
15
56
5
3
1
3
1
16
11
903
78
9
54731
1
15990
6
26
13
96
1
2
5
4
24
91
2054
1
5
258
2
1041
1
2
20
3
2
11
2205
488
51944
2206
4
239
2
4188
7
14
856
2
2
1
735
19
873
9
5824
1
8815
7
35607
1
3
2
1327
137
194
268
8
2354
14
6858
266
20
1
2
330
363
20994
2
754
3
1
21
160
104
158
693
261
5802
60
1487
39
52
2056
2509
56
52
1604
1
1078
3
17050
1
6204
981
80
709
9162
5
2
5
62
1
5
380
145
127
71
12096
2123
260
5276
3016
21368
17
1
1
4
2
2
1
153
25
862
26012
191
2422
1
12
2595
33
3
673
27198
1035
1106
18422
7070
1
21
179
1
5
52
3
23516
36
2754
1
13
22
23105
2
2
1
2141
5
4
7
2902
2
7713
3
56737
1
114
24
186
17
11
66
2
1
1
3553
69
1374
10536
793
12
16
5647
3555
4
33
671
81
5
59
21158
545
1
20039
256
177
12
1
8572
1
5
13578
3073
2916
5428
204
930
2
119
4
278
2
409
2
4
71
1
7
18
497
15
28
1
26154
307
604
190
211
8678
15
1590
2
1
117
667
164
2755
69
73
211
17
13
31
328
1559
652
9021
3
5
60
58
10617
103
7338
89
1
2
26198
26462
121
198
34
184
344
308
2
81
325
9
718
439
1
1294
9
1
73
2962
181
15
124
1
20574
37
19
5
15
1
1
8
24
18360
34
1
3
6610
1
2
1
65404
6306
3587
3
38
320
28
36257
69
6709
110
375
19884
2
42
284
1
1684
5480
15
3627
28060
11
515
1
108
325
3255
1
1
23
2
15
15
13
2
16777
1885
120
20
549
160
2
7555
33
15
1
1510
24
1
36
12378
5
1
21002
18
1628
17
4379
480
117
4
2071
5
3390
438
782
2775
3
504
5420
156
3
1124
7
5113
538
5
3864
4
231
385
1787
5
47
505
32
3
7573
42
1769
3
1416
6
481
1
129
1
213
1
5
11
62
3
8
8360
61
3
153
778
6
3
1
200
824
3
1
8
2463
3136
12
1
16
2
4
36
48
1195
1310
832
376
422
27
2
6
1
1
2910
105
1
169
943
1
897
6
1586
7393
1470
2602
47
63
74
4672
2199
2
3690
1
1221
427
1
2434
25787
8305
242
1747
507
3
3
44573
156
7
6857
64
1029
1440
1119
1
1
4
9
12
548
73
2
22496
1717
1061
1
5
4
38453
487
1
1
4
66
7
134
28
1
8
188
194
2797
8
2
55828
7883
282
29597
60
69305
193
20
30087
2
1
32
86
104
178
43
13
49
1
17393
1312
3
77
16
146
1
4
6
8
5704
8
15
499
135
381
1092
188
2
1
2
512
4
223
325
68208
32
185
8
144
5
228
16
11055
72
2273
14
18
148
199
7
5
95
1195
16
25
314
8
7829
144
7
27
466
2
555
65
253
219
4
1249
4
6
65
358
1674
217
1
305
62
547
11
9
6
26
1373
7
743
2
47
1
38
23
11
20522
7
4
87
377
3
30685
50
2
2
325
3005
17632
122650
457
74961
96
2
267
3455
2
204
7243
319
16
22
1287
44
227
9
8
1
231
5
558
79
2
15
57612
1
11
3878
4
63
5
37
5936
747
6
14
2004
1
1
2216
2
157
31
3
3697
140
758
50
142
8
57
1
2
3
1
1
25
243
299
7
6
60
1
180
1
3
1
65
2
76
14040
1501
123
1844
201
143
4
50530
1
28
622
1280
1
169
13
3063
58
2853
15
13559
2998
9
228
757
293
52
8
8
33
137
2
1
3
2
7
1
43
421
1716
24
272
799
15643
4
8
198
2
45
1
1
33
3
85
790
114
63
1
1
205
477
19443
9
7
21
1
2
6
1517
44
1
3130
58
29
1
91
1
2
58
6
28
8
1
271
4
16
233
2
2
1139
2
172
18
8
3
26
1
1
755
151
1
2
1
508
3
206
3
58
12
1
418
10
1
32619
4
144
92
589
373
64
1501
13
6911
19
27
4
101
36035
3
14
19
1
6
34
5
405
4
2
5
4
14
1854
447
81
1
2
66
2
21442
27
21
3284
1149
15426
5
11
18
96
27
26292
1850
10
10
3
5
3
32
41105
33
20
13
6
14343
66
1571
12605
313
2
32030
13352
9951
111
1
4
14391
84
3932
201
9241
9038
12
1
79
4
3
18
544
147
10
2471
4265
1118
2
1
184
2
4
130
524
1
15
3
67
68
109
1
2
19044
34
262
169
2738
13
52
28
63
22
3093
5
3
4868
4
178
9
8
4
75
107
12
41168
3
1021
4432
2
1
36
39
4461
55
1273
1282
478
542
10133
798
13
1119
10
1427
479
1370
6
484
1
22
4
5
8478
867
143
1
5
1
3
5
10
144
364
197
577
14
1
2
19779
2
49759
30
79
38029
209
1
495
37
791
8
5
4328
255
2
91
2
98294
17150
103781
3358
11821
5
2
1252
19
80
115
2988
17
4333
1
59
560
1
19532
4
53
28648
2
5
161
13
446
548
52
6
2350
4
10
1
87
318
370
13
2
150
3
31349
2
1
1
6
4120
2159
10565
55
4
841
10
5039
18
182
1
1
3029
734
7
1586
1401
50
16
21
4
6
16
92
5
82
1
1
4156
167
81
39794
3
2
3
362
1
4
1
8
15
268
80
16
2
42
1
20
67
254
338
1
11
528
7052
151
10
4
1
11
15
567
2699
723
1051
5639
1497
3
5
1457
2117
61979
1
21
204
5579
5
2663
14
25
1002
1
1104
2
1838
1730
9819
20
2
4
8763
1
16888
12
19
44
68
99
39
1641
884
2
154
3620
307
7542
1
1341
909
1
2565
15
5
2
1195
158
608
748
16861
10661
4
550
2
2
5
2
26
28
1
2
9
1760
8
288
6565
458
3
117
66
28441
3
3
73
2
26688
893
911
18
48
13833
44
38
7
8157
942
6334
709
2499
2411
8
259
650
10
3
744
1
1
12464
109
27
1
1
1956
8
6
141
414
5396
143
335
27
1
43
1
95
16
317
140
567
135
55
2
110
160
1663
3
23939
89
33891
86
38864
1
7
25873
116
4312
1
638
193
604
1
548
9645
1
184
78
700
2
6560
25772
745
890
279
1
14
488
1578
461
8
5
9
1
1584
31
66
1
4763
3
162
100
26
3277
5
6
2172
200
4
348
3011
475
316
1
6
20544
3
154
50
29
4
11589
369
24
1
4046
10288
56
1
29
1
87
2
137
1600
11735
1
1261
45689
2155
5
11383
21
24
1116
2
1
1
6829
2
294
346
5
771
2702
347
1257
151
2239
7
1916
86
3
3
6
43
2092
43
17
4
3
772
794
2
1098
306
6359
1493
5163
24
14932
5
44
907
104
4
8
275
1
12377
395
1
15
316
2801
12
182
2
121
89
1
15
1
32
1
8
400
16
12
23
1849
6836
627
3
130
4
1
55
4
6503
930
46
21
1
1
68
15
15
2
1043
11113
17
76
2
14425
32693
18
116
67
71
19
11
13
319
7
2
7
10
512
12
8005
4
6
1
2
1
319
7
10470
13
1
6374
5558
9292
1355
63
15311
10455
2
1
2
6373
558
3
4
1
14
6
33
441
11
9231
3
2
4
28435
1
3
10
7
325
7
30
40
1625
3527
139
73
5
260
20779
32
22
24
43
123
21660
12
10
31
17
2
57
4
505
356
3237
13
6
6
6
7912
11983
22
1001
4870
198
834
23
986
6
184
6
18599
9797
35
1
32
5
11
437
610
28
1
232
6928
2
1
622
110
4
21
2
3130
56
1
244
6020
10624
66
749
366
1
4
5
51962
1
566
19
43506
69
17
769
3
40953
6
1
1
353
223
23
6519
70
51
2
1
5827
14
2
714
269
209
3
119
3
471
22
1
28163
566
1
5958
28
1885
17
5901
1
950
5329
17
77
8328
22701
3
1
56
7
1
7
95
1
1
768
32
9110
1
734
32
2209
2
628
5
2
17
121
175
2034
95
1
114
1
151
498
1
274
6
8042
2
2254
53
270
1323
45
6663
4
19849
18
7
16
11018
137
19
1
4
14389
51026
1073
7
3
38
36
2
1
252
1404
27804
271
51
9350
135
2
7450
3
2
64
4
431
3043
16
68
31
43
1
15933
1
16
22
1522
2
270
576
1
2
73
986
2
25
6
21
525
2
14867
26759
159
24
1
7
12
429
1
1
29
3
73
1
11426
26920
21
6
32
48
6
1437
1
1
19526
23
4
36596
123
49
14
550
195
1
78
10
5
2
11
13
23
9
14075
7
27530
17
4
23173
1
2
4759
1755
1
4
186
15025
10973
4139
289
17
9
1
7395
163
698
1
3
1
9
8821
1850
36
40
1684
13
26
334
9
2
17
475
5
4814
121
358
117
149
11
1
119
8040
4
1
1
61
262
54365
2
6
145
10037
1456
39
7
4
5
10
100
2004
1
2883
18
1
2
13
4
1
1
3
93
3
804
112
8
1
7
119
1
1016
136937
131
2
436
392
10
46
2
148
1
62
723
48
13
128
214
2
5
1583
60
12
82
19
34
234
21
8
18
1813
201
126
77
12
120
32
61
94
1
47
5
216
37
480
17189
276
110
5
20
1
59
93
33
64
1359
1173
12251
14
278
214
1
29
2287
1
5
1314
72
87
189
4773
15
125
99
54536
7
60
5754
18412
1350
76
2
36
1
11921
135
2
1792
4
9
91
5637
2
358
19
19
114670
95415
3
150
3
2155
2
31
42
6
7046
1
56
131
1
2179
10
1193
1
1
1
502
1
27
5729
8
91592
55
864
4
60
148
246
4306
26
115
778
4223
1
30070
430
4
10091
46
626
220
1
1
5556
2
450
341
254
5
1
463
7
122
364
47
7
32849
596
171
133
721
74
210
74
6
3
15
16
82
37
5
2
1
5
20
10
5
343
109
24
4002
81
1
5
1297
4400
69
19
4
15
2
867
388
1
3
17
37
174560
1438
10
6
25179
31
237
5
83
3
2
30133
2406
747
50
42
1
1
9
11826
1211
1
63
10
1
202
13
20
18083
6
13588
10
11
99
13
31
6
8179
20
1543
7
1
1582
2
9
224
1
1
1
35
4
1
4897
38
1
21
7291
1
5687
3385
3
281
4
3322
1
13
1
1249
1
50
8
4
41
1578
51
74
1
14
60
20
2
4300
263
2
340
2
11
4046
1
7
69
684
1367
981
9267
450
2
6
1
9514
3
16
16
3
1
9
42
64
70
3417
5
1121
88
24
1006
5314
98
27
206
1
266
248
5
2
104
25
509
2012
302
5
21
9
3911
53
9
112
262
4434
1
121
1
60979
231
6
279
116
475
51
88
10
14177
205
1
5423
15347
47978
2
1
198
19
7131
1069
52
461
2
332
85
2
1
6495
3210
1
4320
449
85
12
120
1
858
2
17
85
82
508
38855
51
95
326
1
2
261
2
851
19673
1
15731
8
1
112
4469
9159
272
43522
2
60
4
8
489
4950
1
2
2
1232
25
2
41709
888
4
118
2494
2
42
1
18
28
3364
486
12
30
24467
11
20
2
26
10
1
8
79
46
1
22480
15643
2086
2
41
38
158
2
2546
5
1
5
1
384
21785
72
2
2
1
12
6
2
1
5268
9
32
28
1
196
15
1
3990
26477
1
8
124
87
1740
6
1756
1
4
2
1
708
21
1382
317
5477
1
94
664
7575
69
1
656
2
1758
4
1509
1
199
85
1
167
96
2
1170
257
12
1
18
23
1321
250
71
50
3
4
1
4
236
60
230
49
83
36
1
4
602
15
22
2
9
6
24
212
6322
8356
37
82
9
16990
56
11
1688
2594
1
34
10
1
6
3
5181
10754
1109
3
9171
597
68
22
5
1
12
5741
25
371
16
2
208
15
2
543
300
153
1
2
25
205
10799
1
1
151
902
44092
2
339
67
11
13535
482
6786
1
10
20
19
20706
39
5097
699
241
255
1
20520
448
31
2
2
27
9
6
991
2
10
749
6238
1
1133
1156
35
11
357
6
201
505
133
80
10
1
618
2
241
2187
3
8
114
32733
8
3509
11
3
10
13
38002
474
641
115
8
155
393
3729
315
7
1824
13
499
17
150
1
38855
19887
2
473
261
3
199
176
2
2
173314
33
8657
774
8
368
10
41
1140
5220
199
20438
81
6034
22
12
279
42
1339
8
74
23
822
4
4
2470
23
128
760
151
2910
9
27
2
426
20
1
780
2
6
3
11395
30
104
773
133
12910
11
4
72
163
1
37
12
16762
2
1
6
70
81
757
19
18
14115
70
485
36
5236
12
504
1
12
109
12
1
102
15
5
26391
12
577
6103
2
1
86
2
3
2
281
2571
1211
63718
81
101
25
11714
2270
1
654
8
1
292
2
16491
11
40
7
160
37
2
13
1
6
2
11
62
194
456
1
37
19
1
7
1537
43294
1783
6
31247
2
11
1
12859
9
269
7
36
7
1
1750
4
13
13
69
97
27
239
1
11265
34
1241
5510
53
6
1
2
5
923
2
44
1
256
1154
55
4403
8902
13
6
188
377
3110
1
4
34
241
6
1383
4306
3
1
41
2
4739
33
3
11129
117
347
1355
1
2
3030
4593
1
7
7859
16
440
123
543
45
1
52987
1651
16
206
2
1
27
2635
611
2
25
1919
66
814
191
168
26
3
2
16
43
10
14725
22656
58
2
12
331
12
3
1454
558
8
850
1
13
4
8
2484
4
44
2465
15
19
375
11154
10
42
4630
3
4
13
4
480
2
1232
11289
1
60
3521
27
354
174
930
11
7
109
223
2329
80
65
40
915
1762
7
1
60
1
87
3427
6
34645
17
53123
41
2
74
212
59
251
15
11
3100
8265
4
8643
2
2
2
81
26
47
9174
373
47
823
21443
9
258
3
9
134
41
13629
24
9
773
1
3157
11
2
17057
1
19
77
1
84
6220
44
24980
2
18703
7460
1
1
1
32
28
3488
1
40
2337
3
3275
360
298
1
23
18
6347
3
2
14549
590
4
7041
83
321
4605
1
14
2
23
3
2
7045
23
80497
175
27685
1
1
440
14
8
2259
2
36
1
1
97
188
25
1268
1377
6
733
13
228
152
3058
75332
23
1
1
2660
270
1163
7
155
7123
518
1444
57
21
1
327
4590
7
56
145
1
599
21
7857
92
247
1824
1667
388
28
88047
2
40
5
16244
956
31126
10
4
194
3674
300
1
22
220
1554
37522
2
1
1
3
102
15
1
5
1
3
835
6
116
661
2744
2
21
2
268
10
7733
119
3
12
3
20
1534
146
1484
33
77
179
27
13491
3
2
1
5561
26
1078
63
2
183
103
175
8
61
36
9366
3
205
14
7
65
1
12
111
632
3
6
1
7
1
12959
107
87
1016
1165
127
19
101
2
2
4
6289
6
3769
3368
87
1
92
23102
27
78
145
100
11150
1
7
16
43
394
94
1
142500
6
16
876
6
1
2
5
1494
12
2
4
2
32947
1044
35
113
191
15
6335
7369
23341
80
84
2416
216
794
1
4
4585
9
3
937
4
17
1781
35013
85
5
1
68
15
699
2648
397
13
167
7570
55
1
192
3921
2
2
1
9
7
131
4600
61
1596
9
1
812
1
8
15187
35
3
1855
1
67278
3
7
15
7477
17
1
14
1
2800
1
5
7
514
7
2381
12584
26144
33
2
308
4
1
1
353
163
2943
91
5
3
108
1
20172
162
228
49603
17
50
178
17
65
21
25
135
114
85
41
246
445
3087
72762
3
2
854
276
6614
22080
687
48
3288
14
91
5
1
17
1
2535
655
17552
14
1
6123
2643
270
128
1658
62
22
10434
350
4017
15564
3692
500
121
50
9
6
15
20
582
9153
666
1
48
14
1729
12821
13717
1
1274
8
32830
1058
2195
153
4
27
18
111
49
3
40
5703
2326
8
1
2128
5
8
1
1
591
1925
38
1
393
88
22
729
310
4414
1
24
3610
8
6
1002
103
312
52
92
62
21
50
57
5649
31946
174
2326
62
1
2
2
823
65
13
36
1
33
3
3
26
49
30120
5
6
1467
2
196
1
34637
45
1
148
31573
370
6
2
287
16238
3
12708
3497
23072
1660
1
2999
1
1
2184
3
2
2
5016
7
1216
34160
30
1875
56666
8239
1
455
3838
6404
11070
6
101
19
2512
121
660
527
1
14
65
2
1
10
1
183
16
3
1
264
1
2419
19
5
9
8140
3964
992
7
59
512
1
11
354
5
134
97
1882
19
50
58980
62
2
6
715
24518
1
21
5
220
1
104
213
153
1
2
1
8
479
49
1677
10
132
55
27
1
1
2890
1
513
1
4
793
181
11
1035
2
95
75
10
13
7
10
6
4510
30
2
447
112
2
1
5
65
24
145
9
4636
8
911
521
258
10
6
78
2
7
677
1782
39
303
399
1
1
4
5258
3
27
47
4
7
94
219
1
4
18
3
601
83
130
18
2
1519
654
2
77
36
1
1
58
112
33617
9
119638
7
14328
58
8
32835
24
81
2
55
20
2458
1
6
6
225
123
96
229
10
7055
7755
147
1585
39
581
2
395
1
864
1
5
9031
4359
3
383
11814
1
35
767
228
148
3
407
111
1
3292
31
523
45
11
14016
24
19
93958
332
125
3
1
2979
329
12
31
4
6
1
1
721
4
125
449
24032
26
93
1
1
5
3258
1
19
296
3
1
2
4
1790
2
13
16
5
6813
828
8
92
1
3
6
22
1
1238
1
1886
1044
11782
8
1
23889
10
9
5222
25
244
185
49865
40
32741
3
1
30288
6702
130
338
927
1
148
678
3
5
819
1
1717
105
11
164
5
1029
2
78
43
1
152
112
126
30
48
1
7
97
31
18
28
2
191
1004
1
15
10
22835
354
2
1
63
22
3
4
81
495
21
6838
576
28
1
5094
82
8040
2
2
4
267
554
269
1
1
1186
4
1975
2830
23
110
2
4
1383
479
682
3
1
25
1
218
28760
30
20
8
54562
5
1
8
410
33
2
149
4
3
334
187
6953
2
410
8615
6821
2373
1
1
1
29547
1578
149
953
718
4
1
608
6
1
66
1
3397
47
23
54
842
13967
8
2244
8
2741
82
2
11370
276
2099
415
2072
248
7
168
132
35
1298
366
5551
14249
40
149420
2
5
7
8
241
14539
6
6628
266
86
297
1
36
42
2948
7721
167
9
430
4
1434
111
2
521
8146
8
2273
22
4479
1957
25
1463
173
36
6
10487
22
2
1
53
24
225
9
400
6
59
17445
3363
139
22
680
312
1129
40
7
8
202
31
2
804
1136
19
284
2
6
18
20
2
856
15653
73
9
887
40
4
3790
4
3
3
3847
4
1
220
1
3
575
3479
27
3
26839
27
3
151
304
277
1927
758
1
4360
13
985
4
57
3
2
18
379
9
39096
1
356
15
207
5505
4
7163
2518
17
113
583
13
139
157
69
8
2
102
1779
277
86
1626
46
45
3
2
2381
289
40084
35
12541
10
1726
1
70
8
106
1
983
192
211
1
11541
2
10
485
2
1
15
2
251
1804
1
9
31
32
2
2
6
44
4
64851
1
690
1
13
8
59
1
1645
180
4
1
5
9538
3
80
13
2686
343
5
9
8
3
18
1
2
42327
21
17
37869
1347
96
62
6126
2486
465
3
7
90
1
4
1
7
168
7
1
443
2139
156
34
9266
34
170
160
4061
1
26
2
62
28
1
16
35
6
177
74
16882
1
20
10067
71
1
9
154
842
345
375
5684
262
8
2
44
1
1
9
12
81
4
78
953
9171
87
22
3
55
2317
220
25
4
12
881
1
60
3
52
26
1
22
10
740
20
1911
1
2
3
8265
3
19
1
2
32
5933
3
68655
37
6
302
339
5
327
3
3
11
57
67
34
1
3
521
1
12001
2
1
6293
59
36543
7
3612
31
182
39864
11
31
1
15685
1
28
2
663
267
25
13
167
48
23
285
6539
1197
20591
2
100
1
10
1
7
1
1715
140
3
143
1
700
298
63
5
344
129
15329
1
1
27
2
172
150
29
57272
90
69
1
11427
900
1
301
173
9
10
308
12515
2
513
186
7
47
5
27032
5
677
3
47
7
1301
3
7952
53
1
22
1
2
276
20949
219
10752
4
56157
74
7
29706
42
12374
95
8727
379
82
229
25
30
14
4
25
977
13
12
98
1
8
17450
1
3996
39
16
441
37
141
191
2
56
4903
1
22
875
139
39
19
51
2561
104779
9
1070
11
225
11
9698
7413
51345
4930
23
34
18
62
7931
98
107
15482
133
18
11
36
4
44
1
252
13
329
8
1737
1
26464
2780
44
102
3
571
3
180
1097
3
3776
1
19
3028
286
2
2552
2
4
1
18
56
1
114
3
3144
126
478
1
2
9
1721
3
1
8086
782
1590
1043
1
1
46
116
36
827
63
3
2
42
33
3
5
80
961
32
347
131
297
1
3
4
1558
9038
3
1
6
27
618
2
212
12735
1
2
6
1
48
12
15493
37
173
1
7
170
282
229
1
15455
12961
2
759
156
4766
2
40
1
2
304
25003
181
58
2
1
641
29
15568
44
7605
34486
113
2
6236
4688
36
5
2
370
2
2
1611
10
29
24283
19
1024
5181
17441
24
2
77
8
5
35
1
2990
5242
2
523
80
2354
19
3048
9788
5
24
5796
1
4
59
21160
896
1
2617
353
15
614
240
4772
715
23
8
874
8
18
2
20102
5
422
10
23
8
424
2002
970
65
2
26
4
4
4
4
3
4499
85
2
21
1
28167
15
1
20
154
228
23
13858
1
498
406
10
1
2919
1
2
8
14
7
3
1199
1
2
14067
63
1
3429
1
1
2
21468
2
9
313
104
9
3
138
2158
303
277
7788
82
1
1314
23
12
2
17
2611
1
22260
1790
14
570
3
2
17
18
3
1
146
107
12
10
16
15
6
11417
838
2761
266
23466
2725
21
3143
3
13
2236
4
9092
129
9
653
61
5
336
5329
156
4
3
88035
9
346
82
4
11
42
335
4
30
6
9712
25723
22158
1
5
501
2
1
73
370
31
1
15
63767
413
1
158
1014
4
1078
138
704
803
340
10377
45
12
11222
1349
10913
54
5
40
467
206
2
5654
8
89
11655
221
5
99
75
5
1
1
10
129
5778
27
19
3
156
299
9802
1
451
12
3
814
4976
19266
200
10640
1
2
282
3
333
716
5
14894
451
1
823
28
5592
10
3
1
66
29
1
467
1
3390
6496
452
59
8
4640
20
2991
3
4358
9
792
297
851
1
7
2
4
20915
979
30615
2
193
2
1551
1875
9
124
9
417
1
1
1
1134
134
4817
4
185
1
3
44928
12
9
8
9
5
3718
12566
1902
5
1234
31
26
48
3
118
1
93
3
93
2
6
4677
4
1
1
284
25678
365
111
2351
179
2
7900
80
10
6300
11
25
36
7
51341
4028
28
31
1
7
1132
16163
179
1604
267
6
3903
509
6
3
42
6
235
15
4177
2
2
1
2
454
2
9
84936
125
1120
2
1
1630
2
3667
9883
68
26
43
6
40
1
106
2
72
1
4
22
17
150
12095
1
23
1851
1912
3
111
10872
26
9
2
13
63
20
2
10
13
1992
2692
6
4
2
127
26601
155
1564
7552
3294
6
17850
557
788
178
54
244
25
468
179
2
9
9984
14848
54
1233
88
73435
44285
2
16
37
1782
59
3
1
1
30
25234
1
1
55
50
870
1
6
8367
6407
3
13
398
386
71
378
544
66
207
16
21
1
912
36
500
977
8
1
3497
33
35741
1
2837
1
5
302
2
6
1
5599
1
32
41
64
1
113849
63
20467
10
1
100
6
140
37
2126
96
22
571
50
4
449
10
271
1001
3
2
1
9587
3
77629
5
516
2
5
18
12782
2
172
1189
1
1
51
1
43
18
9
243
15
2955
25
762
6
561
2
8
3867
1
1
51
617
972
1
6
31
84
4
1
2220
152
7842
1
11
9
16077
9
1
242
31
273
66
171
4
2
13
1
7015
7745
3315
104
8
59
6
377
4
4
779
199
1
23
930
47
2479
632
18
4
17
144
44
1
2
5658
8
1
7975
814
362
3
4
4519
46345
3045
94
5530
4069
33
9
9
12
24
1
6246
483
38
15063
530
5
11
167
579
77
13
650
381
31
9191
15
2
1
1
5
98
4
11
504
301
52
2469
2
4
260
66
34
1
274
2191
1
1
4
97
7
1
21
10754
806
1164
7646
1
588
1
5
63
109
11
35
9
1
41
23
26
2
78
2353
233
134
28
1
1
95
1
1264
12817
3
17
2786
58
8
10
561
288
683
7
17302
41
2840
27
11755
51
4
40
1
56873
38339
478
647
3053
19
559
9
6
257
883
7720
262
5671
452
1
5
574
6
1853
38246
3
33
11123
6
132
2
481
5156
51
5298
4
8
64
43
31
273
3
50
390
26
28
2
8
17
81358
10066
2
158
7707
14
31
96
14136
34
171
26946
488
194
3
49
4
107
210
10
1
1
201
236
4
104
93
51
169
231
16
9037
5629
1
7
10
18
28
130
71
22
21
310
8711
31
2424
109
1141
1262
2240
983
14089
127
67
11
2
3228
6
3
116
5
2
3
2242
467
353
828
2
127
474
1
2
117
1
3256
188
349
6587
256
38
213
109
27
7
3
8
19918
2
111527
10369
1055
48
2
8
11
129
57
45
3
5
44
400
29
3
692
9
23182
211
842
12
839
63
1
17467
11905
5
15408
3996
5
34
1433
4
976
6695
13861
6
187
6
899
4366
158
7
85
1
208
1355
1
66
496
1
1
1555
58
6
59
2
2
82
121
4
1896
2115
119
273
4
240
1
102
9
49
3647
252
7
9
1
476
21518
2
16
11
104
86
176
23
1669
6
4
8
1
91
7
7987
289
12
4
1
20
156
120
5
1
3
6
2
5
1
1
6
74
839
1441
42
18
462
41725
1
51
270
9
2929
36
6
128
6506
58
8053
28
1
2007
173
1
46304
8
34
39
138
1
3435
2
1
25156
11
2
3
59
18
2009
1
209
3986
23
6553
2609
2086
3
3
199
2726
53785
24
4
8979
8
164
1
1
5
5
49
9
31
16
9413
57603
232
177
1
7
32
3
8606
1161
1972
2
2597
26
3
16
4420
815
306
19
123
180
179
26632
128
839
11
835
2
23
70
331
8
1
7673
343
3006
316
13380
3
5
910
4693
12638
3
19
308
408
72
12064
44
143
85872
6202
43005
4
24
3
225
2
34
203
14
8
20
31
1
3
115
20
50859
28402
3
1
148
4
36
162
19
135
5458
2
3
969
1
1616
5
327
14
1
1147
66
18187
26
5
17914
29
4
24904
3
2
1
4997
10
173
72
2
3
27772
202
2
276
59
658
55
3
214
13811
5
1
678
7
166
3
3
4
756
8
1
2259
1
9
237
7393
8
93
21
210
4
450
26139
769
3
926
3
2
1
481
36319
10
21
203
17
1
4308
33
6
5305
2933
5001
16
9452
70
11
32
28
1
31542
5359
410
7
3
68
1466
110
240
37
14
12
28
3995
8989
1
24
32
2
2131
24
1
123
496
2940
3
1702
67
1
2
15
1
869
14462
79
7
2707
1
18
2829
5
1029
7719
111
55
1560
93
828
93
1
207
125
597
27
43
80
34
141
46
569
1655
7279
26
55
2
9592
1343
301
20
46
111
1
68
2
95
2
1
1
364
5
11829
194
11
37
48304
420
89657
3167
7
67
969
1
25
1
7198
206
22
5
4
39
1
56
325
1
594
42042
2130
12017
56
13
1
2
47
22
3113
1
11
494
85
19
803
1049
7574
1
3518
9972
1
1
199
809
16
23260
15
157
12
11
1067
6763
4
4711
6746
4
2
260
1
16942
4
11301
204
18647
43
11
410
17367
6
76
51855
60
43
1
1
1
362
646
22
64
207
51
12
1902
33
404
1066
1
42
1407
12
43916
97
3
1
3319
1
325
1
4
2922
4
7
663
42
20
1
1388
2
13
15
8
1220
231
63
1
14596
247
9
11364
1
5
2
11
1
45
20
3231
5
33
1
4
221
1887
238
962
17
1
1
1558
750
89
14134
1
3
5
4
1338
1
39
21939
1
7
1127
10
193
883
1184
14
4
55
1
78
872
3
1
4
438
1
301
5
21
3
1398
41616
361
42920
22263
497
59
1
1468
119
8
9338
738
11071
1
3186
1
4
2428
14
2
4541
59
19
1283
3
126
3
540
6599
7
6
1
243
9081
27
3132
2
3
272
5211
8
36
7
4157
9
301
37337
11
1
2157
2
7
1
4
2
4
6
574
65
423
365
14412
3
10
2
194
554
6
80
187
292
2
707
2
244
461
4453
2122
199
1
1
42
4563
4
585
528
39
1
1
5
1
4
14
85
3
64
3989
365
1
1633
17583
4
7
936
1
7
37
5
18
652
7
33925
3
5221
16
421
1
2827
2
2
19
1
83
226
1
2
9
100
18292
2
24
223
2461
15
26
234
6
491
16595
1
6738
5
2133
1
13
32
43
9
14
192
2
6
1
1548
13
914
2
7
9233
99
550
128
9395
2117
1
32
5
191
4
12
8
28
359
446
4244
114
4
10
9511
33
52
22
1
1
1
405
1473
2391
108
44697
11
1
5
106
4313
2
7
302
13
91
229
168
1
9387
690
26102
61720
1538
1
50
212
12
1746
1325
9
58950
5216
16009
18
205
2
1
89
101
11357
937
2
2257
464
5
2
4
7
3
452
29
26
349
2
8574
1045
279
2
1363
1
332
27
13291
13
6
23
5
116
2
2
7814
5
541
79
4
2
411
34
23671
11
2
8
49
39
4
1
15
106
290
80
124
1857
151
14339
3006
17
1
7
9
5
64
24
111703
3
810
992
130
44
3
2
5098
5
255
1593
13
3
104
1
9
576
11
6938
675
354
2377
32
869
2
23550
176
222
68
6495
1476
381
2
1
2
9
4
2271
6
6
6
25
4
538
6
806
15
68
34
25
3
440
1
1833
11
2
53
11
18
132
4
35
12
23
4300
57
111
75
8
4861
573
29962
210
31
1
8652
21
2028
22
4
1554
190
56
28
1393
18
32
17
10470
278
2380
5
26
1901
1
28
8
2431
9
7114
445
3
25307
28
11
5
194
22
2
1
28
7
1
8153
478
165
31
30
52
31
54
10060
127
283
5
74606
1611
485
1782
38
17
88
3731
1
63
1
48
26
18
3970
1
11
7902
984
1111
50
118
4
1250
938
41
4
892
6
7
12981
4
53
9
176
8
851
1857
2129
8746
419
8
13
386
3
10059
179
5
581
25
103
3
2
73
102
1373
353
144
4
18522
4
44
1
14809
2
4847
10023
8
2
28
3696
891
1
335
735
606
1706
10
6
141
147
120
6298
58
34
7
1
2519
4
290
2412
157683
7
29
4727
2
4
174
4
1247
2
45
185
6657
5
144
1119
10
17
145
1
3
1
156
14
93
81
1697
1
68
4
135
2
26
1
2528
126
244
3
4
21
10504
156
411
1198
1917
3
575
1
29
3
914
84
5
55
63
2
1661
5
1
2
1099
5
248
1
980
60
531
13970
176
31
19
30979
1700
18009
76
461
164
530
1
647
15
12445
3
39809
5
27
3
8
460
4219
35
190
81
1
1
1
99
2340
463
149
441
943
16
3
76776
3
18
24
8710
2
5
1
167
22852
2
1
88
5200
152
6
21
26
1075
1190
39
3126
8991
1
6481
1
2
3
1
10
37
3
124
4
6
79
1
9319
8
75
1
50
1
3
94
1500
19
4706
5
15
593
1400
372
3
6
4
9
2
11
55
56
5
3
135338
52
923
1
222
18414
1
6735
2926
2881
7
139
5497
1
56
21
18
50935
25
2
16
9762
15531
1
16643
7
86
1
20
3476
184
3
2
5
1
9053
5
2
17
1
23303
23
642
114
20394
67
10
51792
18
283
11
92
415
191
207
8122
12
18
5
468
52
1
184
26
61
3733
4182
1
526
5
40
44
70
12563
24487
49
58
5
1
7
3
5
205
138
506
10669
4
934
48
18
63
8
5638
176
26
20
13
60
57
16
393
2
32
13450
5
406
752
2748
29905
2020
1
52
2
2
55
8197
1224
29
6405
5
5
45
1
4
4976
1216
9
66
1
1
2071
125
3
2
865
27905
7466
1769
3172
272
268
56
2170
68
8016
98
5484
25
3
1826
4727
6600
6
6153
2
299
20
24952
32
322
13334
38
9758
2
432
1
1
200
15
17
278
94
111
15536
13
11580
18
3
517
1
92
82612
8926
617
10659
37
411
465
15
9
1835
157
183
22855
760
12056
12705
24
15
10
2
2
3
101
39
14
9
10
8
3909
4
1
1
339
204
2
45888
19
138
3
1978
163
3
10
178
2836
81
511
46
1
6973
54
22
13
42
4
124
77
5
1
1024
9965
18
349
37
6
87
648
109
222
2
20
1
11
1
1435
17
103
2
425
9
2069
16634
1
1
24
1
10
879
49
8
1
2
34
1
11402
584
62
2
1
1
8
324
3
3
128
17
1
114
110
547
13
1
2
8
1697
6584
768
122
6
692
16
28975
1
170
3
8581
2
1
3
5176
4729
33660
8
23
595
632
49
1
7557
5
322
235
102
1
431
336
41
2
233
1
8
18171
20
3
1854
226
1
46
73
8
673
58
3
6795
1335
136
35390
1
221
4
543
101
7
1
34173
334
330
69
23
229
2986
221
492
29
364
45
20049
551
1611
16344
45922
100
2
848
96
7985
107
683
7
55
9
89
6
40
1
1846
283
1
41
280
173
2030
271
688
7
3
520
3
5
68
1
4
21
5
16
28
26297
260
1
6
5970
3
1
1
28
15
1
8
2
35
3681
5391
1
26
409
4
1
1
72
32014
110
5004
5
3
7
89
10
51
443
14
7
6078
9
102
6
3549
1
278
4211
283
201
26098
4806
2
5
7359
4
10
43
27
1
33
107
4
53
1
55
53550
21
4964
2
303
3395
11
6004
19
185
3272
660
1
493
81
10
513
1779
14796
28
13
166
159
3
19684
413
82
3014
68
3
1
64
33
13648
16
1
7
40880
203
25
1346
27060
292
33
2
10
7
217
1
42
2
2
16
3083
45930
75
1
5117
10718
111
9557
6
12
5
44
186
67
1007
24
27
1
2282
20
44
189
7667
604
160
62
4
59
33
62784
5
2383
12065
1100
124
21
4
3
10040
3888
4493
2778
4
5
3
83
46180
490
11
11731
8462
1
12
4
34811
20792
1815
4345
19910
3
2649
1
102
26
1
2
1
6
906
3
1868
128
1348
4549
33
3549
1054
2
357
9780
3
19
5
400
172
27
20095
4
3218
1
6
1540
81
83
40
100
1294
1698
7
60
1
7530
823
1
352
3
430
1069
1
56
3
403
79
12
1
2
1
7
1
568
619
5055
157
18672
2
13
29
8
11328
28
5
1085
11
1
4917
9
150
11
1
124
1
125
3
6457
31
14
3
32
29
33
2188
633
36
4
4
134
3
28947
8117
3197
53
2299
4
4
9627
8325
3
4890
2120
640
113
10
1606
1099
8
29
1
99
6
7
126
23
58
3
23
160
4
27
21
475
4
1
1
21
40
15450
301
111
5
20
336
17
23
356
7
269
2164
22
78
1
61
2
31
295
3
156
40
898
1
3
3
498
924
4424
316
2
13
25530
51
22
46
179
7008
3698
6012
108
19
3
235
4003
38
1
1
25
40
6
1
10
415
632
3
119
1725
1
13
10544
49
3504
2265
5184
74
6
8
4615
10
7
13
34
157
2
2
1
15665
1642
125
2
12252
1864
53
18506
16380
116283
7
24
837
886
45090
2
399
2909
20522
2470
291
185
1
3
13
77
379
4
1
189
1
3
1
232
626
12
1952
10
163
55
4
706
244
193
141
795
135
142066
8
2
892
33
2
741
3490
5
3
1037
8
3
3902
21
8
4
15
56
4
2554
1
2
389
82
934
65
17
513
3
51
49
12688
72
3
1932
15861
2
6
1282
89
11623
14
2
1382
3
16
239
1
2
431
1
2
451
334
168
9
66
13
1478
4
9
2033
27
748
6
221
101
73
3
2
159
142
18957
8339
23944
3
12132
2395
750
1
422
7977
17547
1
14
851
5
826
1604
1
64
289
1
86
31
291
10
7
278
2
19151
947
1
95
5
9
334
4
340
176
5843
524
3736
4
137
321
177
13
23
80667
29
555
6
2
1
4
54
45
6
1
118
9953
28
14
34
1
406
1
1443
26
4
1
9
13235
4
246
18
4
2
16
9290
20
194
546
823
21741
15
526
147
15
27
1007
3
1
4
168
29
544
669
748
88
3
2
13454
46
13
3565
2
1
1
3
3
504
4
61
13
81
973
2
1664
286
770
526
8
2
1
3
8813
137
136
67
130
20
33
24
131
4408
1723
82
2
123
101
15443
918
22102
43
95
23162
1
308
1457
28
2
200
590
30
2914
2972
4
124
6
141538
3
6236
1261
3383
38974
26
596
12
2
2
2
1
6
3
1
1
4
26
4
97
3
8
2
2
129
628
34
30
250
1
5
2
42
549
121
3853
322
1
3139
3
12
5
7
59
6182
205
229
845
28
1496
43
1
149
2
78
719
1
1
47
13
528
45
571
671
372
51705
665
3
2
1
1
24301
8173
8876
3247
1
12860
9
184
39
18
1011
2
7
2
4
3118
46
1
15
43
7
124
1
47
3
241
396
193
377
1255
7484
1
13
31
31417
6
1
1846
8
27
3
2
90
10
71
5
827
417
22
63
32
19907
1
22
193
13
11780
12515
6
75
65
201
409
7
1690
177
12
18
8
409
5928
1
3599
507
2
3014
58
55
2
1935
6
5
289
15
47
5914
61
639
2
16808
7
5
22
2
7596
2078
6
698
2
1001
1
2
1
44594
1872
1
7
1213
6079
4274
7
21
2
98
152
9
1
2712
4
3
2398
1
2
70
33
160
495
47498
83
1
9
2
3683
3
16
13508
2
1
1353
3
2
1358
1026
1592
169
10233
11
4
372
2
491
1
3599
1268
9
23749
1
308
30022
1
55
2
24
1
16731
205
44
2535
18
16797
2
224
3
20181
37
4630
83
246
933
2379
19
3031
2
7
14168
27782
4
11
296
202
75
17897
217
6
146
9
137
290
15729
1
153
1021
1
217
125
2
73
1
35
175
31007
1360
2
33
1713
3
27
100
65
8
366
394
211
1
10
1308
1
57582
609
6
556
17
11381
13
5
144
468
16
1
1
288
97
1
2436
1
132
8
2878
8
7426
455
764
440
4241
4
4
107
779
242
7
80036
92
85
1
163
249
217
4
34
21
239
4
22
11536
1
209
2
10
7077
1070
6
1
138189
3
12705
11
1
2
19
87
30
12858
66
1
31
417
1
9
1589
322
4
77
11
17
19
27
7
3
365
9
25
837
1
1
15
86
7235
936
503
1
49
20
669
74
2
1757
42007
2
90
1444
2
14
1361
104
122709
116
8686
931
4644
15030
50
294
1
273
3235
333
1420
47
5
17
42
182
22343
44
4
13
1
2
7
7
35
3997
27
37
4696
1
22
1
58523
30
27
1965
1
4
1
4
1
174
50
11
16
2
972
2
31
23
1165
58761
2416
1351
1
51
13113
5963
14
50
571
145
33
1
3295
1023
2
278
148
2
9
11
83
6
2
24
3903
15
22725
93
15
2024
6
24963
1
92
3
1635
3
331
4
31
28
2
298
2
1
1522
4394
1
586
650
8
1
94
1
18923
4
396
76
2
1
1
3
29
398
1115
32
1
1
3896
3108
179
1
8
3954
8
3
6443
1
4
25
517
58
2855
6
48
129
132
168
81
17924
1
12821
20
1
22
4
10
29
25
38368
2
18
3
3
12
1442
481
2
6353
16
3
10309
5
3
1
1
30
36
7666
10987
7986
7397
21139
1
4664
17
39
189
1
3
1231
11
14
1
75
62581
56383
71
4206
30
9295
5448
867
246
13
1
1
21874
557
11
47
1
50
6620
84
112
5
1044
6142
77
739
363
41
2
6
11
5994
10
1
1094
1
150
10905
2
122
413
104
63470
25
3
6
19592
15
25
2
104
21
17
12457
862
2764
1
1628
2
2
3
186
3
123
1
3
17
53
14648
1
12363
3
4732
3
37
8
27
167
69
942
18
3
110
18
9245
28950
2
254
433
12
53
1636
9
17
70
4396
2
175
2
2
42
27780
46
1
1347
1287
4176
101
4
496
1
1817
3
2088
147
2
18236
6
11
7342
18
1
109
8
3128
6
3
22
15
477
114
2291
29
16
54960
1
1
4
172
564
2149
1
156
50
2
1
179
2
8
1
33
606
33
2406
31
670
10
30
621
12
24
933
15
223
168
20
70
358
22
11673
4
2859
5
7
38789
5
1
173
4
2
262
26214
10
1
1
1
29102
1355
68
7
8
3306
54
127
3250
5298
8
2
6115
877
36
92
4008
8328
571
2
1
30
3
1
118
4
55
125
11
214
2497
68
295
1
1
4
1
449
3
15
518
1
1795
468
70
31
27
386
6
1
1218
14
14
9
15229
29
6739
77
9
445
1
51
11
116
4
446
2394
3
4
33997
13
2016
13
292
10149
414
99
958
2
2177
98342
2199
28
289
1
136
19
3
167
2
94
18
23770
1
10
4
1
37
29
285
1
207
65
7
76
10815
1
2834
4501
2567
35
687
1
34
18
1
97
10
505
15506
197
1
126
9608
24
283
25
28
1
13
192
237
25
4516
912
28
137
5492
184
173
1
2
6
3
1277
7
8020
37
2
2
1
488
12
69
1
53
4
17
121
8795
72
27
11
11
6
136
524
38
7
3
1912
120
705
19
2825
37403
7948
234
5092
114
5
5
1475
249
14
4561
11
1
1
6
99
704
3
21
23
1
1
29
289
11
1
24
15499
7
5
17
56
13
16
9
36
259
134
52
1
809
23
145
3
410
30
65
4
91220
1
3
36
287
544
5834
30
1
13
2
1
108
3028
20
829
7
46
4291
6
4
39
1
8
1
20387
1154
89
901
9
520
1241
107
46
481
37
3
8300
4895
214
57676
2879
3
2
66
290
226
48
56
1823
248
24125
23
7
69
140
11
43
150
4
4518
6
35
2
6
13
33
1
7479
1756
18
3
13009
99
61
2
4565
121
2342
22446
1
1134
13
57
127
513
142
647
1
4
8
89
36343
2603
482
68
52
119
1
21
29
3
21920
217
398
5
14
12
505
474
24429
11
29958
7
1390
7
1
3
301
1765
4
512
200
1143
1
605
6
582
18071
133
5
14301
10687
141
7212
1
1
500
320
4
48
75760
1794
39
225
1
5
5562
9
2
829
5
8116
5
21
9
3
1902
32
23
1
18011
454
104
174
9015
15
71
106
941
1
11933
1076
3
1
15
16
5
80
24955
60
2
1
1188
246
291
883
1510
3
92
39144
33
588
468
2
29
66
22
2
21
50
3
21
4
2198
2
15157
216
15
81
30
20
216
619
4
5
6
29
338
140
85
2
60
2
4
38338
17877
33
258
24
58
16
792
71
1
2153
8
1
3
1
16
5786
30511
1
6186
2
2589
20602
505
55
14
145
16
11972
332
77
887
92
501
41
4
1
339
1
21
2781
107
145
3
21021
590
27
1075
2
293
1
1
58
1
62
8122
1
11
2096
298
3
11
33
2
2
5
68
183
2
1
2
1
28
1
6622
39
1
1
9642
1
12
297
296
238
130
504
87
35
1
17
3
14
15
64
67
1
20
270
3
1
56
1300
506
285
19089
5
2
199
81
3
287
78
3
36
1
182
133
2
3
358
46
6
10914
617
10151
1
92
1
12
2825
6
102631
11
11
11
9
15
19
1
4467
17
180
1454
394
17
7070
7
574
30
5
499
1
196
22
2
2
84
407
239
2
11061
109
907
10197
1522
21
41
3
2
398
21
100
5
2
882
3
7
157
9
44096
97
1769
90567
4
4270
1
6
2
9
318
2071
9174
35
3
1
5
7
6
1
25
1
12
1185
60
25959
714
1
640
58
83
1942
1
62
5443
3
7
1
11362
43
230
1
1
1452
2
1125
1
10353
312
18
2
21670
707
38
3
3
2
12
1442
12
6
7
16
582
2
3
49
180
6
5
704
14297
56
12
867
2
5
28
12
3404
48
106131
13
1062
1566
1165
33
1
355
4
2
44906
923
12
9479
20
1
1351
10
3594
1
99
143
6
11
46
133
1
114
2
433
2520
102
9
5
20
34
1942
3958
72
17
21
8526
56
4
70
1117
19
3364
216
496
324
2140
1517
86
5
184
1
20300
1
10
12
40
1362
15004
2
2
348
1
14
1768
1
27
3
9
130
39
424
140
24
1
34518
750
18994
282
51
11808
27
45502
33
110
18
99
12
10528
1
34345
35
3300
765
1056
4
49
1
470
105
8
7790
12440
5
848
22
266
180
752
26
12
6000
88
78
58
7
3
28
106
92
4176
1
163
15
29
11
14
926
4
11
3471
3841
26
13
11
6112
28
240
1
149
14
53024
26
2
1
17
4
58
2
3
11
16
2418
6
840
9
1
3
3511
5227
118
4
1
118
26831
162
1
29
19
312
9
32
866
45
3371
668
14
66
30
47
11
11219
4
5
8869
1
1
1007
65
81
12381
10
77
11356
6
1
510
9902
2044
343
7997
2338
1
15
1730
73
6
1050
1
57
8
18
3
2
1
126
409
219
6
25858
57
1
789
10128
99
2
48970
93
1262
2
4549
1
23
5
12
1266
1
58
104
1
253
4306
260
4704
677
29
184
21678
1530
4019
29
3
96941
11
66
466
2
117
25
79
7339
46
1142
1
25
3
11
43
1442
4
1
17
38
6
196
59
81
3
2629
82
506
128
1
32
1104
14
5902
6
16
1008
1
1
35
10
1
2
2
11
1
2
15
108
1
8
574
25
7
30081
468
3147
3497
546
2
84700
21
136
18
68
25
4
38307
87
401
31
74
7908
13
3
35
6217
178
443
3
1061
18
12
5
69493
3514
10
971
26
41630
1973
8
1
3
999
66
22
450
926
2
33
3
1180
11
114
2
117
1860
31576
192
1
4
82
20
75
3
57098
186
10
9
4
6
61
1
2
9
2935
1
173
67441
1
281
32
1295
7
7688
8
1993
144
658
164
3
74
52
1
946
344
76
25
44
58
45778
13
1
2
21759
1
1525
6
2976
343
88
1
92
7387
17234
4793
466
653
143
36
1
7944
10
22
247
273
4
12
1
2
367
112
12
11
23
65
454
17671
1
1743
1
10
1
6
2
13
60770
5096
283
2
4114
1
25
6638
5332
30898
227
17
1
1
1
17
52
196
21
212
1
2037
24
1043
4966
2
1
22
23181
3
31542
5733
2102
3797
99
35
7378
311
14
1
16
233
2117
30
4
971
356
11755
2
4
1
510
3
2
14572
9
125
368
1
41
6672
1
143
18
570
4
9
404
231
2
7
1
3
24
76
1337
28
168
60
3421
6434
7
9
5104
1
36
23289
497
2
54
2
1611
7
12393
12
35
3851
9
27902
67
215
1
60
108
34
1
1
63
11429
654
1
392
25
393
1
99
9046
747
3
1
2719
222
26
1
1
1
6
10
184
4
1007
230
10
12371
1885
96
86
390
71
17
43
14
38214
7884
46
1
3417
181
22
2
1170
1
29
699
1936
1756
33
145
1
10
18
24571
12
92
13
4
62
142
1
2
20
12
109
356
1
4690
210
40
13
3
38
247
504
1
32352
535
18
51
1
1
328
5609
10
18
75
13483
5810
41
16676
27
17
11042
509
157
55
6
41
121
35
1
14
116
2
1176
120
2
1108
38
1764
149839
1
2070
1534
4
1966
46
34
310
85
44
168
5
2
69
322
1
1
122
10577
2728
13969
5604
18
18
20
2
9
8
4
1
2
5
41
6
3
114
7
9
26
534
94
12
4
1
3
2
14
12
5224
56
487
7822
5
1
31
22
1281
33105
10460
7
6908
6317
23340
11
48
27
1
23914
2
1
9656
3226
520
85
2
7
12
20
1
472
2
19056
2
364
9297
27970
3630
338
16
28
56
1229
62
1
1670
570
1
90
24
1
22
16
16
187
1
1
2373
2
123
28
8
1666
12
16
12468
25
13928
5403
4
1
33
11053
95
2
6
12
1
18388
38
94
2
7
2
1
4
2097
95
22
2
631
1
60
1
16
2
55
2208
558
143
113
676
16
4
3827
507
19
2
1198
24
2
1
157
2
34
1401
2847
7
112
76
144
20
2
172
811
11
1
577
1921
5
3
95
1
1
113
12
20417
25
16
1093
6405
2
1089
37
5722
13
13351
119
1
1
2318
165
2766
3
140
10
8082
1
12852
2
582
6273
4
621
33624
24
115
3
18
2
1
50
7
2
11
4469
47653
1
32
11121
27
3
20
4
850
408
1
4586
3
35
31503
157
8
5508
30
26
1807
1
53
9978
3
11195
1910
1
1
1
110
2
3
2
34692
31
48
7
53265
67
1
654
44
3
93
8131
11345
2
1541
33284
1353
5305
48
138
1226
13767
140
15390
1
7
2
837
113
4993
3
19335
81
20806
1
24932
64
44
18
15
2480
368
126
2
19
20
1
1
5
5272
279
40
2
1
23456
1
4
706
4
10
14
16721
2
15
93
15336
1
1398
16076
136
10
554
907
65
26
321
10
41
12
11
2
33
131
3081
22
3
225
129
11010
483
430
49
13734
7
204
97834
8
10
9
13114
1525
31
59
136
14470
6315
2246
1
1
8894
1
59
75
61
13152
21
9
51
15723
139
8
4
20
3
36
4
24
129
9
74
1
1
384
233
30719
26
20
13
3
18
10
1012
163
4571
2315
438
9
1334
30
38
803
284
31
2
805
49
6
5
369
22
6
890
49
16
451
3
1590
4
737
21
14228
9
1427
8795
140
3
1
1
1
18
3557
31
43589
2
30
1
20
13
12
2
759
40
606
21
4
1456
33
34
3
2
3265
2548
3
5079
6
73
78
78
425
26
23655
79
37
34
6238
894
4
114
768
812
1
1
5
1281
1
12
23641
128
141
4
65
12
28
39
2
145
9249
3
3
1
1
75
1
93
226
68730
81
498
4
632
15040
8
1
2
1
29
254
1
9
153
4
11
452
17
9
7
2
8
24
7602
91
3
556
7
26
10
80
2
20
82
74
893
8769
62
7
66
9643
16
181
2096
28
1914
19232
1
48
213
29
204
3
3
80
3402
25
6961
128
1
79
4
112
7887
1492
4
15
13078
91897
2
1
3
644
12655
9
3494
3
73854
106
53
4
324
3
34
1
4
4444
1
444
347
1
30
1
29
155
5
149
4
5755
329
6
250
469
1171
633
102
10
13
419
31
7
369
12
2
1
7
7
2
41
74205
3440
21
32
705
13451
487
7384
14323
1
32
1682
325
1
34
1
16
13
7
2
28
3
13
1
1079
490
2
25
653
99
144
134
24
33
9
6
25
253
26
4738
6726
2
9
6
324
7
3
128
7
94
51
40
3
17611
2
2
176
1
5858
13638
48
4115
238
1
2361
4249
44
27743
105
14
13612
7003
4
9910
12
1446
27
3129
2
30
2
1283
1
355
189
33
9
3
1
1
10
2
1509
193
4
404
7
325
5
2
211
54
521
2217
4
60
13
13958
4571
8518
683
377
4
5
31
3
5216
1151
46
8
1
623
114
20
21893
2465
7
120
16430
388
25
3175
665
1
8
858
4
5
17
857
31
1
39
6
5900
79
2
929
22
35215
1916
1
313
1
5
7
63
92
38340
13
88
1403
19
5
1
43
21
8
19
85
1
57
1
68
387
28029
8
22
17
1
2
2
7
1383
3
3
16717
61147
541
415
22
4981
1322
10
848
59
2
1
26
469
16
4
70423
158
24
85
22
98
1
119
45
401
1
1324
2
537
695
4
79
30
1
1
5
3335
463
5
26
22379
9
38
7160
1091
6611
35
40
5
1181
1
1
37
4
1
3
5
486
18
65
2
2
1
45
1
2
2
19
5
2
117
442
7
9
1604
1
65943
2
42
379
125
34
29
6
7
3201
4
299
4
136
1
6
404
176
107
2
25148
13347
910
89
65
2
53
47
2
1931
133
5
19419
1
1
4122
2
988
11
2
59
223
1127
96
12
62691
1
2
6
458
33
164
1
4
2857
35
6179
7
3
4
3920
29
19
30522
430
24
57
616
2
61
2564
5
1
26
18
398
7
8
9
11710
4
19
2134
59
1
2
160
2703
439
7
120
49
75
18
15
1
4
2
1
280
1650
1
29923
2
19
2
7850
123
6
2
8
2246
1
81
712
34
48
3
187
167
711
43
28
2
5626
15
13
1
2
247
7472
117
8259
626
111868
4
5
3
10
14171
3463
1743
72033
97
7
1469
160
24
6
6
762
8
1601
576
4
14
457
192
1
1
10
325
3
26
11302
430
7
1106
7
1300
35
111
12
1181
46
10
3
2660
28
31
148887
122
15
47
2
1
1
3
30
7
5
1821
1938
191
98
24
130
11
20
1
1
7
2
16
595
37
19
202
1195
19126
1808
3605
1999
2232
115
1
22
366
7
10
12015
13429
568
4
193
783
11
192
819
21
4439
3
992
1670
68
1536
2403
2503
57
8463
30
1341
30
3441
1
9
1
3
56
21
3780
10
1
53
14
875
1
1
130
6
14
9236
12
1179
83
13
2165
352
8
1
16
3940
14502
7334
625
3
57
16
25
41
2
25
52
39
1
655
51
7379
1242
211
6489
1378
553
19
88
6554
1937
4484
27
23
1
16199
26945
294
989
37
8358
15
71
68
181
1
12407
2995
2904
987
174
24
1
6
8002
1
6
42
300
132496
10
393
95
5218
44
1
13412
1532
26
4718
22844
9161
5
77
16223
5662
1
5303
7356
20
223
1
11439
31
92
1
6
41133
1
1998
87
2
2032
20
2
531
38
1
1
11
2
873
591
1524
475
3056
105
57
286
86
1
45
57914
15359
730
98
19
39
5
7
21
15
2
529
14
277
1
1
9
24
42
14
1833
3668
76
5
23099
423
2343
2490
339
614
12
2
16
2841
371
626
25156
1
1
397
6
115
333
10914
7
31
3
12
48
2
3357
329
2
2
1
75
4760
69
5
15
65
3
11767
1447
1152
1
15
2
8285
11
7650
14160
3
1
57
10289
2999
1
3
528
4862
96
9757
34
764
7
4
1036
1721
40
63
35
3926
331
21
2
893
388
146
6
175
1
4644
33
15
354
27580
2
2190
286
17873
10
2376
23
1
87
18
3
1
102
3739
1
423
2
165
3
1485
1
2395
2
20168
767
14325
112
789
2
6
34
6
55
17203
4
55560
20
3894
175
705
189
1
202
708
14267
167
7605
112
6
935
502
24
444
14
28423
2
4260
997
1393
2
234
10244
1
9
106
9827
230
110
1
2967
10
6452
86
45
1
214
6
42
1
13480
2
1
1
3
11
26
5
219
11730
9351
26
4417
976
1
94
4529
132
1675
36
1020
54897
20
9
4
7
3
10285
194
18110
6899
7
2
307
118
3309
2
58
79
6
21
1
7
2075
21
16702
9467
3
11
18112
1
64
90
440
66806
5
220
641
12605
13
8
5647
435
1
612
282
5
19
1
4
1451
1
4
13
1826
18
3
15
15
2267
3197
2
129
8818
7
21
4
60
2347
1241
1
4933
553
199
10
1
602
432
23
3
311
4968
3
9
13336
1
1116
13768
7866
4
1449
837
1
15
1
6854
1
46211
10
979
1
99
274
1
58
30141
26
78
23417
20
35
282
67
101
33
16
1
1863
1
654
430
924
1
3
206
1
17350
2
4
2282
49
20769
47
448
759
120
82961
2364
710
4
1357
1
3
5298
21
238
3
6
18
9
31
6
37
8
124
5253
2013
8
5512
117
1523
38
185
377
30
8
304
1017
51
1
48
15110
4
19
2
6
1741
7
6
1465
34
40
2607
91
6965
15144
635
1
3
3109
61
4084
1079
23
2
72
920
9442
716
1
21915
102
9
3
1
117
60
13403
7
1
86
104
322
3807
7
8
36
55
12
6
863
1
16
1
15915
1
1492
5490
624
28
8
122
1
2361
26
1
456
72
1
98692
1883
1790
3
27
91
19
173
8925
17155
7217
1670
3
3
27
1
63
94
2888
52
3
50
22
37
15
15
20
22106
850
16958
4658
2
1
1
1
2483
1
2
15
2
43991
2370
36
3119
6059
1946
25
325
79
5270
18
2
67
35
15282
993
1318
22
1413
2
5
4
4586
107
5807
30
633
1451
8
3222
2
1
40540
227
937
41
3
46674
6
2
5
13390
503
1997
2
4
5
194
1
14
1
267
108
2871
106
1
573
318
512
662
16
43
9
617
28
1
1602
1
804
2
28
2
11425
14
1
102
1999
8453
331
2396
458
1
8
1761
256
137
2
208
1
156
24
98
49
3
45
7
1654
1
17
6843
6
6
18
33
795
16
3
17
12495
5209
4
3509
10
33510
5
177
186
1
1
11
15
5
11
13
89
15833
12857
5
134
17
1
311
71
96
1
3616
9372
314
760
2183
47
8
1
19
4
17
774
9989
1
4579
10
6
11639
17
38
422
6126
37
3
14
140
2
17
146
9800
1197
14231
4
39
10
2
120
194
16783
5835
10535
11
4
33
57
14
507
171
319
61884
180
1
2
5553
2690
6160
4
354
615
47
4
13
22
49
92
1
10
3
22
8729
4017
9
1431
149
1
32
6
2068
13
4079
63
7
5
213
2918
194
49
5654
9
2
634
1938
1
23
17645
877
20
210
5
3
2
427
669
414
22
2
9
15
458
832
18
478
171
26
44
38
5165
5162
2
17
15
64
9244
2
36
151
7
3
43
491
285
18
3151
581
5961
4
38
1
9
543
3
8
3
25144
449
46
41
23
368
489
6
348
2
19
1
8
78
13728
8
10632
10
26
3634
1
105
1
3
3
61
29
1328
1
6363
33
1851
6
60
1
22
408
79
16
22
20
114
1176
24
57
2933
2
2
7
38995
11
56
64
14
19
3
18
1
23
6
16
11
4003
2296
2
23
6
43
222
6599
831
1
6297
900
1182
28
643
3
20023
135
92
3344
6072
1
2
2609
1
9
740
15
3
10705
1
579
2
247
2
79167
1
74
17349
242
545
1
14
159
83
402
1
156
20
483
8856
292
45
1487
7206
9
110353
8278
31
481
1
275
32
449
3
28
1
5176
15
4
66
10
4
541
624
20
121
52
170
9550
171
447
357
7217
7
4
1
92
142770
6
587
8
2
75
1
1
246
1
4
4
10
3
1
2
8050
62
453
1239
71
1
1
1
1
343
3437
20
2
806
2342
10
113
11754
12
24402
1745
33
2341
163
21
6
5
3
15998
1
1
1
256
21
2
32
114223
1
12
2
1
465
6
15
28893
3
411
1083
17
3403
136
509
2
673
132
1
2
4
10
5872
5
18
11
1
30
48
3705
12
2
1
1
1
2
28
11
29
20
14
7
7
7832
1302
3592
1
376
142
62
13
84
14098
1
14
36
14376
1241
2
2279
50
1
53
145
2
3
2
14
22
2957
2513
12080
1
322
1
9
190
2169
53
821
33
6
4
303
3
104
51
341
2
10
1
92
1401
5864
105271
13
227
1
49
1
7
11698
8
1
8448
4249
2394
10032
20
10
86
3
12023
1
2
3
7792
12
1256
1
3111
821
77
188
369
35
219
7
184
44607
9
2
72
1
156
10
211
1057
2389
395
3841
111
1
10
43
15015
4368
242
2
218
1302
1
2
1
6
57
1
410
21
115
7318
1
111
7
3
27006
65
3067
22
5
408
1
108
5
176
8
5
3
19641
2094
3515
530
20725
40
70
18313
29
717
766
22019
31
489
112436
2
23116
5855
28718
56
7
1
6
7
140
3021
22094
851
557
116
1
5921
12
2433
199
24
5805
4904
59
7
2
1
13
5173
16
2
3
96
3
1
12
1
586
2426
58
50
4733
2
9
36
1
21
5555
18
282
12042
4
1
3
423
67
820
237
10645
16590
2448
2
496
15
1
407
5
23
3
197
1
23
4
22570
6
5
125
169
2
322
108
143
1
15
1
3
12829
2067
39
2686
16
62
990
17
24
17
27
11
2618
1
924
19
4
3
1068
537
17
15
5
779
13
103
36
2
34
151
13
17
17378
24
19
9991
1
8
407
50
310
677
17
97742
54
508
2
4790
6
37
4
65
112
1
15
1
248
2111
1
18776
24
29658
21098
291
21
1
21165
23656
23
11
112
188
34
2
18
5
21292
4
2104
202
14
2
155
844
30
13
21
5
1190
1458
6188
13
5485
12178
2
63
1655
116
13445
44
18
5
12
1598
807
35
2
279
5
16
538
1
3
1795
113
23
1675
1
3
167
588
2
73
5
7
10750
10856
5
205
108
4
7690
13974
4
5515
83
11
4554
2
1
253
382
446
58
55
8
43
22
2
164
1
378
694
3
2
50
54
16172
199
1
2289
12
59
36
6
1
6
1
11031
1
1
582
694
13
5
2
74
382
169
4
4291
12
202
6386
987
1076
44
2
884
91
25
12878
14
274
5
19
7
1290
130
10
103
1
13
19695
62
2
5107
9
1388
3
300
9
22231
1924
53
60373
23
311
37
2
149
5258
9
17
9917
6660
4
347
1
11261
2
41
1070
6
1539
2
13
43
2
2
50
943
10
3289
262
3
14
2
2203
10896
22
1
20
1691
81
272
26
14652
182
6732
1222
123
22081
2
125
8579
1
3
4
52
34
359
9
26
10
10
6
1442
4
594
9
41
17
147
14
2
1
1
36
6478
2
43104
56
10
2
4
1
9
31
11
64
5622
17
2
2896
52
2152
11
32
1
295
148
6
1259
2
86
8
30
3539
1
7
1223
1
1
203
87
256
2228
4004
121
411
3381
187
642
41
28
316
4589
11598
46
75
1019
138
1
78
65
3269
433
1
254
1
396
1
1
7
40444
5589
346
1
201
2165
450
84
1
105839
6
10
1
521
174
2
1
1
1
41827
52525
4
3
13897
30
11
1
1
8
1422
17031
75
20
2
1
1149
156
19
8
134
845
1
174
27
6
17161
42
5
2
252
94
7343
92
50
637
18
20
1203
5
11
7
3891
1465
3872
16
4
3
10
44
515
1
13125
684
7940
398
1458
3
6767
3
3899
5
1
4398
3
89
222
868
148
93
15
39
95
1
29
1
7
105
6
19
48
35
362
357
1
3019
414
4
5
65
366
1498
8710
9
24620
66534
1643
116
1
153
836
4469
610
1
7
12
4
16159
9
1
1
16
16289
6
91
228
121
25
1
83837
6
263
26
6895
20940
172
41
1
351
480
110
46
4976
5
451
226
166
772
2127
1
96
2
48
1
73
430
19875
115
2948
791
5
16899
12
9638
9
371
91
15660
42968
18
50
459
5267
1
1
41933
1522
3687
16
1425
2
4
63
2
80269
8655
20
31288
125
427
3
2
12
2
322
1052
1
3097
139
145
79
72
249
3
115
9687
16461
2070
7
4
9
11
4939
28
32561
202
14
42
3
67
8
24082
6
4805
519
1430
36
80
13
294
3
7
30
2987
86
1028
1
6302
23907
1
900
1306
3526
8
1219
5
67
922
19
90
1784
15390
2
3128
145
1
1
23
1
1814
65
826
549
10
25
4728
1
11
1
1
7895
1
2712
198
176
18347
1
1
1059
1
1
25
10
1
18
8
13
3
39
57
1
47
1482
14057
746
211
3694
10
132
152
2350
7
1
1
34
8
259
30656
3
3986
2340
5362
1964
42203
5019
3
33
2201
1391
4
320
324
3
10913
5776
18
1797
23
5
34793
4285
30
1435
98
64
417
362
283
6
10
1
3
188
718
15
3
2230
5
2615
26
1154
1
110
273
39
2
9863
478
12949
18369
2543
4
2
28
3723
40
2
8044
3
174
15
18309
539
263
2083
135
17
212
2300
24
1414
30
1388
16
1
1
51
6
14904
1327
5122
5
292
679
1
1754
5
17
1
6
1324
130
11047
4802
28
10
16
21
228
619
248
68
11
14
2
1750
6
1650
295
8479
1
2
498
1
3
52112
12
16
1
14787
1
15
52
12173
573
13
2
2
2
2
73
170676
293
2
86
9907
2310
8
1503
58
2953
108
3
1
152
13
3
6
44734
108
1451
1383
28
1
1
1
437
17409
207
462
6
6808
12
2
32
2
9111
2
28
13243
1
64
6
161
335
10
13
244
3421
1171
14
10
349
1
3257
7
1
440
2
7
622
376
1119
391
116
1
10
1
1040
7
946
2096
105
3487
1161
84
5276
18316
16
4
4
126
32
1
29
2
7
343
2
3
135
2
149
103
3
7
7
10
6
61
1
7692
53
1
149
13
192
13295
1
2
386
2
150
25
49
18539
17
2098
1589
13
434
42
4
6
1211
51
4
35
155
45
543
25
1
4
40
499
33891
47
2
2
41
3
14
14
3
4195
9136
136
28
973
152
7105
34
25255
125
1675
1049
9
1098
116
274
13
71
2609
16
1
17
2
6517
144
26
5
1
11
164
1
21
5
1
15687
146
1170
41
105
1
3159
38604
2272
14
4
5
24249
29
371
1220
1
1077
7
7
284
1
120
22
1
103
4378
1891
4
701
183
21825
976
39
882
25446
2
10
971
1
111
72
1488
2
15
1
8
36
5
8
15
53
71
8
18
343
314
516
816
2
24
1583
935
59
3965
5
8
1
8812
2491
421
705
441
18664
162
6498
66
11008
3
5
220
84
5
1
958
43
22
365
276
1
2
43
2
834
1
2147
1275
27
6
3
18
4908
494
452
97
7
12
25
81
52
8
9
22
2
8
1
162
1796
650
1
11
8
2
6326
9520
2
322
35
11898
2
23
11
17694
110
1
716
2
30757
324
2
18
157
20
6
289
97
1
3924
15920
1106
4867
190
566
3
31868
3
41
77
451
11709
7
10
2751
62
543
49
73576
2
2
9
1
881
988
7
21
85
224
29
85
3
24
3
32
2782
3
15
6
5
26
28
278
9
38
1
1
3139
441
705
173098
205
27
3
1
4
151
12110
2
6751
15708
1
50
1
2
27
28
4
7606
2
6
1
7681
3883
228
727
245
22859
36
2
25950
251
1
49
899
11
2
16
6
1359
1
1
163
5
64
6
6
8
1751
20
1
999
2
803
146727
22
20
650
21
5799
30
2
2
72
3755
627
1
2
1
3
5654
16
23
7902
28
8
3
1
4
1
1318
5832
15870
1138
1
1136
5135
1
546
323
2
277
23
48
3
3
7
1
1
3
6
116
993
7
171
3
572
842
2
82
8640
12
229
2978
1
8798
13329
12546
4
191
106
456
3211
1407
6
456
2
7
10
25
5
1
3042
71
1
9226
1
1069
828
4
2
7859
17
2299
6
2
12
230
1
1
9
124
29784
1
4
7114
6313
2
17
2
2
10755
163
328
1
683
1290
9
299
10
13
36
41
7
1
3
5540
87737
1059
50
225
8
24
2
4
2
4412
1
14
5925
389
335
103
101
16595
2
52
13
935
44
1
2352
1102
2
23
3441
2185
11586
80
3
689
24
712
205
5334
1037
4
5
354
17
26
2824
4
4
7403
7
2763
1050
1076
426
1
16606
3
3600
1
48
19040
14
724
6
263
2252
5
781
1
9992
1
39
59
7003
24
689
1
11819
2
6
4
801
2
20
129
4692
4
1
1
10
6
2122
554
4940
2
1
6
15500
477
7
238
5
76
13
56
2
4685
687
234
2
1087
87
2087
1
38
20