1459157
3
34
1
85
12
518
1
56
82
355
1
1
26
668
57
4
212
2
3
9
108
789
3465
113
66
24
276
695
6
1
12
16780
220
149
74
510
59
81
1
15
1
85
22
41
95
3
41
881
159
2
1
455
10
13
320
20
1
90
6
1
113
1
2
49
1
1
772
1739
7
93
59
368
95
2
516
56
5470
7
2
1690
259
7
1
220
3102
4
1
1547
204
1
20
2
771
1
149
4
1
14
41
1
53
1
442
1
26
166
30
1
2632
2
5419
1
1
6229
9
53
23
1
162
24
3
102
1560
3
5122
1118
5
93
3
28
437
6554
86
13
899
211
58
76
33
195
204
8
17
164
3244
16
15
2
1
18
80
10
17
25
36
7
81
874
32
42
28
10
1
89
88
2
7
2
88
2
192
1
8
4
61
2
1
5
1
3070
13
5
259
45
21
6
4651
288
15
15
293
5242
25
244
109
353
13943
84
54
394
2
88
3356
1
147
2
221
1
7557
10
173
3
2
1085
1
11
20
13
2
9
1013
425
3
644
3
744
331
1
29
13112
154
728
2227
3
101
240
2633
1
2
13
815
178
35
5
165
1
42
1
4
415
1
532
739
1005
6
295
16
249
27
1781
599
9
1
12
50
39
7
83
353
142
1
2
7184
13
3
2
143
218
23
14
5
4
2
167
5
263
2196
79
2
7
2418
139
4991
69
271
14
1
6
129
1
4
2
2170
1
28
1207
4
758
5
40
25
87
119
12
11
504
372
8608
296
54
14
2355
47
4
232
11
4
241
40
19
141
34
77
46
242
167
4
263
1
35
175
90
1
447
37
5
17
334
2585
193
6
3
375
261
312
7
5
459
1
653
2104
3831
2014
6
2
1556
426
2
5
4
47
30
36
1
3
45
1
1
326
1115
11
23
19
3
30
10
8
10
18
1
1702
7
5
15
27
65
2
4
16
11
13
1741
2
35
4
5
127
1
4
4084
183
1
6
538
83
58
127
889
33
114
1867
180
194
12
2
8
33
617
119
14243
3
14
20
486
342
709
1039
266
1
23
49
2106
2258
1756
2874
1
9
76
790
4747
133
1746
81
450
21
13
2
38
1
574
2
1
1490
6
1
349
121
77
48
373
3
210
1
39
183
1162
550
2
822
1
1
3
225
1
2
13
89
4
220
47
60
6
46
1
2
4250
7
38
49
80
105
121
169
333
6
23
563
54
256
4
438
1628
103
1034
182
3
690
1
48
4
13
570
2
19
2
14
191
1
4
231
8131
18
87
1
15
32
25
4
3
427
1
16
353
360
4
1
3
10
17
4206
5
5
2749
3
127
32
1
4511
91
12
1
116
12
426
861
16
20
443
1
235
120
44
7
4414
105
21
232
15
365
153
2
2
12
2
683
24
4
704
1
904
3
395
130
13004
2
21
669
1
2881
26
48
12
8
2
249
843
61
48
283
15
1
130
3
674
588
3
922
1172
382
1
35
1
581
6
90
4546
2
86
77
590
5
114
146
125
1109
7
1
4
1
1018
597
1
1579
2292
106
880
276
96
330
323
26
3
910
1
1
284
2123
7
105
1
775
2
688
5
4290
3
25
44
1
149
1
6
1617
3895
236
29
2
64
322
124
1
40
230
39
32
1
8945
61
157
3356
486
90
5
2375
2569
1
93
24
15
4
8
38
7
7
1
25
12
109
299
66
69
3
796
280
4329
3871
27
5841
11
2
5
995
1
1
76
12
14
26
5
311
4
1
7
127
448
10
2
9
1
6
2
3
121
57
1343
41
22
448
5059
62
330
2
6
107
2608
1062
27
1
39
3478
484
761
2
2
324
81
98
5
60
2709
37
1
23
64
17
1
12
17
175
28
6
2
8
633
4
2
6
1649
41
771
8
1
519
37
3
1
3
211
1712
2661
51
16
2032
4
1
1
224
203
2
2
1
22
145
53
1553
16
577
5
1192
1
2192
3
8
1
269
3
2
1
1
8
19
1
2
20
2005
4
146
41
1
1362
196
8
510
21
2359
4
74
8
15
25
4
201
26
267
9436
3
1
584
1
7122
2
3
6
28
8
36
6
32
3419
2
21
83
407
108
5735
10
713
2414
17
157
7
51
2
6
32
10194
136
11
1737
9
34
2
3
1
2
42
957
1
295
14
1
1
386
67
9
156
27
78
2
2171
62
11
2
16
1
1
56
1043
2316
84
498
1761
3
14
16
10
1
3
230
41
20
1
3
1
8
6
4164
22
126
499
301
108
97
7
116
66
97
16042
1
7
1
12
1158
804
200
16
6
443
280
12
2135
96
16
18
41
917
109
19
2
161
4
465
134
99
1
32
2
4524
5
2
1
2
151
4
189
3397
7
13
12034
5
602
5
1
7
24
28
1974
296
2
3
1
1
72
9
2
1
31
18
553
1
1
38
53
2
33
10
1
515
4
8
397
1
1
1041
56
1
2214
3
546
1
91
14
23
2137
838
264
2835
1
2098
1
179
4163
44
1476
2
2
435
20
12
64
2284
379
281
221
32
43
4
27
1
302
26
1458
8
4
1514
10
3
118
89
2
7
1
671
493
1093
766
606
559
424
9
1994
1
69
52
295
658
271
6256
703
330
9
1
16
3
1
1
1
242
4350
314
1
495
205
1203
7
11
42
260
9
7
60
338
58
50
196
2
3806
6
81
9968
1
8
1
819
33
189
2311
38
2427
47
19
129
1
96
3
206
5321
224
52
583
23
1166
1
26
7
1
87
3
1
66
16
70
2830
6
1
10
1
892
2491
12
17
223
190
2044
1
46
3034
1
596
790
20
4
2119
66
1
13
834
57
461
595
119
14
341
123
2204
16
1
3
6692
2
73
62
25
3
3
7667
1
39
222
60
1
3
18
5
100
61
1561
6
4
712
32
2041
466
18
24
1387
6
22
91
535
251
2
446
1
2
19
126
6
430
3
608
5
1
17
3
1145
23
1317
4
15
7
1
6
54
542
23
1
3
4
1752
154
1995
1
115
26
1960
24
5
1
980
313
6
1794
1
3
265
4
661
3
178
15
169
369
1
6
76
2
1
94
7
1300
4
14
807
12
6627
11
3
38
225
1879
12
3909
38
161
305
1
289
1115
41
7
37
6
400
933
4
1
2
3
5
76
95
2
3
18
3768
19
22
4
3622
1
5675
1
818
9
37
761
12
140
10
9
1141
2800
224
14
99
6
243
2104
1
337
2034
377
564
912
367
8
4
28
10981
201
12
23
16
108
2670
4049
233
1
1444
3
146
55
822
326
178
129
1
7
14
501
18
28
1
64
1
361
28
2
49
9
2
854
29
1
23
435
352
4
1
3
2
240
2
518
1197
157
3122
2
401
33
64
8
1
1
385
9553
22
2746
12
27
1
767
1675
1108
1
4
1
2486
6
8
21
1
3
26
14
1
25
102
315
93
836
4
1555
148
12
72
70
97
893
615
1129
2935
5
1
1
751
58
245
59
6
1
2558
380
2
1
3
924
148
55
2830
87
5
2
288
85
3
1595
17
2
167
807
756
52
2956
2365
228
925
1
219
2
2322
1
1149
6
1
103
1
550
11
1
246
541
4
65
72
3542
6
33
2757
598
7
1
1176
2
4
9
5
103
5
2
8
17
63
41
5352
1
69
69
194
435
3043
3
1
1
82
4
3038
388
46
8
1
6
187
212
33
1
15
1
49
17
3
3
20
22
2597
38
4132
103
3746
41
40
67
2
3926
28
8
126
52
2
1
8
228
86
3385
224
11
112
1
3
3462
9
69
6
793
1148
2
1
7
894
344
5
3
3
1
175
56
1729
1
2222
3
519
8
12
177
147
116
44
4
177
305
3759
677
3
6
6
4788
1
178
24
32
172
7
2047
1
148
624
2270
145
142
3206
1
1
95
5
16
2
9916
5
2
123
1039
27
1
92
83
16
5
244
10
19
5
2
3197
221
114
415
70
1
111
12
677
425
10
87
170
33
525
3
679
72
1284
1
1
8
30
6
3
7
1
1
289
21
1769
6
11
4
33
2250
80
741
7
24
1484
1191
11
1
2134
43
102
129
735
111
464
390
386
8
3515
228
120
57
5
35
308
43
3
29
2
1
140
300
1046
361
8
1
2245
371
85
1
67
589
4
93
1
109
17
197
6
3
8
248
1
1
24
7
9
139
2
124
1
5
1
15
9
25
6320
9
50
7148
40
694
9248
1
14
4
23
60
3
3
19
1399
30
2017
46
26
519
1681
198
4
3
2
1782
803
1
2972
308
1
36
287
2
1298
2
1
5
14
1
21
22
1
2682
14
2
5
5
1
132
15
2
24
4
95
18
1
33
842
906
325
1
50
553
1
10
2
156
1
5
8745
9
5
258
7
76
2966
21
96
76
178
1347
6
1325
36
9
1884
135
16
4155
157
100
2
9
26
429
2623
3
2970
4534
3309
1
579
1368
16
3
1
203
28
1
6
888
2
28
10
2
1
48
2
14
92
227
3
45
4
1
1
1
2679
52
1
2217
1
299
33
127
2
30
378
27
437
430
33
429
2832
1998
9
156
2
2017
1003
3
1461
69
145
4
541
305
206
1584
20
1445
12
2
1653
576
2
518
96
2
6
23
1
32
1
31
3
93
1748
1
1431
675
42
371
4
999
24
123
2
548
1956
9
24
125
1
73
4
12
3
18
786
777
384
18
5
4
15
218
243
24
1
23
32
5
1
38
1
11
1769
111
40
2
10
5
25
78
7
433
27
893
27
62
1
7303
24
1
6
3259
15
4
33
857
245
2202
1
23
56
3
4693
9
1
25
2
602
52
9
15
29
2
5518
13
49
2288
1743
1844
1333
326
1
2241
217
5
26
13
29
78
42
2127
42
215
6258
3
98
355
129
522
5
2
251
14
1546
35
1
466
18
1
865
10
1548
5273
140
6
250
150
6
7
30
1356
36
366
26
148
48
105
31
26
1
5
1
18
1639
175
9
1
6346
433
37
28
94
1087
300
12
50
6
2
2
2
2897
1
2
2
186
10
3168
5
31
9
52
5
1
3
308
235
3129
2
1
753
145
12
35
3
10
15
87
8913
6
3
72
2
172
706
5
23
142
13
4
1
259
1760
6
4
7877
16
10
1
344
1
49
1215
25
10
7286
6595
39
33
372
996
7
1490
5
11
6
15
304
37
215
2426
1
93
104
9
262
661
2
5641
70
4
131
1804
38
27
9
701
10
1
5
14
19
5
333
641
16
710
1697
2
2
1
1
753
93
634
670
2464
888
123
2928
3548
261
5
1587
5
8
18
56
9
3
1182
27
1
4
2867
211
818
1
1350
2
1061
2
2399
4
2
1142
491
244
19
653
35
3
1365
102
53
92
149
10
4
457
117
79
2
1
212
134
1
2721
15
953
1629
84
827
3
1307
239
1275
17
941
1
1
5
300
9
273
8831
2
27
1
5228
740
1
5
7
29
2
18
114
66
97
1
240
50
4
4
6
313
1
1
2
24
3299
1542
1388
27
3
5925
45
2
457
101
608
28
137
4
2090
1
67
78
5
3402
20
5
1
1160
51
570
5
1207
1010
1
30
1627
1
2382
32
2353
5
13
3
5
8
2
22
402
995
5
5
2
1
493
1
665
260
9
2
691
2
1086
658
2246
63
825
149
2730
117
11
3
119
2733
9645
275
501
36
14
29
1
3
2
37
3641
366
5
1356
3
616
262
1718
1
134
785
67
1
4
813
2
753
2
3209
276
4
1
134
83
1126
992
609
107
53
24
2
34
629
66
1
5
4
9
9
2746
1084
20
2542
6
14
39
258
15
25
11
326
12
16
27
2
477
48
836
2176
1
113
1593
2557
7495
2
27
68
97
10
1365
7
551
11
296
1215
1
114
9
412
12
72
120
867
113
33
103
1
1
42
14
3208
52
161
812
2648
2
139
5563
1
109
1
850
1
41
501
764
9
622
237
4
7
10
5
11
7
815
1
480
39
11
228
120
5
43
39
1
21
17
47
2
2
10
1910
1518
1
1
5
1
11
1836
4207
1
4
1
436
103
6672
13
970
26
21
77
402
27
1
1127
2
45
5
654
1
5
1942
2
678
1225
1
26
390
16
12
2302
4
7
76
1
3
10212
3
8143
641
184
48
2095
2
250
1329
7
1862
506
1136
74
30
31
15
267
3
43
15
3
24
2
2
16
5
1
20
1173
61
1200
2248
3
207
3206
666
2
558
204
775
1
21
1
595
158
56
125
2
8469
50
5
31
1158
1
1
1220
4
28
168
2
313
1110
900
4240
14
16
37
59
835
18
747
4
30
1
1125
9
24
1
1083
12
141
57
48
433
58
222
7
1966
2
13
2
6
343
21
5649
1
7
5
6
273
3
156
883
2
1013
3
37
15
1
300
1
131
5
1
101
6
5
1
126
1
1
150
151
181
124
3354
1
9
307
5
127
57
26
2
64
10
6
1
2
2
35
2570
8
13
1
23
71
117
15
61
61
2
1
41
365
136
154
19
7
8
2
154
834
5
5
7
1567
15838
1100
15
1
2729
884
7
12
44
598
11
198
1
264
7
974
17
14
976
1
124
27
48
27
4668
22
11
3956
162
2
53
52
1627
1
6
1
15670
4
130
126
1
2
8
417
2
48
93
1
2
2
2
125
257
2
9
36
32
70
72
8
741
5
18
29
752
1
2597
2
248
20
3052
24
147
1
34
1
6
895
5
7
3996
23
6
29
1
776
8
3909
6
973
2
2
10
1
11
19
538
26
206
1
1624
19
1096
2
1
354
71
1
164
1
6
1403
2
471
2
22
83
39
7
75
731
2
1
4
3377
526
1
18
705
13
293
1
16
169
12
1262
248
14
2
2
944
4
2
133
79
1
1
373
17
13
765
2475
37
8
1
713
3
195
1
1381
9
1
4012
7905
237
86
3
2
182
13
4
1
1
10
17
1
2
1457
1272
3
77
290
586
878
2
4
38
228
489
7
3
2397
762
230
2
2
467
1826
29
7
5
80
142
1
522
3
212
24
15
220
1863
1667
1
2
31
570
3037
5
9
50
24
71
39
4
175
2
1
1585
21
4
4229
13
16
894
1816
125
4
104
1075
512
1
606
8
893
2
325
23
543
1
3193
1
45
228
596
133
271
68
1325
7
128
2
15
17
28
1479
3
2
1
11
73
597
33
14
98
21
2
32
2698
55
4576
3798
37
5935
957
34
42
1
11
1
493
150
10
18
2033
56
524
1828
389
472
7
28
635
4
10
74
2086
1116
3
3596
1380
930
544
116
144
31
669
158
439
3938
1
11
10
1
1018
5
2
1092
1
1082
79
17
8
2
6
1
8
1
6994
1
1
5
2
1
2152
1041
336
50
3
1460
862
5
5
32
2253
1926
1719
1
1073
201
9559
565
839
9
3
10
51
6
39
75
2
48
60
295
732
1
16
792
146
32
11
3737
1785
1
85
3
2099
953
62
1
670
101
2
248
81
2459
9
13
143
23
2
1568
2
560
138
12
1
880
1
2
232
15
1
3061
190
638
1
25
413
1
2
83
3
4
1
2069
14
8
1553
1
1009
2
36
1
102
2
2055
69
15
415
36
18
1
505
655
910
2
1
649
109
4
2
2
2
2754
11
473
34
680
58
17
450
1723
645
118
116
2367
11241
2
1
1
272
235
96
1724
154
1
1
44
3
22
69
26
10
186
8
1
1
42
10186
19
1
1
160
97
212
3280
146
424
2122
1986
1
12
65
7
1160
9
4
35
15986
33
821
1
1797
69
17
108
16
70
28
38
160
62
1185
48
3
50
146
12
986
8
19
30
691
109
345
46
558
5
1
1
83
6
94
1
172
9
538
5
8
669
733
1057
745
9
688
68
14
99
507
1093
2328
1
175
2156
272
1
4641
74
8
10
1
2
145
2
336
35
8
135
5
34
4
28
4425
2
13383
1
290
2297
1
30
242
2362
42
1988
630
4
1
167
2
254
77
47
2612
5
1
1
252
8118
4
2010
2
2
96
7
49
57
354
3
50
15
26
4
3
35
1
40
14
1676
9
1153
1
210
1
94
2542
149
2
561
6
1950
581
2
43
445
43
1
9
1
2
2
2789
2780
13
328
853
100
307
536
224
1
366
19
2
2
1
3
87
1
5
126
6
1
70
1
4
52
924
828
2228
1230
14
2
2060
4668
2
21
59
214
276
15
4
119
138
3
2
54
1189
1
1352
4
587
12
165
3
42
2355
1
28
22
44
55
1
4
29
3
1513
1
4304
33
596
8
42
12
82
4343
139
1
138
53
6
41
1
78
71
1
666
26
1
2
658
2914
1
4
6
347
4
1188
1845
20
267
4
224
5503
7854
1
1594
1
30
38
6
2654
77
1557
15
195
2
10
29
417
831
2
2
2
1
1
1
9249
2
13
2
2588
109
1
105
277
2
79
1
16
1230
420
234
3
64
1
2
7
2329
30
1108
33
1652
416
394
2
270
7
4
5
1
1
2
1
17
1
167
1
7494
892
18
1
17
21
1
8
54
321
1
17
65
36
311
1
2
725
19
1
3
1
521
363
5
1
1
43
2909
2399
6
35
27
343
612
137
2
3
1
517
174
74
8773
1
33
1
3099
6
2
1
1976
1
124
2104
11
31
21
46
397
43
6
932
958
3592
1
594
2681
97
151
444
244
101
2
1201
7
1367
22
7
186
92
4
2
441
1
1
26
40
1307
279
45
301
36
2
5
9
426
7
197
5
56
15
758
206
1
17
1242
91
4
1
10
99
11
1
16
360
21
5
31
1233
196
160
11
13
2
1
19
431
4348
342
5160
426
1
120
6
22
1
9
1
52
1990
378
1
190
1
1024
54
530
8
250
786
2
994
549
21
85
5
59
1
5
1938
25
967
100
83
88
1458
11
3177
443
4
3106
38
128
2
374
1
1
174
1
2273
31
51
9
2
10
96
291
429
20
4
45
608
1128
1
2
4
30
81
3
69
4
216
2335
4
17
2
298
28
35
1
25
4
2253
449
31
12
14
646
177
2
25
1
4
2260
6
503
59
32
1
783
229
5
7425
2
7
376
8846
203
3
1
1
50
1
15
3
7
20
11
45
37
1
4012
2
24
1075
109
2142
172
79
136
151
459
360
7186
21
3393
2
10
33
402
86
2
1
90
1186
452
2
268
2
2
2
2
22
736
176
55
25
1899
1701
1
84
3
55
21
234
2007
1
1
6
8
1
33
2292
114
10
681
7
2427
1
2663
797
457
6613
38
11
8
102
2034
24
13
11
6
78
14
146
7
48
2
117
193
44
12
19
2
3555
2
873
24
7
1
1
1
1138
46
110
49
184
25
2087
142
126
1326
294
3
12
118
19
78
2
24
12
20
44
775
3
103
3
3
1534
1
2616
903
1334
1
73
2
3906
21
3
31
33
2
17
8
22
1
53
38
721
14
1914
4891
77
1
14945
2810
2215
79
16
1409
12
2
20
1479
4
201
1447
75
2317
1047
13
15
1
209
4
1541
6
77
415
10
2260
2771
73
6
9
4
12
3049
3
20
3619
8
98
12
42
4
2
1
1
202
2048
388
430
1316
15
12
205
3
7
1
321
7
21
5381
5458
3
2
361
3
90
1703
6
507
347
2
1
25
4
212
2
10
1
23
29
1
1
1
1
2688
56
1
4
221
24
5
15
3
75
80
138
1
76
42
480
1
6
52
460
1917
1226
208
233
1157
361
38
17
140
64
783
5
70
35
29
1
9
4815
4
71
8
3745
1251
44
1
115
2
14
9
1
1
1
37
3
20
59
5
28
188
5
722
278
62
551
1
32
2
15
48
142
706
5
30
20
2
1
180
1
1
1
29
141
263
1758
649
3545
1
877
2
30
267
16
1
903
7
5
6
1
99
184
2
307
857
22
2
1419
2
349
216
4715
3
1279
81
1169
6
8
39
8
21
166
1379
34
20
470
54
11
966
16
1
7
1
17
299
1711
19
26
33
216
277
148
9
184
6177
404
1
2
5
65
8
9
112
16
3558
15
191
946
60
15
1232
1687
433
60
883
3648
1013
347
1
34
579
23
8
2
29
1200
19
4
3
4
103
57
24
3
9
951
1
1
5822
2566
19
1014
1
331
10
75
1
104
5
2018
606
6
234
176
1
510
813
545
2
4261
1
543
1021
200
300
5
65
10
13
7
1
14
3
30
6
1
3991
13
431
4244
306
39
247
1
51
1
216
7
8005
4
1
1
15
2147
1203
20
1
2
340
1
168
79
3
6
11
1
1140
2545
1
38
138
49
118
15
48
12
76
56
3
271
140
2
65
1
66
1
27
337
132
120
2
1783
2489
2
35
1
2470
2
3945
302
3
12113
2
125
241
1391
8309
1106
2
1218
4
1
2
220
80
53
16
1658
11
2
1
1
5
1
633
32
13
22
642
1884
15
475
535
15
5
1355
356
4
186
62
44
17
2599
89
76
2
4
119
34
62
4
228
57
1
13
1724
1776
56
8
632
540
11
269
3
1
10
120
2
6
10
3521
1
13
51
22
3
2
458
2
20
2
1202
41
69
2
3
8
1179
10
3901
52
64
109
6
127
88
1
5
3
17
4
1223
513
2
17
5459
9460
1204
1
22
139
124
4
1
362
2
70
1
102
73
278
37
90
38
40
9
19
49
156
1
28
1
270
13
38
17
564
6
1147
4
55
2
2
592
337
2418
150
3
10
2565
1659
6
1915
1888
880
1
922
37
49
55
147
2653
2
1
3
1623
6
1
1
469
4
687
1003
253
441
8
33
3565
611
41
1
7
2
3
4074
16
121
19
2
5
80
1964
66
1689
1
24
54
130
869
3
7
505
2496
103
708
1274
3991
133
93
66
326
25
32
128
402
336
400
2989
13
214
20
126
4
6
2
7250
339
6
5
37
6
1
1482
124
177
270
6
16
5862
1
7
63
2
216
865
1480
1
122
1832
2
9
218
203
49
99
2
188
1
340
49
55
8
4
147
43
194
3690
670
6
1
134
2
2
1557
68
4
1
46
211
159
1017
60
2360
18
3024
41
572
70
232
326
6788
407
13
84
1
3
1
1
1
33
26
2295
210
111
15
5
73
6
2674
23360
250
1036
9
1
1
1
5
105
5
1
2767
1
1
266
36
1
6
898
1358
160
13
60
32
1
63
30
53
4
49
27
88
2
145
32
4526
1814
1
3336
60
597
3
1
2
19
2
5341
11
54
1726
1461
56
126
12
167
5
5
1025
237
91
75
1
1
3276
6
1182
1268
153
7
2
424
69
19
24
6
5701
531
4
58
10
655
136
317
150
147
8
14
50
7
5
69
3
9
24
1
63
355
67
167
13
23
3
20
44
2
12
13
23
1598
28
9
3
22
2273
3
2
41
212
1
6
9
265
160
8
547
6
6
2
844
385
249
3
223
1059
47
53
5522
138
4203
43
13
2
6
7
2
15
5
308
99
8
3
4
44
34
1
777
857
203
1
1
2456
6332
29
2
1
207
97
11
122
22
570
756
927
11
289
19
1701
15
5
885
31
3
2
90
502
7
139
72
471
3
4
1
53
3
30
97
16
6478
5491
18
5708
799
7522
1
272
1
465
1
323
197
16
142
4
23
922
205
1323
2162
77
1276
1895
101
19
2
26
1
9
35
596
7
5
314
7
12
8
83
25
1
24
3
336
4
182
1
14
1324
123
2
352
15
32
1119
764
12
209
535
67
7
30
20
2
5
21
10930
615
1
1574
1
11
2
706
19
1
3
324
4100
251
44
170
94
2
26
3953
1
1
2
1115
2
556
104
20
65
3388
233
6
2
9832
5071
34
408
5
71
3
8
109
10
1
2
1
2
1
1
93
1006
432
784
79
340
1327
41
1752
1
1092
53
1
11
542
1
1
26
238
12
85
2111
1518
4
559
1
16
8
17
63
319
8
1603
1
7
174
427
18
2903
524
27
1
2
300
19
2073
3
700
71
1227
23
859
13
2129
276
3
13
1
397
83
41
996
163
51
177
1
362
24
1
329
1940
15
4
6
60
38
2
3
5
86
2
38
1
3
16
543
44
964
37
2585
36
26
36
19
21434
1
815
9
395
198
1206
46
13
24
3208
7
338
1
17
2
2904
2645
745
37
76
2
165
207
21
2
1
1
1003
307
24
12
6921
1
43
5
752
9
223
11
31
2515
1
32
35
39
2244
50
1
12
4
3750
45
507
2
1
1
29
202
221
1
1247
2
20
4
339
977
34
3
408
807
1134
2
2856
9
73
65
7
1
223
14
22
98
1795
1
1
656
101
285
5
671
1
6775
112
2310
4
28
64
97
716
1044
27
8
9
2
12
42
6
1
2
21
1420
969
3
1
25
117
1
586
1
64
21
313
1
3
11
3
98
3
15
355
1
2
2976
643
3
1043
559
92
9
78
5
4830
4
2324
295
1
2
157
2986
1
195
6
2
3359
46
79
12
387
1185
1
91
4
8
1
12
216
134
3409
32
9
25
1
57
3
6
10
434
1
329
2
12
2
1
17
2
12
3
59
1
676
7
1
1580
246
2
330
1
5
1867
4
5
731
80
32
4
2
130
109
245
1
2
354
34
12109
5994
4
882
25
96
10
2
4
14
3
427
19
1
4
59
741
1151
2347
93
4
7
4
46
1895
1
2613
35
62
1
2
2
5998
4
10530
43
18
16
358
2
17
4699
147
174
251
804
77
3
530
75
16
4
65
133
1003
292
1013
532
5
260
231
21
94
6
2
1485
131
21
1
1
42
2
91
2
1
677
113
1
3460
56
154
2
2
1
512
1956
1
758
41
43
1
238
217
256
1
17
4205
496
8
150
3
3
4
2
114
12
12
4
31
257
270
102
6
5047
1
1
124
26
1
2
48
13
4
1
1688
537
2438
17
3
777
201
2
41
8
3
22
606
15
2
4472
596
3
1
1
1
8676
172
29
4
1
2
18
4
5
3
224
492
12
4
4
634
12
96
167
21
16
50
114
8615
184
1
269
1
3
15
22
1735
4
1
342
32
2
10
16042
2
115
2
6
196
125
6
151
5
35
316
16
179
304
6
74
1708
1
1375
826
2
145
10
39
1
195
17
81
3
12
10
2
16
2
97
2
1905
552
27
108
4
1
1
1
6
4411
3
1566
39
74
102
12
145
108
7
4
121
4
41
31
2854
8
18
10
42
1
41
145
646
10791
140
42
2
1
149
9
34
3006
658
18
5
215
1
469
1566
69
193
8
337
2
16
2
2057
2451
3
52
47
355
112
7313
26
12
299
104
2963
3
260
1
26
2172
1776
1
11
747
7
11
1161
1
304
52
32
338
32
294
1501
5
259
17
1
66
38
2609
29
1927
13
6
1
3
426
74
2
1057
844
3
98
4
80
2772
1
39
1985
9
31
21
9
273
3107
4
108
1
322
199
227
21
47
7
1114
1
169
4673
69
94
352
3
1
1
20
2
4
14
2136
99
1
10
659
76
18
9
1
232
90
3
1436
1
29
2
1
222
145
9
9342
1025
3
1560
1
18
115
2
642
774
639
80
1
1
9
5
6
65
172
7
30
661
164
1
1
6
1
507
12
4162
4
1
518
92
1
40
2
1029
932
12
1
6
1
10
627
74
3113
658
182
255
6
1
521
9
91
3
9175
4
4
294
52
7
1
1
290
403
3036
11
1
180
1
711
120
6
14
19
1
35
476
779
3
2
1
1
9
756
10
774
11
335
15
10
2296
11
19
30
549
283
4
37
1522
2251
35
5825
2
495
5
1
7
2
3
2
2271
1822
1
5
556
1559
4
4
18
1
371
318
18
7
172
1
2
8
2282
33
2
9
3610
4126
124
301
3
376
245
193
64
35
18
4810
1
1530
1054
8
6
1
3
740
143
18
1
1
9
2
271
2194
234
2
2860
272
14
130
2
70
336
8
4229
599
6689
325
210
39
14713
6
20
67
480
10
78
1
6100
365
40
12
2
7
1
71
27
1062
1510
59
301
10
2
5
4346
5
413
11
14
61
33
27
352
157
9
17
8
1
944
457
2
2
41
2
21
2187
2
1396
32
16
963
1
5
6
32
30
1
50
19
12
75
88
3
3366
5
2014
1
26
22
143
39
34
1
2
3
2
497
1
3
86
821
629
521
1
1
102
2
26
2421
2
324
1051
2873
49
1
167
5238
12
2
92
918
2
277
203
7364
7
2
1
65
1533
295
1
104
31
233
5
1004
1
26
8
974
1
1
2
916
327
5
2
10
5
517
17
1
1891
119
5
17
21
2
5
9
2297
82
14
90
12
2
47
1833
1
74
1
8
1
12
1
36
4645
2
45
1
108
3856
43
6
216
1
1
3
119
14
137
22
144
1973
5650
68
52
23
170
519
5
1
29
7
49
715
139
1833
5
25
8
19
2
23
4
1
7
4
58
5
5
69
5
1
1
2252
574
172
5
14
974
8
53
6760
165
157
90
23
25
2
423
1
5
37
11
1
1
3479
15
1
8315
4
133
548
11
3393
78
1
238
118
968
660
721
3
3
929
216
5
5
1
8088
5786
1
3869
5
1
3
6
36
642
2
260
178
29
34
3335
19
1299
16
717
3
45
12
1
11
88
2
7314
1041
445
52
769
7845
90
1
3
4
16
209
822
1
1
3
11
27
180
1
1285
15
181
31
4
933
2
4446
1404
230
1
2
208
12
7
1193
95
1477
2
1654
3787
99
1705
96
852
8
19
55
4
12
3
76
1
778
198
394
3
249
24
2
39
1
307
202
162
886
99
75
2
113
3
396
18
1340
3
7
13
4
10
4
1802
11
100
94
258
254
1
1
3957
16
153
6
79
27
4
19
5779
27
1
2
21
193
1
46
223
56
1
793
1596
3360
296
1
35
72
7
1323
1403
76
1545
3238
1073
1
12
12
2601
309
4413
68
2
1
250
12
618
7
28
1068
269
154
342
83
22
2
4
20
484
4150
81
436
1
2027
396
96
2
692
700
1
1
28
32
735
238
462
1
37
4
1268
5934
401
4
24
320
2
2
19
9
3508
549
58
243
452
223
932
3
93
13
6
5
6
900
1207
17
18
107
2
2598
968
5
653
6
5
101
4003
24
45
127
1
4
1
2
1
749
1
166
10
21
24
1
4787
7
5027
49
1
16
414
2
25
7
211
17
5
1200
3952
632
2
1
864
36
136
2172
103
4
1
6
403
10
1
1
23
391
1
3
62
4
33
2
6
446
155
7
20
349
2623
22
56
58
52
869
8
170
2
1
3459
4
49
2
2
30
16
6
1568
1
2
3
1837
5
1
272
11
6725
82
3
5
43
1
4
6294
290
53
6
1
19
32
77
333
3104
13
48
22
5
293
1
554
232
3
157
751
19
19
36
2
1
23
6
286
10
2759
32
69
722
11515
154
281
7
15
156
663
675
2
7
18
6
1
46
1
5
27
3793
8
167
39
50
6790
57
16
1463
4
1
74
13
660
142
16
337
6
6
1
18
2
6
52
5171
4022
1
1
2268
2
2
5
13
9
526
43
125
155
1
344
3
1
51
4
3
23
100
15
1
914
3
403
2506
2007
190
12
12
32
34
2066
146
1452
1862
1
72
32
1
3
1027
1
64
1
50
313
936
3561
135
12
1871
12
1
3
1
29
165
175
4
96
175
2042
8
15
6
43
44
3
1
11
4017
5
3732
10903
86
2
144
401
693
101
3
521
1
131
3218
11
350
383
1
182
1376
5
298
2
4
847
519
2771
2
659
49
136
2
1
73
2
373
51
1036
1
92
3
8
1
1
1
3575
1017
5
136
1
40
36
189
1
4
354
5
2323
1
69
5738
8
694
4537
54
561
10
6
6
1306
2
655
36
174
8
408
3
27
4
15
68
12
49
4
99
100
16
36
914
1155
168
100
2767
29
1
1
1
174
536
6184
5
2282
208
1918
1
1
1
103
1
10
167
145
68
1
48
16
22
12
6
29
77
1566
47
5005
119
7
5032
10
56
2
1
4
3
3
41
269
1692
3
387
47
2
104
2
1
4
2
720
2450
15
10
831
9
11
1
12
1
2772
1
1177
570
551
2
1225
4480
6
955
1
5
3
517
22
127
55
226
7
5
291
4579
2830
1
2718
2717
191
1
343
22
332
2
1
2018
4
9
3031
19
7
117
14
883
4
1
40
71
3
4690
12
1
382
13
20
12410
3817
32
1036
4
6
10
142
7
2
11
5
15
3620
9
630
127
255
293
1
1
2237
1
8341
84
2
35
415
2682
363
94
1
210
2697
185
2
1
209
1023
1830
5
242
2
2
1180
1
1
1
1275
600
643
34
65
1
1
420
18
38
28
918
5
2
8
450
104
339
9
1
2
8
367
1
14
1
23
2
63
367
22
11
18
69
115
8
104
179
27
849
230
581
8
11
29
23
177
2318
2
2
1
1574
2
1
2456
13
1169
22
51
27
547
168
1
652
677
820
2
284
1
344
2
8
19
167
2056
3
3
3968
1671
2
31
1230
1
2
4659
4
2103
4
131
1
139
6
2308
1
26
17
10
23
386
23
916
1094
27
9
43
193
16
7
580
1
6
2129
2
4868
1
4
47
2116
1
4222
1
130
4
12
5
2043
4
7
108
4888
13
4
6549
2
10
81
17
1
5889
32
1
409
81
19
1
2
606
2
3813
11
1
1
192
100
18
2
30
484
5
271
2
1935
1
47
148
971
1
1
602
46
7
15
371
6756
418
1
570
1
266
20
13
24
420
24
1
22
1
592
126
4525
13
33
20
1
1
5
765
22
8
9
567
208
1
1
501
6
115
3202
211
3
1219
7
4
6
7
5318
447
1
28
19
7
700
4019
722
305
75
1
586
1
5
22
16
127
1
787
1190
9
41
1
4193
156
2
259
9
1
1
42
7
7
307
3629
2176
12
3
7
16
2147
24
445
18
13
1
1850
1121
1416
3906
72
253
121
20
5
1
256
76
8
3
8132
1
730
1
10
48
4220
59
1
206
161
192
7
20
50
1
344
1
1
746
6
313
227
2586
292
3
13
6
1
42
30
1
4
1
2376
9
234
2305
7
41
541
47
8
869
1
2
8
820
45
883
1
1464
430
1
888
2
38
184
480
1099
42
1416
1719
2
38
1
503
1
10
2
349
476
1
10
2
230
2793
728
410
97
1579
1
33
3
542
2772
211
366
2
990
206
766
47
2
485
4
1
25
9231
1435
983
20
3471
50
9591
629
3133
1
9
2120
2
3
1
25
31
14
4
5
9
285
43
3
2
185
1
165
1
1
3
488
443
610
23
11
1886
128
7
121
27
6
1924
433
10
2701
138
652
3
1
3
1
12
5
1339
7
8
2837
1544
517
12
1
3
141
27
204
124
21
2
1
77
13
2
342
2035
2082
5
125
4
1632
7
2
196
612
7
1011
91
9
24
1
911
765
218
56
24
76
1
171
46
1046
937
436
29
191
625
1886
1
1
98
969
4
331
2
1013
4
1
15
126
1644
2774
568
82
19
6
130
367
1352
1668
3
30
16
538
661
5
184
7
39
2999
62
789
16
2212
277
22
6710
878
5
10
864
1
5
170
1092
782
93
2513
2
284
5
167
2
12
4
1
1785
274
328
6579
11
1
42
1
8
952
1379
973
1400
956
1
1583
2
2
4
1725
1
22
18
6627
112
4
24
1094
159
4
41
7
16
14
376
213
3
3
2757
12
68
5
333
56
62
4391
1
99
686
19
1
88
35
128
1771
20
2
9
271
3
692
784
84
1
68
8
1
15
10
790
1
2
1
304
5462
1193
1
3
690
27
3
5
209
141
1303
221
87
51
53
955
2
17
609
1
1
1055
3
3
1
21
2
2
5
1
2
1
19
279
1578
19
1
31
19
21
9
966
1
1507
592
2
5974
40
3029
4
33
6
93
34
1
358
1071
7
48
1
343
379
425
1
180
102
456
117
112
28
9
57
80
1
6
1734
2
2068
1475
24
6776
1
62
14
10
7
3
31
259
2
70
9
2
4
1842
1
5164
357
16
2
2
11
11
13
2253
42
8
1
2
56
1
8
2
129
24
326
222
4381
1
8
1
122
265
747
224
1768
3
1120
6
939
4
848
1
42
2
1
6195
337
1
2
4
89
2
97
1799
16
1
43
7
38
1
11
37
17
59
9
2
204
1004
331
1
8
2025
10457
305
2
125
930
60
2
630
1
24
112
3
167
66
1
5600
8
7
1148
10
1728
4
6
827
919
1
10
1131
2
1420
1
9
123
1957
463
318
7
145
375
1
568
2402
7
6
2
226
1385
46
2027
813
138
17
4
1561
100
848
7
116
7
1942
26
1955
15
19
1156
1
1
15
2122
122
30
1
219
2
2
436
369
126
1513
26
2285
8
150
164
937
10
589
1411
27
1032
1
154
2068
25
2786
454
10
123
3
1
524
2
23
114
1902
2982
25
2
110
149
267
628
20
2
134
4
11
3
14767
1
7840
6
19
1
184
656
2448
2
1
1
18
17
17
9
37
838
385
7
1017
39
1
1
11
16
2
2544
1
231
56
558
49
20
158
47
257
10
2391
667
6
19
3
77
549
491
170
82
1707
20
35
1
1189
45
181
7
152
1
170
12
1
285
32
76
325
2
399
17
2
2
12
156
864
402
1023
522
3446
3
4
12
19
35
647
8138
16
358
903
17
70
6
3789
4044
135
1654
13
1111
3
457
162
27
3
2
22
346
747
246
1
393
1096
52
2090
90
6
15
2
21
4358
126
4
17
54
2
10
31
3
46
3164
34
30
128
1
279
7
4
743
45
2
172
56
2138
3411
7
1220
159
2953
4
309
1
3
15
2
279
666
271
2
1392
37
132
2
3
2
6
29
9
10488
68
3409
8369
562
817
103
128
10
702
3
46
62
3
2
389
98
15
464
578
3923
33
111
5
4
103
80
3
2
46
2
2
23
1524
853
2
2148
244
10
2
9
518
2282
56
136
4
96
71
130
395
267
6
108
1950
66
1256
12
19
12
172
509
588
13
12
984
31
4
255
8
130
146
22
2
123
9
1
284
37
26
8
41
1
1
1401
1
153
621
7
15
17
4
547
486
827
14
74
30
26
45
138
16
2
19
8
255
3119
34
8
1
201
1
2
865
2
52
1
310
1
118
13
64
343
14107
85
13
3
5
4
9
12
6894
3534
7
2582
2
2
2
22
11
16
106
12529
3
270
26
283
209
21
2427
313
2
24
1
36
740
255
5
1516
364
4719
11
1
19
118
1
2
420
6
3
1
28
87
5
1
2295
80
1
174
203
33
3797
37
2
197
102
57
18
5
10
1
1
3665
2503
32
48
80
102
1
3
4
3
4
2047
1477
62
42
1680
18
1
243
135
12
193
8
1
1
2
8
48
6
133
591
70
16
138
48
2
569
111
9
32
14
1297
2
4
6
18
1
472
83
119
1712
1
17
337
2
8
38
88
9
971
2
6
3
857
6
1316
170
74
52
1915
257
1
84
176
112
425
2468
8
515
66
7
18
19
3043
1147
5
9
2
8989
5
337
363
5
207
1658
7
12
1
2
11
11
175
185
108
912
1
418
1429
157
919
6
3
12347
3
12
120
3
974
18
764
4295
284
2
118
18
2
14
876
1794
7
4258
6
595
3
17
30
1
4
117
1
1
147
23
21
38
12
15
2
12
2826
1149
4
426
7
5173
347
1
149
1
4
39
1
9782
47
1
31
5
7656
58
6
9
124
1
77
4459
104
71
13
23
6
1
3
1243
1
305
2
8
2
373
154
98
5
84
12
4
59
551
2
1
5
3
7
1156
3442
4
890
111
514
1
26
1
12
3239
340
1097
2667
693
5
2
1
7
14
8
42
1
103
120
101
109
3
302
43
1
76
122
519
49
2
4
209
222
1
298
390
23718
46
36
582
16
1
24
117
12
95
1
629
921
2
25
111
51
8
30
1004
1
4
3
3
1
1847
150
1
54
1
2540
3763
14
3
6
210
6
31
4528
77
360
9
286
1232
231
2
13415
2915
60
31
26
1
4
34
1
202
142
1
39
15
10
152
2
1444
3
46
15
3
1
212
1326
20
34
3
254
5
190
2
22
199
2904
22
3893
280
1
3
34
4
12
505
5
1905
3184
13
71
3
232
88
32
151
5088
28
19
1822
34
564
1
20
2
657
1193
12
21
2
43
945
24
2
772
65
20
1
1153
3
6
2
34
1
3
12
16
1081
64
2173
20
1793
64
17
4
3
15
8
345
46
1673
2
3
1
698
34
411
3
2409
1
1287
7
40
1
8
142
114
96
4
461
1
1
144
2
2
1
1
1
10
211
2240
4220
632
68
2
2
5
323
172
413
20
208
221
1
7
9
133
2395
3
122
3813
72
23
173
90
1
1
254
132
998
7661
8
55
34
678
14
1566
865
1
3970
17
9
565
3287
3
1
1
1057
670
544
4
5
5
12
107
8
7023
20
163
1
1
124
2
309
34
62
311
543
38
1
87
284
3
42
119
7
40
116
4528
2226
211
33
202
882
107
7
4
1
10
2
1
885
1
1
24
5605
445
1
215
4
379
1
3
15
4
1825
8
13
4
44
1
5
41
350
410
137
1
3911
1659
45
9
1417
1
6
19
216
126
288
1
26
1436
1601
2
281
3
1
5
998
10
633
5
4
1
127
2
18
476
215
1796
309
397
2
2110
197
327
9068
33
2
15
26
29
477
190
1
3517
1
3634
306
132
187
1
1
46
58
2
15
1
13463
28
1
5
1
89
228
218
6
484
25
70
78
1
708
129
34
2294
1
3
6
24
831
5
12
326
1
1213
1
10
827
20
8
218
671
750
613
385
122
1
109
8
49
3608
810
3
1619
3
5
38
4
2012
1
232
25
57
170
1
46
51
6
1
29
23
116
4
175
281
25
56
1
2712
810
4
50
1
34
169
12
1
12
178
4
67
1296
719
127
12
197
141
3
695
5
2633
18
1
557
47
1
1
104
1
1976
100
3
877
4
244
36
1458
6
7
125
71
182
7938
9
192
1
2
219
5
10281
13
13
2
3
3
81
120
1
1556
232
5
3
21
2
38
8
2
15
504
86
1363
30
4
1010
12
2
1
17
1743
19
135
1
1
2
49
109
3
1
1
82
1
1
3
368
24
44
327
4
30
662
168
2
551
1166
173
5
22
32
2
18
2
48
1974
1597
160
2064
89
5
70
763
3
24
4
237
6
1
1386
1
1
4
13
3028
2
1
8
4765
10
1
2
14
28
3
1511
6
5
14
16
292
44
5
299
5
143
33
2
128
2
1509
29
7
3
10
1
8
3
1
6966
82
6006
34
160
2043
1
53
2
344
1
243
57
3
5
5602
3304
26
204
19
3
28
42
58
40
33
17
1
158
18
52
15
5
11190
6
2
9
1
1031
1
345
37
33
1
3
47
52
14
4
108
74
3
14
1
1128
70
2
294
9
41
1
11254
10
272
2
253
1
5
1
19
1
283
318
978
48
1
5
21
176
5
2399
4
1
1
34
9958
12
9
1286
1220
2
3
12
70
9
3316
66
1
60
4282
5
23
37
100
17
6
143
3823
68
1
1000
51
1
306
100
2
1791
992
3
1
37
3
1084
1249
177
91
106
1
8
256
1
1224
4568
8
25
112
159
9653
11
4
158
126
66
893
357
2
7
3
822
45
44
657
4
159
23
2
2
371
520
729
1
33
4
1
3
10
112
1
2
14
2
2
585
4
2077
3
19
102
8
4
23
59
1
198
391
337
1424
363
1970
53
10
14
1313
4
3104
1
35
155
1529
2161
8
1
55
1
1
489
277
71
105
1051
3
22
27
260
33
1
134
430
1
5
3084
1
50
361
1142
16
19
1
1
1
843
4
230
22
4
3
297
20
89
1
8
5459
3251
6
15
2
2
503
25
56
6
11
2
1
5
1609
409
4196
44
4282
193
203
2
178
6131
5
1
4
2
4340
18
1
3120
1223
1
1579
4
10
44
60
1276
56
3657
7
2
9
59
64
3298
44
260
16
1840
6
1
4832
977
12
142
108
830
214
73
1
6
3
22
10
1
2
83
2
1571
1
136
1710
2
206
3
1
3
2
202
246
4
134
40
3
1
2
4
292
224
40
106
1905
315
1
32
117
31
15
5
118
2
1
4458
14
1203
6
1783
72
69
6348
9
815
1336
8
1
19
206
1
98
6022
8074
249
336
67
1256
6
92
645
193
886
42
29
29
22
250
2000
2
5
5
1
1205
4
1
2
1189
1
295
1
1
469
1290
5207
2
11
2504
1
16
52
49
323
2
2
12
171
540
29
64
2557
264
988
789
2
678
2
243
1
17
486
19
48
2
9
649
24
28
4
1
1
26
1667
1471
3
277
5
192
240
177
125
2070
3
390
1269
2289
2094
5
1
7
10
13
1
1
703
5
73
942
5
137
3
7
45
240
58
151
1
53
1957
37
12
10
14
11
1768
2
537
104
12
184
21
65
2804
812
21
7
2
595
51
74
3013
246
1249
64
192
100
3
571
19
6
1
4
373
13
25
12258
10
1
65
7
2
2059
399
268
1859
1
13
42
3871
53
1
389
4
780
151
551
124
23
3068
54
168
93
20
1
59
5
2741
101
1
210
12
20
27
2
388
5
9
1
1985
1
580
1
917
1
1
1
394
90
57
185
22
4
2191
4423
14
114
1123
3
4420
17
4
1
149
360
1142
1
114
248
782
96
6
2
2
23
72
126
1
25
89
4
1
28
172
7
2158
1695
5200
1
135
135
4577
133
1
2813
709
10
336
140
409
129
15
8
55
1
139
5
4
23
26
254
4446
153
150
72
5190
14
1900
1
1589
551
264
1
30
851
2
754
21
1
4777
19
25
1
1
63
1914
7
7
6
51
13
7
1310
1
714
9
268
538
4
2723
4
1
106
3
133
2
3
4
61
1
1
6
1
1
14
1399
332
42
325
459
271
14
12
18
9
86
1529
7
15
1
6
929
66
888
9
248
191
1
850
14
34
18
875
69
1
3642
911
24
3459
213
146
2656
264
3
1
9693
49
2707
4257
46
10
46
2
197
1
500
12
7
1
11
1
13
42
13
1
196
517
287
2632
10
1114
9
2867
2282
1132
2
10
3
5
1
161
22
9
129
5
13
5
3
169
2
53
1
1
1
2
163
128
830
13
1
129
1
1326
20
17
2
11428
136
118
2680
106
348
954
11
1078
6
51
353
1
7
724
187
160
11417
19
6597
2
1
3