83417998
10
345
6
60
2856
693
43
8811
9
1234
79
2
237
171
4062
1451
2
27
6960
4
60
3
26
183439
9693
30953
3
1092
21
19
10353
6
1
4
5
1
43
4662
937
46
1
1
3749
3
443
365
11
11
27357
330
21
1
54
10
1259
2
4485
2
39
142
10535
8
17
30
7
77
7
7
6
1
66
4
1649
6005
325
10
1530
2
1
157
5
5
12
1
1478
121823
87291
5237
423
3
86
6575
2323
27488
365
1366
2
1
25
3
34
704
20893
969
197
36
4386
6
208
105
40
1715
119
844
4
1
5
7204
206
1484
1
3
5
14
12
7
8
1511
58
26
224
58628
133
6
20419
628
161
43
1
12
7
3
321
126
2
195
45
16871
554
3650
10
65
1
5
83
130
30
30
13
2
2
11
17
53777
3917
1
2842
17868
1
69
2024
116
11193
5
1719
3585
331
15
1
21
1
1
938
32
887
437
762
10100
3915
24
68
1
168
200
4836
36
2824
39
8
1
7
21
193202
30442
392
9
255
1
1
9
129
1
2
497
8974
32802
16978
32376
45
17
39769
102
4632
1925
862
358
1229
18
439
53
7
1068
5737
4
1
11
12912
229
2
1
2
4
70
83
335
6
7
1
40297
2229
8577
96
1857
60295
22
189
3
6
34
2
2
289
320
6056
3906
27878
10
41874
3
1
11
16
461
27665
2104
11144
3
1
1
3043
4174
7
30
10
11111
2
8
190
299
6
101
10426
158
904
56
211
2829
2
6
83
17983
10066
54
411
43
153
12
18
9
1303
203
4
1499
3404
4505
3
15192
79
21
1375
4156
251
93
20
305
177
11
1920
7
115
5
66
1
18
6
1
16
1294
37
2
5
2789
155
1737
1
33
135
282
1
186
15
9
16
4
218
46
2
1
55
52
24159
31191
3
101876
190
24383
26
7485
5
5
75978
5
105
1736
38
21
27
17431
80
98
293
1
42
646
94420
10
81
4080
366
171
50
524
16
121
9
527
96
89
36
273
337
1113
6437
4
1
9
639
6
374
1
10648
1
2
32
1
635
672
2
82
89
1
3996
75
75
181
74
3957
13260
23
1514
23599
22
57
282
1
7021
1019
57262
37494
91
39
136
1
4825
18
6981
2
17
85
184
29
7
2
674
1516
18359
1812
21225
2
1
75
332
1
1442
1
458
7
1082
12698
5
13820
1
2
3624
25972
1
1174
54847
408
147
11
2
7
860
101
3806
2
11
2
1
19
202
4071
5
87
4932
1106
22
1
119
18189
5
1
2517
169
28192
171
5
6123
6028
26
15417
2
32
809
10
111
7
12
578
1
2
11
6
255
3586
2
2
3
11001
4
1316
1
49
19
5052
15796
2
624
7
49
67930
1916
4
1
40382
3
1
4218
2
6
1
4
2
2520
358
2
11
296
1
1
12
70
1
48
10313
346
4
12
710
385
56
2985
4624
2
13131
19
472
2318
42
2144
3
1118
56
9
1
20
2
396
118
53
3
1
479
1681
2
605
2
25
1
17
40
37721
75
32889
770
23
1
12
151
381
4
771
1
1
26276
49
287
45
1
1
1
219
14739
544
448
30
47494
557
27
6808
1262
53
49
1415
100
154
4
537
54060
3125
1105
53
199
50120
23
14599
608
29
6461
19
4
9
13
3876
1
102
14019
103
883
4
8
2
64
9
115
14
797
31
2
123
15111
7487
71
7682
25
6124
3
1
2
250
834
22479
877
4
10
1
38
6
64
524
19
52
3961
1
13
9
2355
32
117
93
234
2
61
5
13
1578
19850
162
7608
447
176
732
13
1305
3
371
5
85
14
251
147
36
189
7
5
1
11
7919
3
62
34
3
5
174
2214
6
16
89
2
1
22140
37
2
893
22
19066
5
2
8
72
230
2
10
10341
5329
973
73
368
7405
1
2
27
4
21
3647
113403
6
36
1
1701
698
1
161
9
90
1
95
174
32
16
2
38
1
81
1097
2
466
55
135
1
521
17
1644
819
16
19
87991
210
1
1
187
10
5
4875
48
171
4521
8
2
14255
7227
1
12
1274
3
96
4
1
31037
11
1
3375
8
10052
25
2
65
187
2
13130
805
19
2998
2
1
13543
116
26
2
1096
5
328
1
206
2
1624
8
884
2442
19540
40
1
1
2
6
17
195
2
131
61
14435
2
73
7
15
81
108
2
2
3
12405
3
27
5
49
196
10341
6290
411
1116
1
93546
77
4
462
21766
5
11531
27
377
47982
69
400
278
8409
795
61
27
1
6
90
26
1
11158
21
19
55
6462
101
66
30
145
3
8
37
35743
50665
218
9
9
53
11
26
1
259
1762
869
5
9
8750
269
836
2
4
3450
2
51839
18558
36
43333
2
29791
1955
21
59
315
760
109
1
68556
1
4
1781
28
4
80
313
3
17
4
1
2
7352
5
1
5294
7069
7
6328
9
2
18151
10
584
226
2
60
2
48767
13149
14
18477
1760
3258
8
31
7
12
584
6
28
4859
20368
306
8612
474
4
321
10
781
5
776
131037
1
16882
1
5629
95
137
2009
2
1
2760
4
1
26109
233
2
10
3024
1967
24
6
3897
6152
3
2901
2430
1
45
827
2
77
192
40662
50
62976
2
2752
1388
626
43
18
124
115
1007
2
12609
4219
47
3358
677
35
203
5
440
17
1
3
3
7
144
147
82544
163
38602
677
9
1
1417
11
17729
1
880
334
3165
1
177
1013
3147
54
13
6
1456
307
2
2079
17
58
19
1968
3
12
1
1144
95
449
24
79
23
74
3
10
979
1
3
87
15102
1
1
150
5
1
271
12
1
13
4569
1
32
58
14
4
21
1002
175
7
2
1
23
478
225
393
1
98
164
678
3609
28
15158
13040
14
4708
13
1696
52
143
4835
436
67
115366
97
5
1
3
6
1438
114
23
549
14
6541
1
1
13
6845
11
8
10
78
11
5
148
63
148
78
370
1
17709
132
10
2
22
1138
13490
1
1
8
86963
329
822
1
68
186824
2
7
41
3
9
18842
2
39
273
861
1
2
122
35
196
16
404
12
15
216
194
32319
63
11
20
2830
18338
69
25
270
9
107
8023
1
9
11
12
410
1
11
160
1
123
2
35
2
1
6592
121
50
5
282
13
1063
2
24061
1
777
15
17845
4
1
1
9
1030
3110
17584
2057
2
16
1
3228
33
297
897
38
28
2
1903
247
200
424
23
656
5987
21
11504
4
120
148143
606
2
3
7623
6
339
3
2
1
1968
2
361
98152
41
2750
3
1
112631
1
1
3
3878
14510
3769
314
1
20
6
8016
1
86
6
12
1
2027
28047
3464
126
1
5
2
3385
1146
645
1
20
64
3
4
124
14
52
9
97311
808
10
1099
15
284
10
32
5
8870
2
24
21
37
12242
291
3
121
3
15
78
1
2
2828
164
1
21
1
2
2
9797
14
64573
4
1009
30
81
82
13
27
8108
15
3925
24606
4
1
1
2
19
1
129
1
250
1
19
125337
2
1614
34
525
252
9309
2
125
1
17
1
45
703
10971
3896
78
18
1
34
50
1
20280
849
204
3
303
6
2891
4
1
13
1
4
23
1
216
2
8
467
311
1414
161
4920
1005
95094
2281
1
20
6
52703
2010
200
1
24
43
12
217
40
1
4
3
1
254
3
1646
13
1384
9
254
22
1
1
363
2
101
3131
1140
203
9
79
10664
39
1
164
457
10462
120
2
4
1
2
42
12036
61
484
149
106
3
53
14223
36985
3
7
33
3
2
947
201
25124
3654
2
7
1
736
3
76
2
1
59
7541
106
3
14
7
10
11
1243
3490
9527
2036
82
28
1735
5
2
132
2865
4142
12641
2
24
2694
1
325
12
9
3
25
1
1
40
19244
1
6
2
4503
2
3605
1589
619
7343
1
1
6519
269
43666
35
44814
282
1
19
101
6
2779
1
825
8
21487
6
180
18
530
195
12
1548
11
58
3058
16434
5726
42898
2
5
21108
27
2
62
2
124
5
2521
197
1
10
1579
2
25523
1
816
46153
19456
60
8
118
59
2
4014
1
106
2127
9048
9
53
2017
391
346
1606
56
3
1119
2972
6304
7
3
64
8
51600
2
47
166
185
5945
5
1349
55074
48
18
1185
110
647
253
160
7503
8
89
12555
2
603
30
134
1
345
1045
16386
1
32224
1
30720
13
18
323
20999
28971
1
11
1320
129
2
4
569
3072
1
393
1210
3
12
5
4620
29
1928
681
79195
341
6
2
90
24904
20
4272
14
36
2114
584
13
615
2179
60
1
1379
33
1001
2
2
480
11
606
662
234
1
24
19
2918
2017
63
4
1
8
2
379
106424
2210
19
21
854
6
6
10
1
2786
846
4541
5
9751
18
10
52
1
65
8398
115
5
54
993
678
2
1148
4734
20610
6468
17
1
19
3029
14209
5
95
3
5930
53
12
1
907
3
72
1
113273
23
423
1866
6
93
1311
116
1
5
864
3
2568
1
289
107
49225
747
25
263
1441
28
100
2960
2
2
23
3
24198
34
2
5
4
2164
1
1
1
2003
1
27
114
10
9
52720
35717
1
9
181
4
43280
126
19663
5379
1
13
19
7
16
20
1
12
2128
12
1
62
1122
48
38
2457
1102
3753
1
1341
1
101
102
1676
1
11
292
1835
749
12766
12477
1
12
202
84
49
104
9
295
71
1156
5
146
40
1
493
3
2
12
269
3
2
2
2618
28
33
71
5
1
21
11652
38
106
34
11408
48
19
551
520
78
5
7
1913
1
37
209
15336
4
36791
4295
1
118
5
11798
17
4
9360
112
47
57
1
2717
54
162387
2
11166
31
1
2
37
855
7
45888
1
40
133
47
18357
1143
402
254
158
10
11
11
26
42
2
52
7
77
38
8066
6171
3
2
675
365
170
33
1
4
11
4
759
9
8
5
1
4
4091
151
418
2043
51
16
19518
60
3025
141
709
3
2
6
30
3
771
9642
16
194
2
1483
2
1083
302
33
761
53500
81
14
1200
3
2508
9
44
6
256
64228
273
18
95
2
300
21
154
3
813
10343
43
1
57
40
3
607
3188
11078
3556
8417
2
20
34448
87
2
106
18
34
144
17
44
34
2586
1046
45
2484
278
10
819
165
12
6
3142
69
3661
14540
80
406
75
61
2
10
1
6447
20
195
2210
11163
3
641
9
1
44
2618
56
1
511
2986
2
45
91
4
38
2
15
1054
4
114
144
9859
883
12149
58
86
1257
1
523
33
19
6
2163
287
8702
27661
82
6
51854
3
7
18
246
38
216
1
14
10
66
19
1
2
23
283
138
230
1585
204
17367
5
187
3673
1
3
43
445
166
11
14
52
805
767
4885
13597
1
1
30016
44
488
153
8551
13
1
11562
14
14412
2
77
1
17
501
32
55
12
923
194
1
2224
15102
2342
5
18
1
3
4
59
1
3147
8
3
1136
20559
22987
66
14578
109
3
793
5348
4
12189
91
6
545
336
15448
3
4203
79
180376
5
5
8
2
562
4451
1
9
327
228
11
463
1
29
1041
683
43
249923
7
48
614
839
43
1975
1
1
1
5
2452
29441
27
28
3
3
33
12
203
230
962
40
10
53
4468
9
945
31
163
39
3
4879
8
8699
28
20
22536
5
943
3
3
874
2
879
52
32967
97
3
3425
2901
1
18
2
1292
20
5449
977
24
13598
12
21
20
19153
3
1
2
110
147
6376
36
1
37780
3
5
4555
7
1
1335
2
9
64
14
361
726
17
1
27
185
47
7
1345
13
110
85435
3
4
1957
4224
34381
53
1028
1647
13
1
7
26312
1711
1204
1
485
16
9
1
1
157
43384
58
70
2
20
33
5
3209
21
31
1
7
10
58
1289
2179
1151
1776
2
2
317
1708
11688
271
21
1
47
61
217
1505
14310
28
29
209
2
68
15230
15
3
1
10484
57
551
154
6988
2
12
2
77
2
17
2083
5
4
197
1517
5
8102
4
2112
6
16
206
163252
3631
6
91
443
3745
1
10
3318
3
16521
1
379
5928
2490
63
528
46
3180
6019
1
157
73
17
465
17
13048
521
46749
99
1234
2317
5210
5
1117
7
39
19
1
388
21067
13
2
3
3
277
82
2
1121
5
91
3560
1333
83
4
261
15
1861
151
27
222
112
251
8
69
1
4
15
93
23
10293
1868
28
249
723
85
118
39198
74
20
2937
1
1
210
791
290
6340
1084
36
3
16
916
4
5
2
28801
509
342
1
80
5376
5
26
16518
3271
748
6
5906
2463
4669
77
502
3666
2
2
12
55
17
1
187
2
16285
23
23748
9
52109
2
6
5437
7055
4169
1
31
241
3
2010
7
15624
75396
36
31
11
1
1
10327
326
56
20
7128
11
11
42356
20
1
15
145
6
10
66
8
18
91
28390
1423
3
18
141
786
53
79
32
7565
3183
9
198
1962
4
9
100
20
1349
1
5
27
32
1
8
368
10
96182
1
23
112
17
436
57
46285
239
479
1510
164
30
94
1
334
1
16596
1
331
23070
10
546
3
158
1571
173
6
101
7438
140
1083
1667
5
3
6
1
826
28246
1
1367
2
15356
6198
1
3
9
159
97
28364
1548
175
2
717
14945
1
4048
958
3034
8
27493
127
103
80
1
23
87
1981
13183
4080
184
75
3
5658
32204
67
23
11
314
4
5473
10986
11
43
32008
780
1
476
4044
10016
31144
47
867
62
11319
2
1
27
17
8
5
365
11
7107
9240
179
12694
1
86
62
2
3
5
16
12580
106
1
43
7697
1159
64
2882
6
581
14
1792
3
287
7
2
46
64189
2
1
1
1
3
14
39
1451
34
259
16
1
103
2
7
1724
1
1093
1
31
16
1
9439
5
71
52619
374
69
7
2
664
8
14
6
2
653
1
27
1
2
54
6
184
33158
35
25614
19375
6674
1
1641
1
311
203
42089
12
1
2
300
15
16
2474
30
1200
199
52643
4
3
121
50
14
42
249
8
56387
16
1
23
12
3287
13974
44342
364
1
11
1
5441
5
2254
18
2
22
1
30272
8
4
5242
272
6
1
317
430
3524
927
307
56
1296
120
6
17
168
11061
1358
830
5
6
201
5
799
9
3111
9
4
9
20
20
897
748
2641
5598
41
2
2
2072
1
2
14
19
117
24
1
36909
6
553
2
44
1157
1
1
45
62
34
51
1
34
323
678
88450
1
67
1
1654
1
352
5036
188
3
5
1091
47
1
13586
1804
16
301
327
9
82
3
56
1
2
9630
66
26
28849
215
1
6
13739
2234
1
16349
17
71
695
3
141
4
2
1
10
1838
1300
1
7
8
1
4
34
1320
2221
374
1
48
7
320
1
4
16
26
231
950
1
6
41
20
1275
35
731
17
2413
21
2
23
10
4
2343
2
44
9
1
291
2
51
5
68
362
84100
9
4
23915
9627
3
61
125
11
4775
517
4
21044
10215
310
457
2510
22
47
1092
16
88
1
2
2
4927
8
37
49
7
1
1
14
5171
193
904
45
367
10338
14812
56
1
10270
52
230
1
4
674
1103
691
24
556
1
476
167
18
2
3
130591
115
45393
1121
1850
1
361
7020
137
7
1855
6
1
1582
1
15
279
1716
3
84
33
17
2
5
1
3
72752
2
3
20
378
27
59
24
41
1271
18182
37
1008
54
1
5
16
16
22
88
4025
25
4
18
11
31
4709
1
159
25
3
82
141
230
6
158
2873
3222
1
2
8660
44
2060
30609
51
1
4753
461
2
1
17382
3257
4
4
516
87
1
102213
1
2676
1
2
87
678
341
258
1598
1266
23750
1
6
69
1
2254
24
942
2
73
1143
580
4196
10088
64
51
10
51
825
17
14959
9
4
418
73059
1294
16156
48334
30
8286
152
4
117589
25479
908
13
162
6
5
43
8463
1
6374
9
2
40
2
25
1
11
278
61
35559
1
1
62
4012
86
3
1296
1
3357
50
4
128
277
1017
1
12
563
1289
1076
303
7
131
1
125
4297
22652
999
8
5177
625
724
199
1
271
2
2
83
6300
17534
2
3662
2482
23
1
5
110
9
355
178
14211
556
26
5352
84
3
5
2
58
37
245
2
448
4824
12
2457
1
33973
14260
3
266
51
5
5
51
19
13
1
242
1433
55
148242
1
5
3
24443
711
4810
196
647
5
850
61
3
1708
16180
4
6860
42
3
27
17
538
2
267
184
185
1450
302
29
1198
89
4
40
4
63
16094
37
1
8082
513
1150
2
8403
1
3233
24
1
3
31
5559
3
6506
727
11
1246
27
147
7255
21324
41
3
1423
14143
322
9
330
85
1
338
2
40
5
13
192
229
2
34014
119
212
22905
9040
154
977
15
68
1522
319
53
172
14
187
5
1207
126
24
15
1
1
12
1
3
9
38736
11
3
985
8118
1
77473
85
301814
413
46677
30
84
6
5
1
7
1
1
1575
20986
221
69
4
2
55
1
20
53
83
1
46
313
1829
49
271
1
37
1
42495
450
808
1
5
2
553
12547
427
11
6
11
148
4
4292
3
11
83
4
179
48
295
3608
1332
19
297
26521
86
155
2
33
4
6619
208
361
334
6979
4
6
9
24
103
4431
1
26
41
292
906
28
926
734
12
47
3637
31
19
10
7
21604
58
7
79
1
2
2
1954
5
5
583
97
3
24947
6
18704
4115
27
74
123
166
487
27
27707
35
2
49
3
81
5
10
57
40839
9022
28
80
3
2
2
11
38
42022
210
1
1620
4
95
5
2
7
138
36527
74
32
1593
4
2248
3
76
6125
4
1
30
58143
63
48
27
4
66
41
595
12
5050
4126
2
195
1640
3343
81
211
100
11
2498
874
4
15
3
3149
885
708
981
2165
132
389
137
22730
20
9
679
279
1969
7883
163
2
7
3
524
1431
15
4516
4795
1623
51712
812
3
3
9404
16
618
290
2698
16
1896
18
20154
2109
96
41
1
1
559
30
25302
2615
32
47
149802
4
1292
20
69
8
21261
12172
7
378
158
171
1
6
9569
29856
4
1
8501
36417
267
4810
635
247
6
3882
18
1
2
11
95
6329
54
31
3
6
97
18511
1323
4
9
1
40
1
19
4
2
4062
8
3
11212
5364
80189
576
46
1
1
4
17
1
1
1
95
5
1
5
9
2
1687
3
268
2192
72
1
29
184
332
15363
36
20
25
2
446
12
883
5
6
395
159
196
10
9
100
664
3
4
7126
21
4
19
1
58
8
4
12512
1
2
13636
28
16
2
1
2077
87
106717
2
11
16
1907
10261
4
43
6600
5869
86
316
1
3
97
2335
67
9
4
628
794
1
82834
21288
312
35
8
181
893
14
26
8177
79
178
154
2
73
1
8
1
5975
7
4681
20
3
131
2883
1
109
133
13747
20
1
37852
5213
19
16
1
235
13
1
11
5
3509
203
73
131
331
85
800
138601
693
11367
26
192
1
7500
4
3
89583
1401
1492
5
9
128
28
19338
1358
27
1867
44
25
1
1
161
44
1
92
2
33
137
7
425
1
30
1
18
14019
181
7
36
4914
8845
326
8
119
8857
91
9
151
486
507
3
123
2
1
12
949
2
8
14
809
5
1
1
4
69
96930
1
28
1258
65
457
189
5337
258
174
195
1226
3441
31141
3
27798
35
2
2
6
39
33
8
1313
269
15
374
123
848
5
13
238
20
189
37
2
7
9
50
33374
18
2307
14
12016
378
416
3149
14497
1
9
14
2
1
1
2
2487
5
270
65
34
6
187
100
44
5570
49
65
2
35
1
8357
150
17
6
2
9911
1
8674
7
50738
3
3
3873
3
4
216
73
2
2
4
108
8
1
2
41
20857
3
37
1908
20
3
367
1
34128
1026
2436
14856
8056
4
11520
10128
60
2616
70
7
204
416
1
2
4
21
3
10
7
1
31
81
3141
2
50
1
685
4
3
1
468
1038
5
6125
10690
1
3
655
1264
1
1
2
1
39915
33714
10
31
9
2
813
4614
87170
6288
1
371
420
1
3434
263
30
2
34207
1
4
2545
1
24
5
730
1703
531
24
165
6566
2
1140
4624
8
655
337
5228
9
408
5
5
2263
2144
891
171
4788
1
10
3458
2183
13
16291
17
1350
3837
3
698
32
366
170
109693
47
92454
16869
1839
55
22306
109
11211
17
1
15
2425
565
18
4
48983
10
79359
1860
2
6
1532
26
17
31
2
9
2
342
90
15
2898
110
314
53
14506
15544
190
3
474
2
3
9
15
40
783
2
41
2
512
26377
4111
5339
890
1187
993
1
3
4
24494
23
18
9
6852
21944
558
1
1
2
598
296
310
73671
73
28121
156
1
386
7
26
3
290
1
54
3701
6
1993
164
8500
3
1
6858
58000
147
18
13099
7
20
100
116
3548
443
131
6
1053
1
3
23
68
12
351
772
1
16883
1415
3
2555
6
1
441
4
121
2
3
29
698
2
36
16
3863
2
4
2
1
678
1
55100
2
2
14
9
9910
113
8
89
13
4334
11
1
2
93
8
2
1291
11
2110
1
1
31
1
4
3188
4
1
115
232
1613
7
663
21
4
1302
270
1
1016
139416
649
8
73329
1
592
176
5
1967
1
2
1
278
1
4633
58
1
73
5864
1411
589
145
65
4511
18101
3
2640
396
1580
392
19731
261
1
369
2
1042
182
4
3
4
1463
3136
8866
60
2815
221
1
21
3
21861
2
5611
3246
59
368
9545
51
2
1
1
18
1
72
4791
1
3
9
1714
2
1996
24
1
1
10
1
293
3
1
6
2039
14635
10
5
7461
178
15
44445
2
14
1081
11
4
1532
7239
1
2
1
3307
55852
372
5706
39885
13
1
6
14
803
3319
1
32
8
63755
74
4
24
14645
1
1
1
98
5
42537
16
55
1
49
21
3
150
1
10
62
1433
4
2086
33
31
154
5
179
4
3
2125
948
3
4
432
4
257472
110
1840
2
22
15
28
8256
8
171
2620
2
3
36227
18
1
8
4
209
1
46122
2244
43110
2
5
45
1249
2
607
10
65
46
5012
16
138948
3
70
83
66425
126
58
148
1675
34
1262
2
2
1135
253
28
1
1
693
5698
2
170
5
6
8766
239
10
18
796
15
21
43
12073
111
5328
1
37
13
11
82
241
87
814
250
98
1
563
2508
13
21063
10
11
66
406
3764
2
506
4608
6
418
16541
1295
44
2630
285
39370
1
7
127
6
4
11
91
4
77
3041
22
1608
8
4847
1
4
1
513
1
350
2
4
516
1
9
2120
8
1002
202
1
2
2
178
8
9794
52
1303
100
5
2452
4258
4
2282
141021
64
78
51515
110
40184
632
39
9
2
124
259
1587
35
10
40875
518
1
6
7
30
1
3813
6
29
2
18
711
36477
1
4
38901
2
1
47673
150
179
17
562
684
11
7932
1
5214
5726
3560
2486
2
3360
1
1478
1
50
12
10
3
70181
1
4352
4
604
36
75
3
1588
2573
144
3926
3
1
33
149
5342
1091
6
488
8
3
1
7126
149
4
8328
8
13
1
1
3
44
116
1288
49
7
22
737
183
1
11
3
25
164
15
127
2
5
2199
1
1
550
28606
9
1
48
32848
20
6
1861
2
4054
43
4
2
8
43
79
2037
2
11
2
18
7354
17
2
47
68
1
4
588
46
11
89936
29056
6
9
37
10
323
307
27
69
1367
385
14740
7
45
2
312
3971
527
4458
6
4
20
74
12230
2341
116
392
1
2
2
1665
2867
3
1
3
3664
263
162
10475
1
2380
6
10
1
11
3655
25
4
65
5604
4
19
7
1705
20
565
3
448
356
1
1336
14
6065
3
20972
80
14
1
182
72
5
51
16103
9
10443
1
13
87
127
6
6
3255
16
24
2
11446
45
349
38219
134
1
2759
14819
113
71
40
137
103
1
19
69
415
441
19
1
1
14
4694
27
110
6
28137
3
9719
327
768
1456
4451
71
7
16
4608
123
19
9945
2544
27
8028
2075
10
7458
18
62
105
1
215
717
26
1
2
4
79
5
273
452
18771
1
443
33
36
34660
28
37
98
11
790
9
127
15595
2521
53
35
15404
200
73
850
1
4
17
194301
1687
1735
4
1
8
208
1
52
3953
11
43
13603
1262
119
579
3
3
1084
7
56
5
27
1
4
12
2
2
5
64
13
60
841
2282
277
6
5
45701
1
20
3785
177
717
9552
136334
1
780
5
1
3
2496
9
1
745
2
1
6
12
243
37910
30
27
2
40
2
26889
638
715
3
1368
2481
5
1
297
108
5
21
2
20874
148
7
32674
408
5957
240
1
2
19
1
4
185
351
21
5202
1
5
675
2
436
1
3369
18
1365
196
1
4
2664
3
42761
13
7
130
16714
12
48
5
34056
3
39
1
7
213
9
18
3
695
493
4
2
24
3
3306
20
189
9
11
31728
7
14331
571
606
47
7894
1336
24
11288
2
264
3952
6
16
6721
14490
30
9612
2
2
29
184
20292
40
235
27
11
218
98
1192
13
4878
1
9
16
218
19649
79
20
6
1016
49
5
1
42
3
838
1
1
12
1
2
1
204
338
1
1
663
1
74
1
11
4794
85
1
32893
22
2
415
212
489
2
4959
11
1
3
22
2
11
102
371
12200
2
192
1
27231
35375
588
34
35
2
7
11
4913
874
31
12
101
1
125
3
2
9
7591
1
3898
70184
176
5
4
21141
493
1020
2
4413
3346
4593
1
1
1
2
2
1
3
44
3179
44738
1
61
30
2141
8
84659
25480
1
2391
1
1
2980
246
255
2558
359
746
1
20
9
1
4
14
6556
5858
39
1665
2
168
43
37
144
20
180
2
21364
4818
58
44
6
131
8390
1
4951
2
315
1
283
793
14
13
2
60
48
4
583
2193
4
1054
3371
1
18
13627
49
782
2
94
45
1
1
3
24
42
6931
3
45960
2
4035
1
5
23
40461
270
398
26
752
406
2
597
449
67
4
2712
1
846
734
1016
5
5677
12224
23182
13
1077
6
8557
126
44
142
8
1597
57
2
6455
183
357
1895
5
5
6
12775
12743
209
81
4
1
4
411
10964
56
2
26
3
6597
1
37
1
348
6416
46996
57
3
1
107
2
5
4
3
81
5
20315
91877
2922
812
21871
2
2
1
1489
138
445
514
1400
17
7
128
17
6
1
11
2486
1
23
90
2
7
2901
58
62
596
103
12
1
952
18
6
2
62
9
1336
3757
30
27160
573
12162
49365
2
386
1
65
3
3
4
2847
17
12
4066
2
2526
939
25814
60
8
2882
2027
650
1478
708
3973
1
1
7
1
4
71
92
5
136
227
3
1
343
2119
1
2
94
743
7395
2984
187
142
71289
138
2
5705
166
1818
17930
542
9
145
2
21
10
692
1354
3
3
144
2
2
8
6
7
47667
77
4
5
4047
409
135
253
24494
56
12
87637
16
1153
2
467
1
5
13
4
11216
2
14195
128843
669
362
75
1
1
14
1423
20
74
1
73500
1
1
2
59648
235
11733
85988
1804
4
1
20721
51618
5
90
1870
18
2
2
55
1009
12879
136
57
18
2
350
36
14
1081
428
3
69044
85
20562
30
2
2503
5
2
8330
5041
63
465
80
8
94939
740
2
11237
504
1152
10214
4969
1
7786
30459
2
5
173
3
2
3601
404
3
3306
20
2
221
8
21
16
10
2110
5
107
156
668
3
291
162
56768
1
361
21
46
1
3411
960
1
1
3102
1
385
3
2
3
10912
2
190
2
11
20
32
20
51
98
7187
2
1
174
27
3007
9
1
3
33115
7
22
24
2
5
2
16234
21
479
53
1
2180
18
119
20
17
1
7459
9613
18
1
35466
882
1
263
280
2688
23
181
1
4826
130
186
1
2
26900
106
3
54
3
80
398
1
92
1
3725
183
2
60
1707
14663
2674
24
7
33
1
3969
1
62
2
1
2
9
21
2
5
25741
2
30054
20
1
1155
16
78
5152
86
7397
1
2
1
5116
21
479
2194
1000
151
24
2552
14195
2192
12
192
10
1
1
4
33
2152
15319
373
73
22955
33
1
3
1978
24
1
28
108
21
16903
215
41
91
93
2
1328
1
174
2441
4
7
22
8
3233
5
77
1
64
18
21542
15
17
2
43
1920
33
3
12091
2
5247
28
24
1
15
2
34143
595
14
2
73
2
1
42
237
1
1
1780
7
1223
6
33
17
61940
365
32
93737
277
73244
18
91
3347
3897
6323
3102
90763
458
10
17
51
3071
1831
2
15
1021
2
5
92
26
2
19
3
60
809
2
88
2
165
32
3
47
28
34222
23
6347
309
1
208
114
9
1726
20491
3
167
1
5
413
1
3
2604
8244
4
2
569
5
330
22139
88
3217
3721
10570
1091
4553
24495
19
44
372
29
1
12
122
3901
43
9
329
422
77211
165
13660
18
47509
6107
4
307
416
5
2
10
1351
63
236
1127
1026
211
3
361
2
11
284
4146
8385
44
120
123
17
134
2099
54
6
1
3
35
262
25
3920
24
104
7901
51
3
2625
3
866
13
11130
170
45
173
1
7043
28
15
13
24
9358
960
6
5
23
6
2
5581
2
7655
8
138
5
1081
4126
1
1
35
8
135
1
6
1154
6
42307
3
37
46
163
1
3
39
10
125
258
19713
5562
5
331
6661
5
39
1
4
2416
2
6896
1
1
53
879
64
81
12344
14481
1
16648
1
6941
5252
234
25
83
24
239
409
234
15578
2
8
3218
1446
4562
41886
7455
7
590
7
24
9
2
4011
7
4
170
213
3
13
6
319
2
2794
5
8
579
223
3
2
128
2
81
18
2459
53868
94
3
1
312
107
1
5
1
1094
20
59
5529
68
1
58925
49
16757
18077
1922
8250
62
1
28
381
18
5
4
44033
1421
80
58
6665
202
1
39
128
972
77
43
191
6
108
13
21
5372
5
11483
12
6
6
1278
281
186
598
2
24755
8
3
17944
33
28
1
130
809
28
108
18
249
1
2286
454
2
1
157
2
11
981
1
4122
14
79
13
9
1
2
2
459
1076
29
1
15192
191638
9068
1
354
3
1
7
37
34
32
29314
22
2
1
5949
1
271
2
3
385
14
548
7980
4740
135
19
710
48
4
270
1
98
1
126
1
5
85198
4
41930
1
504
36
15
34
96
1188
1836
10
321
3457
21
137
1
23
2320
28
16
16143
216
1
3
940
364
2
5
89
3575
34
3
8
2
4
1
146
1
2
7
2361
1092
26
48
8294
2003
27861
17645
87
542
57
6
23
7054
878
36
10124
17353
40
4
203
1
7
64
15
1
19
9363
8
1
109
1
16413
550
3
1
16968
329968
54762
60
15
12884
9404
6
22464
1
1
2
40
6237
1
2791
7
16833
62
107
16277
257
27
4805
4339
1
3
48
1157
1
87
578
6
5
10
33
1
44
40
9742
6205
3
11396
1
3692
95
97037
36
88
2769
115
1
67
184
4125
1
23
6
3
3
19
183
6
2
9
1
521
911
18
3925
3
2
230
18
1176
89
107
1
4
104
3
4
16
123
53
136
173
2926
522
5
4
13
5966
1
211
190
4629
3376
1
52649
2
5492
4
10
28
7273
2
1
5
23
19
574
12120
37
21225
16
233
1
6
73
142
30
4051
862
157692
4336
2380
13
128
18
2
4642
4
4
59
23
11
294
1822
23410
2515
4266
37433
269
12
1
879
83
1896
1
4423
67
93
2
21
2933
13
1
394
398
8
1
7
79
14361
370
269
9140
11595
5026
224
8
1
63
81
5
4
12
5376
7
79
1
37
3
32
408
9030
38
287
4203
19
14
18189
4
1
2
20
105
9283
4
2367
345
183962
3
13
1
27
6556
1
4899
67
36
16921
505
50
244
1
1251
3334
112
26
4
173
448
30
7063
8465
3215
624
4
57
11
4
108
58422
731
6
3
1369
6179
262
722
15
14
2
28
224
1409
1078
145
1
2
1
9
27
14
2
280
109
1
12
355
2
1
17
71
207
10
3
25564
53
43635
6
20
35
238
16
306
39
20
1
2829
4
1
38
162
30204
1
43
18289
155
943
1
11
5
132
131
9720
4
79
8
555
11
10
359
12785
5
5
1
11
412
120
2
1
2
1
12
2
1
371
9
6014
830
1488
7617
94
19524
16221
1
889
8
120
2549
10597
9473
9
2920
304
292
67
17
7978
6450
570
29958
81
13
15
32
807
85
593
6
7
3
14
238
559
1
1
20
2232
2695
2
35
1570
42
2736
3717
1130
31
475
13985
108
94851
6967
14274
2
70
4
6
42
10110
16
2
14232
283
333
85
647
3
35
25
31
13
376
1
3
342
69
13412
1691
3
1
407
128
4393
137
4
2102
1268
3
1
2
5
28
2
1
3255
1
8
4
2
17
225
30
4556
2169
1
1
10
2
356
1
2
7
1
41
2
10
94
2
323
25
29
2
17
10566
440
1100
50
4
8234
894
2965
220
72
23601
2
1119
75
89
139
1
1
3
26459
12
579
16
1
25
297
278
5778
1338
579
54135
339
583
7495
87
22
5
27187
3
2887
86
102
1
144
2
1
5508
11766
173
3
2
2
64
4
5
21
21
1
5
3903
9
2
42
3
53
1416
1
106
132
24
19
265
9
1660
12592
5
127
91732
6
16
731
41
404
11634
12
2262
20
11919
1
2
77
7464
1093
3890
26
8669
18120
25
3
2
765
28699
37
2
2
1
15178
1050
203
2906
765
1
17
298
206
137
1
33312
2759
84
2
1
1
14
45311
635
204
3791
26
28
31
737
710
38
20950
50
3190
29
789
761
17425
3
9
297
6250
18597
47
7
51860
1070
4
2
3
3
227
1155
29
37
44868
8
37
3164
31218
88
5659
19
2
7082
3
5
11
22
37
1073
6469
2
5
2
33
39
6
347
73857
3
5
1
54506
18691
7
7
7
81
8
3
54
10
2
2870
2
21
2889
257
439
5
5294
21
2
66
5
1357
1
3
1572
1
2
103
1374
1
1
1
250
1
8
45
9064
26329
1
49
894
1
88
96
1
24
172
165
4
547
4
2
39
46
90
428
8200
3786
116
150
9623
112
7
8
99
17054
3
21
102392
1
11
20381
3344
8512
3
61282
1
6
3
15
551
16019
68291
8
323
4781
106
47
43
32
3409
2308
1859
1
1
12
31
1
31216
28
24
1350
333
82
5791
156
101
9841
11
2
7
2203
21388
1
4041
4
1
10800
1
13
8
332
1
715
1
64
34698
1
8360
115
291
1
6
1
4
5
76
3
150
16465
9
30
316
203
7
53
1
741
5
4
286
8
8
2
10
1
215
602
1
112
41
969
4
8
89
614
980
2
210
24
4949
23
125
6
3
63
94
1
9
73
75
142
3452
21485
2959
395
724
6
2176
678
1954
1
2440
33780
2867
176
8214
40
3
345
1
1
301
11
2
131777
1
462
13
51261
375
176
4
22
45
7264
546
69
3
104
13
4893
195
22
6740
14
2
98
111
1
139
4
1
18
30
18158
2
138
6
3
1
1239
129
45
25
14
7
58
2
2
3
4922
844
3
4186
16
264
17
1
140
2
4
133153
3
47307
1463
2
810
34
16
296
9
14
15
8
29
412
14
33
114
1889
71
17
299
159
155
8668
2969
2
12432
4526
3
29
488
8
31
297
55
9
20481
890
10
155
222
2
271
2785
8
5291
5750
27
4
5180
91
3
26
1
1025
8
1
17
2
1
25
352
1
6
2
264
1
28
8
25006
29
9
96
2330
263
1090
7515
7119
1807
4701
6
16859
96800
6
3
72
2
10613
17
4
3
375
84
5
7
3
2
1
295
11
6
154
1
222
40
1
7
3
6
146
19409
5
7005
167
1
4005
727
183201
10
356
133
84
1
5
50
117
1
15
20
27378
13
8
1
24
1826
57
10
2552
1
109
20
472
3001
27
2232
15
204
35960
3286
181
31
258
9817
9
21599
7
100
2
17
23291
19285
1350
1
118
6
1
13
3508
42674
29
137
14
1
10994
101
76
10
2
1
3824
1
4785
2876
2
1
16
12
6
2
1
2710
10
44009
22
149
5718
16
15
13
196
10213
831
1
281
59
4385
489
1
63
1
2
146
2
166
128
841
19
150
5734
6828
47
1123
14
3
257
7
69
12835
101
3
783
36
2788
4
35
346
11
57495
3
4
2
8
2
9
12256
278
2
1
2654
49
3
311
1
354
1
13
10
3
2372
3556
5
10
549
47
3232
2
137
295
4
4749
317
4034
3
13
1
36
13
182
535
159
2
15373
4293
213
3
1
3
1
383
3
17
2
1
1
13554
2
1
13
2173
11
16
3
29
2
5
6
70
10
25
202
327
2
93
3919
1981
1
4
3835
3
321
110971
10
236
1
267
761
2506
351
45
1364
83456
132
64
10
1
950
60
3529
2
48
361
14
1
23139
24
9234
123
9
2664
11
2
21028
1
796
22
188
1
192
71
2
760
2
234
208
6
1359
1
6
2
18
5
6
111
15547
1
9
4393
26
140
2
50081
1
488
19
184889
526
2
264
528
34
296
642
251
23
38
898
833
2
3
2190
11
9758
1
23140
14013
4
1196
41955
46354
26
104
10509
13
28161
447
168
2
1
2
1
320
2
30
1
3
12
182
2
1
2
3
9925
10
22
8
19
14
6
4
937
1
1
975
3
19
539
2668
1
4035
6889
1
6473
8536
2230
3
28
6159
4
27
1
1
5
248
1121
2934
3464
411
2
8574
930
16
21
1158
84
1
2234
115
5
1
408
8
1
1845
3
48
247
1
1
7228
1147
5
3896
4273
7733
18601
7
31
4066
3728
5
33
2
44
13
2571
1165
333
18984
2
1
1
1545
10
1685
4069
24
7
2
33
2
2676
84
1
2720
1
1
1848
14
170
63075
39248
657
12
9
41
6
154
1
41
4
29
1
1
1557
16075
250
1
977
42431
1
352
22
447
4
2
546
1088
7
732
85
1
72
1
2
2
6
2
2191
140744
43237
58
250
16756
1
1
190
4330
9
2888
8455
123
92
1208
11
79153
1
1
3
61
65
61
29
1
53
2
35
140
15095
3
68
1
103
3
38
1513
870
1
11
446
2
12
1457
1100
20
1
494
1
1
44
21
3
1
43
37
54
188
3640
7892
31
75
665
225
1
36655
1137
1
22
18299
5550
3
66
219
19
5
2
208
9508
5
510
23
33733
126766
9
28
6
37
93
4
4
3641
1256
561
1515
13
304
26372
2176
3
4577
184
37
17
3
25
24860
35
1031
1
3
13
1
5254
17
3
1
1
2883
6
8
2
32
103
15
106
18013
3
15
149
4
2899
9
24
5
555
15
9
1
23
75
361
89
32019
35
102415
2
9044
14
148
445
1364
36
1314
23177
65
89
1769
106
14
30
2421
1
3039
13198
4144
3
3757
26
10
1
18
33
757
174
60
31
13
95
2740
6270
4
825
1
66
4
1929
6
1
9
11
3
6247
5233
4
173
5
46
87
35
3
142
5043
1
33
2
1631
15495
7061
1
69
1041
31
4
53
3
2
50554
2246
6
87
5
1
1
1
279
80
2
76
79
1
63
1
154
7927
682
1
1793
219
950
62
4077
537
1
19
4
2
7
381
1
3
221
11
69
2
119
2
113488
9
174463
72
98
1954
8
781
312
1302
875
5
229
11
13
755
86
3636
1904
3792
3
7
122430
2
115
2
53
6626
3507
19
16
176
1535
16
14
33
25
7
3
1
528
2
2
1
42
3196
59
3
963
2
134
27
7111
3
929
832
20
1154
1
10
54403
36
1
15
388
1
50
116
2756
52
8689
269
2
9
1273
1
1
2
2445
36
6
3
10
25
6
10
216
1
27844
1
12
130
905
1
5672
12431
13
3
6
5
11554
15
38
4
221
4
74
1960
14
15099
1
244
1
5
4
8288
20
1
3
57
16344
182
13142
4
5
28
109
5
5
1
248
3
6
7
8
27
7
10
2
1
14838
9
1
29146
4421
32
13
1
26805
5
3571
7
8353
26
244
4
15420
3
18
28903
6
29
28406
161
26
24
1
57
18937
6
1118
1
10325
2094
30231
35
512
1
448
3554
154
1
188
2199
5
419
13
91
2
161
217
11701
15102
2
32
78
4
112
3
309
5560
1
46
84
7
7
1
66
6
102
44456
332389
2
3
1020
29
2
6
4
239
16
3
11682
1
8
5385
128
186
57
315
513
108
7
1079
17
22
247
1893
3
1
247
1029
21
58
33192
895
1
939
607
6
168
65
24
19
2
464
1
11
40
132
3235
1071
1717
23
33
1263
5
17
55
192
1211
2
1055
3356
40
1
1
4647
63
4
1659
8016
1182
3
2
26
123
1
1
1
8697
7
4
11563
23
158772
153
38559
126
7
11
244
3
2020
4057
21
8582
2
4
1
1346
76
1271
2
364
1571
1
57
1
514
7
10
1
20
1362
378
18
1425
985
10802
1471
1
1
404
3
2872
1446
5
8081
162749
1430
357
4140
5
15
7230
4
3
1076
19
1
46
2167
3
3070
68
3925
5
223
21446
939
60
2
1
1
26028
3
13
2
24
830
85
1554
10
1
61
38
14
28
1
2
26
10047
9
83
179
1
35
52
6
39792
18
95696
12
1970
15807
1
3
1
273
1585
1
1
1
27
1
26
50
1245
458
9
8
393
42264
66
416
11
17
8501
510
7421
1
125
3761
1
891
333
6688
5
2
3
1
12
15
10553
245
52
18197
652
3458
28
11
12488
50
10750
6812
640
11
44
14327
15
1098
61
880
19148
671
2
1
585
79
8
9705
290
30798
13470
197
2082
3924
2
1
1
226
7
10515
8
364
801
54
20324
20
2
1
1658
1
1
1
3
31
2398
1
1
14289
46
1
2298
16
17816
11380
1
4
4401
1
1
13
2
11
1
15093
358
16
2
1
90
78
7779
4564
3
2236
307
2
12879
78
25
718
95
22698
167
332
1
8758
21
1415
752
1
71114
26601
33177
453
1
8025
1
2
215
2
1878
51
1
46
97
3
111
2
543
345
44087
17
17
20
2
151
634
801
1
2
18
22663
32129
51
542
355
8
8
6558
471
1975
84
58
2842
10
116
27
2
2047
47461
10580
132
68
4
2
2
6
2
10922
217
84
1128
35
5
764
6
2605
13
286
466
721
3061
7
169
203
4
16621
2
127
1
2
19
2
67
1416
1
190
3532
6
1
3
46
85
8
2
18124
9
15
29973
2255
620
5
393
27251
3
7
61
3
1
26
479
57
4887
33
19410
2
81
2
93
493
4983
41
1
9
9
702
374
1
3910
104
25698
21008
10622
12
8
14
415
5
17
410
578
18072
18993
6
1
1
80897
393
2
2305
2
1639
1095
54
9637
22478
64
313
1
2
619
796
74
1920
8734
8
25413
20972
4866
14
6
1
157
74
1
5431
6051
10
3
1055
88
188
9
3167
185
10276
5
5
32
5
11170
2
27
755
96
82
19
63
13172
8
14468
20
409
853
19
1
2
1365
2
54
1
31
7870
1
1
3
2221
382
44335
110
56
214
1198
6
3
2
3
2
1498
4021
39
508
30
110
1760
4602
14
39
379
22
31
85
9
6
26
4
1
5291
45744
91
596
707
51
45
21
5
89
1
12
2
785
42
6946
255239
15178
1
1329
347
4995
23
92
125
1462
45
3
200
28
6
122
97
11611
181
1
11
1429
555
9
4
2
6658
1
1
880
2
9
20
116
17
21
1
11
1253
5
3
9
41
70291
4299
5
11
221
23
6
4
2
33
2
591
14
5342
38
205956
5
192
235
246
1
293
395
13
1
1474
376
2094
590
2654
339
1
3
29
7
171
8
10
4
8
43
1
10999
1136
3190
658
2
1539
17
9
6
44
24
34
125
40
202
12861
5
677
2
312
8411
28
14
38
358
203
162539
2
206
61
3070
27
26138
481
2
24
3237
25
1
168
3
292
954
36
1
3132
42405
18
116
3
1
15
680
15
1
91
2654
5
343
7
8207
15
28
2846
98
16
9
738
196
8504
356
462
2002
1
131
1140
1043
3
7
321
15
22
59
1
1
5239
25
8581
1
43
1
1
20
2
5101
4119
6
101
1121
6
318
155
1146
9
81
19
2
2809
1185
3553
2903
2
12847
22
2
3549
374
2
2076
6
546
7
9
2
5
2
1
7
116
62
5
3407
916
13
23846
2188
102
5
4
12
5
803
8
5459
91
566
61
219
69
91
3770
53
319
3
86302
2
31
68
1
71
96
2604
83
4347
41
42136
227
1954
33
9093
264
41
164
4886
2
102
39
14
659
48
2311
54
82
25020
1552
14
2387
17
4
7
9
133
1
10
906
14
508
39
8
13
3
1
3666
3
269
65314
251
1
4650
9
5117
2
489
23824
23
24
30
3033
9689
27
168
181
3
3254
36
10
1459
2
2
1660
7
51
6
276
6097
2335
2099
1284
1425
1
10715
13
863
11
1
14192
44
7
843
1264
5
8
5
250
224
104
1068
126
235
95
3124
1555
1
126
341
25
13
2
389
5
1
256
5778
2
1
27
26
103894
11660
9352
75
1
121
2
1
5
62
809
72
3
64
2599
1
181
48030
1690
443
117
1006
49
50
2860
9
151
3
1
3
2
872
3100
22
4
1
46
202
5
1
759
28
19
1
1
459
1
4
20
2
6
7
7
11
1
13
20218
83
24524
65852
280
6446
2
4
26
24
2494
1
14
4
81
3
1
1
54122
764
15
1
4
145
6
1
2
1336
27
3
20
3081
1073
1
2
2193
2133
1
3589
31
3
215
29273
99
133
27
11
15
67287
3
90
4197
2818
125
4359
2
49198
1965
3
3
39
2
1977
6099
30
519
99
10
38
1226
1
276
1250
1
61
10
20
1
47
1
1694
4
21
15
16109
1
9
3585
248
26
27
592
7
264
3190
1359
26767
2
14
4303
62
3
2408
16
3
3
4693
63
20088
10570
3762
9
1607
2194
28
1
98
3
28071
26
2
405
7808
117
6
1
2
13566
24
1
10256
4
2017
53
10
14181
61
154
61
44
2768
167
22
4
82
2893
230820
59
6
1
9
21
24
1
267
1
1
2
2050
1
1
2
205
1
19744
12
1
5
18
1
91
17
36
1
1
4
600
2
12970
503
101
89
560
28628
4296
1686
6
1532
1
30965
192
14
1
37291
22295
433
1912
65
1
18
685
1
8
72
45
1
4208
4
5622
197
1107
107
49
5
1
11
19918
68855
2
1
4
2
1
27
92
1986
8
15
15031
14785
1
1
1
32
404
121
1
9
87
52020
853
25
1
4
43
1854
2754
567
12486
722
27
32
50
2
22
25237
5065
67
169
3
3
26871
8272
134
21
1
14
24
1231
334
13
47
2527
1
24
3530
761
4
1
115
1082
5
24
297
429
1437
2
88
17
4
75201
349
2
14
143
274
2
128
10433
4760
1
15844
6043
14
8
1382
16
1
35
120
2
3
8
2887
140
186
1
40
25155
15700
5
36
1
2
1308
31
2006
24
1
19
132289
20846
1
206
115
24595
67
1367
26
5100
1
9
2745
1265
6
2761
11
74
18
18
95
29
2
1254
286
469
40
58
16
32
1
476
170
1
3119
4
4
21024
121
101
23941
41733
1799
2941
4
5
30149
38
2
1
4
24
1365
27
701
1326
1
5
12126
3
62
6926
1
3
1949
38
4
58
11
9
521
1337
1
154
2930
18
7
1860
2213
34
17
46715
709
8
6
5023
273
2
148169
26522
10
1
5
2
4
37
7
2440
58371
123
2188
1327
1
14494
6
51222
4
1
2
18
1
1
38
2
267
104
1028
15
60330
2
770
1
1
657
9
133
1131
2
4
52
105
3
8
123
48
2334
18305
18515
789
1
26
2856
42878
19997
1
2
230
120
1
329
1
1
625
55
4
1
26097
55
108
52
29
208
3
30
114
71242
1443
695
1046
3
12
11
1
428
17
3702
134
2
7
62
11
3
470
12
3
18
6
2435
27
5
4
727
1
3
1
4842
75
556
2
636
1
15
3
3
1978
1554
2818
120
1486
223
2
9
6621
4
124
100
4
4
20534
8440
96
16
75
116
1
1
9
1100
6
117
64
1
12
377
80
173
215
283
91
4232
110853
18
15
9
1632
1
36
7
466
2
2
1
38
29
73833
32
2
3
141
595
5
1
1623
172
79
10
12
24
456
23
2
1
1106
1
13
115392
1
31500
10
8
5775
39
12
13
2037
10
5670
111168
1
2
13
8
65
348
292
23
1654
435
2423
36
3
950
2
24
1
498
41
16315
9
1175
14
4
4
8963
6
58088
171
2
43
129
2
987
42
312
5832
203
9967
7
6
13654
1738
25150
5019
22228
28
1180
7
146994
1
544
20
1
38364
4
20785
45
1
2
1
256
23581
1
15386
50
3
4382
915
13
14367
6
6
46
47
41
68
143
234
1
2
33
2
11
6458
2533
5240
1
31
23
478
250
47
71
2125
286
28
2
2
44253
7
15
91
537
5
22
331
4924
9
7
15
1663
20
6
15
1
2
3962
3
28
330
437
1
2
102
13
1
337
25
5532
5596
1
1
630
3
1
999
673
3396
11378
5
6928
78
242
24
1143
342
45764
17
66
1
97
2
219
2
438
21659
71
410
10565
16
1
78728
3
36
2791
9
1
1
3245
154
78
3
1
14
12
5
20
53
92
88
316
169
2
1676
7
3989
1
2
46
3582
160
4
87
11
12953
22
1672
110
161
20
163233
1
5264
5728
1
1
1
50
1
4972
214
6
1
17
10
52529
46
13
78
127633
1
350
1
8
78
3684
153
18
10953
10
3
440
4
8
80
689
1
527
28162
1
148
5
33511
2418
3
1
75
2
636
161
3831
5
406
1
202
4
55
112
3956
33780
21
4145
2
7048
206
28
1
1
4
4777
2497
930
23
1793
2603
95
26
20
19
1
2
21
43
361
30
720
2799
629
4
3852
31399
51
3
45
5
1
51
26
6
62
1181
7390
59
1599
20001
3
1
1778
71
3
4
580
429
11
1843
1
18516
1733
31
244
2
9592
1
6
4266
3371
3721
14
15402
291
1
7584
32
569
37
1
4
5082
3
898
15
985
377
8
1516
22
6
13
1
1083
4060
45
5666
2514
15
30
6448
10
289
3
1070
23
1
1005
10
14390
4
256
1
92
86
3400
192
9
1224
5
6
67
104
475
1587
2
1411
2
9411
23
1
224
3
600
248
3
1805
2
1179
1782
6
2
425
18
296
1
285
1
57
19
23
2
53990
101082
1
19
8306
38
4
230
1848
3095
2857
147
1
93
21
1
10
1
1084
29
4417
4
1
1
2
2
379
662
3084
25493
9
8
20
4
370
1655
4
10405
5
1
109
2
1
2084
65
2
31
25
10
732
13571
753
19
4
89
35
45679
5
847
6468
6701
398
62
19
84
9
155
1183
18756
161831
33
10
4
1980
2170
4
393
3
1466
723
3
80
81
11
26
6
47
31
1812
1
27
17
6
5633
640
704
16
958
28317
666
9434
274
3
25911
21
25
2
1394
27165
17765
192
16
10
962
659
41
35
75
2
47
1
2827
4
3599
11
481
2522
161
1
9
1
1
1
99
16696
3
1432
30
5
3
1507
1
13
112581
1
2385
7553
23
87
493
20
54580
1126
15
26
113
1173
80
108
643
11415
609
1305
1116
13766
2
43
66412
153
4
10600
6735
15
10981
16
3
31
1
12
403
1
5
4
4290
20982
9204
3010
6694
306
34732
1
167059
370
130
124
4
1
2835
8902
9430
681
18
265
6
3
41
5
2
402
25
2
398
32
142
11
1
72753
31
7
11
231
4
3394
2664
37
77
7
6
29
237
298
3
11
1
225
3
912
12808
25
375
1
1597
14509
1
3
6
1
118
9727
58
5
1
3
57
193
1
4
693
415
860
1
12
1940
5
84
209
2
79
6742
5
16714
40
504
2
1490
92
2
8376
1
17
7
1715
8772
1584
5
271
6622
34
18
1403
1
10
31
18
4
19089
7
1
233
40
19
5765
199
6528
4239
2686
580
166
10
1763
505
2
16
265
2059
13
44
214
1
2
2791
20
577
62
408
127
478
5
4
58
7
11
160
1
1
11
1722
12
123
573
16
401
51
933
37086
2
29444
18324
4
2
238
65040
1
16
7447
4
234
122
6
57
1
78
82
1
2
39
1
529
6
399
7
29
575
3
495
45
2
34
406
2964
1
347
15616
7974
10
2956
24
1983
16
21
142
40
42
292
5
3
1
2
15
126
9
2
5
37426
57254
7680
1
2
5
98
65
6
3
248
347
8
11245
144
50
2
4987
2
1
93
1
1
1
26
5
16507
6
4124
19
1
59
3
427
7
5
35
173
4
3
4334
314
4
660
2
16
14
6
2
138
5423
105
2
4
196738
2510
188
5547
844
25
6014
60525
2
13650
811
2
23
1
1
1
327
1
284
5440
21
12
99
1
1
232
22
11
5
123
1
1
2
1
35173
1
23
35
14
325
8
37
329
29195
3
1
2748
23535
26994
1
39692
1578
14
9258
3273
88
63
26
20738
12
1
1
19
49
3939
9270
1
2654
3
239
2224
6
45526
2
166
28
176
19
54965
18635
28
20
188
150
4
4
2389
61
41
9
914
23
92
3167
13
100
39
6
58
8
26087
4
38
294
2
26
6
45
6
497
22003
28
1
1017
2
7348
172
2
4711
121
4
44
3
20
212
33
148
6
1
1194
1
1
26497
18
121
1
241
3163
16
5
339
3
31832
14
14592
654
283
136
699
896
5
7
1
12
2386
459
337
1
4159
4
2
184
1
1
159
94
53544
21
4
49751
6
15
3
1
11
1
7
490
22
15
2
3
82
5868
1
1
12
1679
43183
2
47
101371
24696
11
1884
10866
13
52
49
65
1915
25248
9
3
1
2
66
5
15075
11
111
1
1468
224
8701
1
24
11716
3
22
55326
12
259
9896
196
86
2037
99
66
135129
31
307
2
893
498
6
1597
127
1
1
1
51
223
8906
46
18098
215
9282
471
46
6
636
71
15509
129
1
8
9282
5
38
16
20
3
341
68
2
85924
37
1
18
1
1
8
11
3138
178
8
1
1007
42
83
10940
15862
1
2
5
447
62
56
4
722
13379
13
57
816
3
1
22394
134
157
1
72
140
10
73
1113
301
1
14416
2135
3097
3315
15
16
444
1
2
2242
3837
1688
4468
5
2
1
16
41
68
341
3
361
2499
87
1
2704
1356
440
1
174
813
1
526
72299
24
1
112
4069
102
941
107
126
2
3
249
3661
6
160
22
1234
1
39
541
9352
572
2
3
4
993
10
951
13
2275
1
1
331
1
56
1
4
6132
139
18512
19
37
1022
64
258
1
84
1089
2537
381
29947
528
16
3176
393
8
2
28453
32
38463
17
104
2
5
2
11183
208
2409
3
11
3
245
1940
2109
2519
1547
8
3
43
75
1
1
23
130
36
2
93139
5065
19847
487
16
42
2
1
70645
17
3
12
1
981
1
240
1
65
4537
4460
45502
1258
4431
9
53
3722
263
806
3324
1
6750
55574
356
2
4
1
186
10
65253
20
616
6
4606
33715
13
1
3
1
3
69
4273
46390
604
230
1
4
212
520
2527
14
2
172
75
26608
8751
505
14437
6
4
3
281
20
5
3
107
710
710
1
524
18
1401
11
26
47
2602
1
15
4
10591
9255
1
1
2519
1600
100
6
104
30
69
2
366
14
158
16
5
75
11
26
3
19
298
2
18
45
14
3803
4
2819
8
132
13
1
18
3
15977
75
1647
12
9699
2
1510
301
506
7
63808
62750
1728
252
900
26871
21
3
55
3
23
1
4
14786
384
1553
3
26
1
21567
38
1
10
57
1971
5
967
3
21019
6
2
3409
164
3
5676
11
820
10
193
5
2869
72
503
364
13
72
59
22150
1820
307
110
20
8731
5328
8151
18
15
11
958
1283
1
144
859
2205
11
2
19
412
11
13
304
3
1
16
62
2
12723
15
28
104
64
99
31
70
1
2
4
27
4
5
400
1
4
46
12
2720
3
4
1713
13
13212
47
568
5890
6
1
7
100
2
519
15
4
10
112
118
1
290756
106
9
61
1
2
15
2
139
5064
4
1
5
152
54
1127
2214
556
3
13261
14
1
15
1
4624
26
227864
52
4
3
1331
2
1
2036
1
1
4
108233
133
1
484
14
2
3758
149
5
4
215
2
2
54
216
5
36
2
22
3
3049
3
241
12910
37
1
4344
100
2
4
1910
701
23902
802
400
1
158
374
1
45
2
4745
54
59
5
4423
22626
14221
840
8
2
2
1
8
27112
700
16
2
174
2
197
5105
5
69
10054
234
66
1015
20392
1
41
323
1
4
51
1
1
3
1
7
132
13
1
2
67
16
947
5
7
1
9
9
3907
228
1
11
32
13
18
10651
550
83476
292
2
29636
2
7527
315
30
1
801
728
14721
1
28791
342
46
205
38
2
2
791
257
3
2
193
5
114
1
1
1
392
1
4
3
957
1
53
17899
535
45
1
4505
39
4
2
17
2251
5
17
7676
39
234
7064
36
1219
98
6
72486
55
3521
56
454
9
16743
54
6
2382
4
2
61
2555
1924
3
573
1
125
5309
13
2493
30535
5
17
9049
2
458
3
3775
70
16965
167
27584
19
4807
8
1
5
1
9
170
3
83249
64
5
956
206
128
810
25877
4906
1835
2
6050
35
3
159
417
3649
2
1147
6612
1
1762
5
2
656
20660
16
3
13929
3
1
7
2778
1
130
36
2
528
16
228
2
1
802
123792
2
14
29
688
2608
6888
7634
107
34
470
11
14
23
41
14
7
168
5
170
98
594
23
4003
327
33
5
921
7727
3
6677
22
4
2575
11
4594
9218
11349
4
1
11
194
1248
614
1579
1
18509
1
55
1405
23360
48
4
22
4344
1
50
1
10
31
25922
20834
16
1443
1807
3
1
1
1
1090
56
8896
1743
1
13
2
1
17
71
71
49
50
174
6027
1
1
152169
1
4
80
4
1
205
2
3
1
4
6
156
3
2503
1
6034
1980
511
57
158
7
3
16
98
2
27
794
1
271
56002
81683
12
1211
4
2720
7197
5
2234
5
114
170
2783
94
9
3659
52
31354
537
80
15
3108
346
10
5
84
26
1
3
2
5010
34
1
5
25515
6
202
321
17818
45
1
1
16164
25048
4182
71
1
8
16
4
17
59
1
4
9023
3
1777
4
1849
2367
124
2
2400
4
2617
19
1
26
20
248
76
2
2
2
12
3
14
6514
301
64925
37363
4245
3808
1
10
3
9
11773
48
8485
22
914
1076
13
186
130
8
2
2
13536
1514
3
160
3
7
354
1
13
247
168
661
18165
4584
2
267
46847
29
197
3648
37386
143
8
96
8
26
746
21108
1250
1671
23
63
23
14341
87
40
298
547
27
566
204
13
1683
208
99732
1
4
1
1
32
2
12
6
176
1
9968
14531
13926
302
2643
3
38
121
4
3
1555
1162
412
21
7
2117
155
263
638
61
41175
32
2
271
182
17997
28
38
1
374
51
1801
1
38239
1718
3
15580
5
303
3
1
190
101
36
945
26
30
1
1323
26
50918
1
1
2
2
4
141
1
108
3070
62
1
1584
2934
10
518
8
9
55
45597
278
488
1
66
234
1003
3
16
837
1229
25
13
1919
132
44483
44
1878
4
45
1594
376
1
12
1403
184
93
85
5
9976
1
7
1
254
1
5
4404
75
1
7362
1
3
74
5062
6
229
2
12862
4
1
1
15131
6
1
1
2
15
42
3
1
720
1
13
46
25
26
1
161
20
6
3
2
141
15
47
40669
44517
228
398
19943
5523
89
656
184
62753
45926
3081
8
3
235
498
5516
57
22
19
184
49
1
4
249
5398
52862
13
217
1307
35580
10
240
11
3
15
2
4240
54
2
2
228
756
1
2
9287
1514
99
120
62
1858
26
26
42
2046
33551
1
2
1
10877
13
1584
27
931
355
336
1
2489
71
19
634
1
14
4607
8647
1
36
2
379
16
1
1
657
93
14
115
181
520
2063
56
4
2807
5
46
2
23
20
9
2
232
61
4
2
1
65
3
229
64
438
54
3181
21
25470
18
118
12612
67569
3
2
3899
15
38
6
1112
19823
3
153
103
135
1
4772
1
26
1
3
142
8
8194
74
245
94
269
2178
31
17
4
10157
16
1
166
133
1
29150
12
6
18122
205
126
7
312
49
2723
4
819
3548
213
3
37
942
53
10
6404
3
163
432
1
11
1
3358
17
13
377
197
2
3
12536
8013
1
11950
10
4120
135598
18444
965
9
36235
5
1
177
13
1403
2216
303
9
193
10
1
2
4
8
8
148
263
2
19772
10
3
120
6
9671
16
7
196
1
180
1
22
25
85
29
78
410
2
48
51
3415
124
9067
493
71
3
2
10155
25
23
2
18
1
19
1
1
4
376
2
381
107
6
3
13204
1278
1
10
8811
2
2
328
1
1
10185
30
1
1149
1
7690
4257
217
33
9
2829
1
801
4
176
49
6190
26
125
7696
22694
8
1550
43933
80
19677
7
490
11
1
4452
1094
1
34
1
19
12
18
907
96
2
28
86081
4
2
279
34
1167
21782
5904
1668
4865
136
42
634
190
137
2
1
220
163
107
11760
11085
1
12
131
77
7
66
64
5
41
12092
3276
22291
320
528
16744
1578
86
1
15
5
38
5
5
3094
2
7
43
105
280
8
1009
11
1
12
133
58
1
87
1
3
1
27
157
216
1
7
276
12922
7
59
4
15783
116
11121
31074
14275
92683
304
4115
2728
1
8435
16
37
42
1517
60905
68
1
10
3508
332
1
1
117414
1
56
2
85
2936
49908
42
853
27
99
68
3
1
1281
2
3
784
1120
10
16
157
7179
8
22
13437
355
67
2
2
12427
10
75
3052
14006
5
7
8
249
15921
33503
669
4
675
26
4
15325
2024
5110
3
5
1353
6
1
9
5
6
2
37
11
27
2
1
1281
20222
7
101
52
147053
1596
58
1002
1
466
13
35
2
30187
7
834
6549
2
1
1828
2
9
8
1
1877
11
3
2
117
831
436
329
5303
1
826
1
6
23
2836
5
8743
695
137
22
2
1
18
9
1
8968
130140
131
6
23
1
18303
96
484
2513
6
6
108
2
5
8
1
31
3
1
39
48
7
1
9
10
24
1
6516
7
714
2
3
1860
5
1
1
188
11
7
4
34
1096
15
3
3
67
4837
306
933
93
4468
45
53
15
222
1
1
5
1
1
113
35
4007
350
536
5153
7
13
1
39
124
40
17
37017
59
1
8
5217
90
201
3
27791
446
2670
1369
14
21
8
3
2681
94
28
19
2
3
1690
1426
34
198
1951
23
9
1
351
1745
44348
4
7
1
4
5
2046
785
452
1
6676
19
8
25
21
15
1333
2356
830
5
10
8928
396
358
59111
1
58471
12
28
33954
2739
17123
505
535
886
126
15
31
245
1
2
270
1
407
1
5
2
104
1
16614
45
2
2925
797
598
1
782
307
67
4
53
14830
152249
52
1
15
3
3727
32
6
4153
7192
1
884
9
16
5
54
1285
12
19
13922
7
20
1
12539
11
17
939
2
16240
69
3770
70
33
1
2961
51
2
7
73
2
760
273
2
725
114
1042
4
161
40
9
32
2
8807
11
11883
482
8
12
3
92
38
414
12262
56
5
11
285
3415
26
19244
2
822
52
3
3657
3
2
1873
292
369
23
1
1
18392
476
8
765
12547
348
107
142
47
4
2
101
13203
8
50
1
9
219
917
25
349
331
8997
4289
6
4
4
27
3897
16801
1614
2
22
89198
1
2
349
33
23
621
6
3
1
21
11
37284
158
13
1
11
4
589
1
22
78592
6
2099
66222
6
527
2
23
127
18
190
706
836
7
36
54
51
17
1252
127
16
7222
208
32
1796
13037
1259
1
113
8
8
5294
7798
10
2285
8
42
123
12875
99
280
17082
4793
7
44
15
5
40
3
2209
6
358
2
730
38
4501
123
12
22140
62
98
62
1
104
18232
40334
1
1766
1
3
47335
40
2
8602
9
11076
58
26783
18
226
221
177
21868
4
2
1399
2
14953
1
26322
1
355
86
11
3
25546
136
55
45
3072
1
89
30
65
2
8
1
1
1
2
670
1210
3583
16074
28
16
801
7
1
1
3121
1093
1
12834
3
7
1
569
17
8346
2197
6534
17
1
53
31
4
54
25
1
27
2726
188
183341
3
29
1
45140
805
1
18
3
1121
26937
107
318
532
2214
500
58
355
106
25323
39
84
3900
7
2978
61089
9864
12
2
2
3500
44675
121
16
42
3
194
5
255
8
4
3
9
12
8381
111
818
1
46
7
3
1
14
42
58810
55
108547
49
2
6246
13
16251
83
1022
1764
1
3742
185
1
4
4
1
4530
12351
937
390
2
1
8
37
160
2
6
18
5
1051
16102
42
26
19
3
1
8
361
11599
1
6
52
140
14
7
16
70
883
47769
1
1127
8
743
1
7942
1
267
1
13
254
29
2199
16
38
1469
4
5
25
5
19575
150
80
158
12
70
61
1193
50
15
20307
6
3
20
1
2
85
5
1904
4
23431
3
718
27
12672
178749
1
3
13
43
156
4618
82
1
2249
6
1963
79
2
31
179
13
78
135675
1
7
2649
29
7831
950
5
2
31
3
124
3
9050
14
813
81987
3
1
9
297
153
8
1
2
3
9
4
13
7
12113
3
3
21416
37959
1
32
103
3
85
2858
32
1868
5
2
1441
5
12859
7
150
50207
1407
32
2
7
3
3
322
2189
2
187
3
3510
9
12
955
1
14426
11116
203
1
138
1
18
1
4610
14
1
547
43
9
4
1
1152
1
3
2
1
11
27
1
53
938
1029
4525
6411
17
124
4
18307
46
16
45
1
964
1
3
74
97
1
1
19
5931
24
17
26
128
1
15234
5
11
2
89
94
9
200
63
8028
3464
429
2
14
1
66
239
154
1
1772
61
17
1839
34
68
9285
1
1
342
3
43685
54
21344
4
34
1002
2347
1
2
92
1
4
2421
9
2
1112
1282
46
20
50
14
89232
149
1
1
3
279
30
12
1
8220
559
13
2
45
20
154
5370
64
12
878
7162
404
4375
1987
168
4
4
6
9
1
945
1560
199
1
125
314
4414
2
1
6
6
92519
1
418
308
297
14
15
4833
22
1067
477
95
81
29
140
5911
1335
139
10493
1
12
1277
25636
74
17
10
2
3948
1005
29
1
26952
24222
1
11
844
1
1
9
1
79
5118
31
32
124
8
2
32
1
1
2269
1
531
2
46935
212
612
335
27572
1632
11993
33
388
62
139859
7
11
657
1
13263
24
9
22
1
2
622
4862
39
27
2
27
149
304
1
44
1
17
1972
30
56
2
36
16895
1
6
5
10
3
41171
693
7
170
3
52
185
1133
1
822
17524
3
25
5
32036
18740
7143
11
9384
199
131
56
211
32
23500
1
84
1
42
1409
3131
9408
2
4
1
2638
23930
81065
7087
1
420
40485
1
2
2
1848
4581
2
1
67
27
100323
40
1041
1
52
1
62
14420
810
1
10630
1
70
62
622
1960
137
7
1
8331
3
4
1
30
513
15
1
346
22020
35
2
2
4304
4935
24
2
21
1
104
16
2406
37
22042
3
24
10
11992
192
1
6
40
310
33437
16
22
2937
89
5
96
98321
20956
2
9580
7709
132
59
10306
4667
64
58
23
73279
27085
3815
2
11
10
2052
18
596
4
108
20
1
3494
3
1
2
77
18
13
519
54
3
1354
14
99
12
518
11
67
267
2
4
1
10
8
3
2
2490
36
1
3044
3
108
18847
299
2
305
6193
91
1
1
3
5720
9
632
1
15100
3
15
265
44
22
4048
3
24
1
1320
43
218
927
69941
1
56
633
345
14933
23
2
7116
207
3
131
1
70
30
76181
69
37228
1
43
386
218
2982
2889
133
1172
95
2
16886
8
300
1412
1
1
56
2163
1
290
319
27
1
37034
1293
3624
3
2048
235
379
47
303
107
1
261
37
48
407
316
1
1
1
3383
90
73
5
157
86
440
10
1
1
3494
1
3
2
123
10
3
205
26240
1299
7
92
35623
4114
24101
35
220
19070
81
486
1
6
2975
3
1
4043
158
1
6
1
12
1
8
10
2
1
17456
1
6
3
7
173192
1
7
2
7
12158
1
9561
7371
3
9
29
3788
118
1
1452
1
79
116
2787
23
38821
2
66
216
4
3
8722
26
6
20
54
30
7818
1
78
218
6
85
8571
3477
535
2
557
4020
5
1412
73757
2
9
6663
19839
3
1740
1
6808
1
2634
1
2
11
1
51
392
19
1
285
153
16975
8
403
39
2351
110
7629
2
166
2
7
7
21
20008
2
4
5
636
253
364
43785
919
1012
16153
218
60
15
3
1759
2
127
158
3885
5
22
15
16
8856
473
1
1
278
1131
3
1
339
12
1
7
4
1169
1
9
760
29
7
96
390
3
851
1
1
12526
1
10
1955
31082
272
1
308
102
1
12
3
74
25
111
12
9
59
1
130
1
2
36
22437
1
1
5
1
289
1
10143
7577
48
6932
977
1
5
394
60
1
413
2
1
7340
402
185
4629
141
2959
2807
21
3
94
697
2
8
10
1
30623
2
1
223
15
79
3
31
3821
101
2
75
6
6240
8
16
18214
133
14
1
7467
1
25198
340
1
6
2
195
4943
7
5779
6230
180
2
5
12396
1
331
748
20929
5
315
7569
351
368
3
9
1909
114
529
1
23
101721
27668
28
730
443
5
73
122
6
12463
8
4
9119
7523
2
4
706
57
64
1
25
6
1
318
1
7
4
4171
1
1085
1
1
5
17192
1
9
2585
122
1
14967
3
14
14
1
64
1
1
1
84
46
999
2790
37
14
13
80
226
807
789
1
1
2949
4969
5
58
3
1133
125
1
3
143
1
358
30364
15
359
4
639
6113
3
1
24839
191
9066
86
205
1
13996
4
554
8
1644
36
3
119
3
8210
2029
5335
2
42155
179
25086
554
1
42906
1
62
10
23
12861
1379
5
1
1
1
568
1431
1
1
890
1
331
31
5408
763
5
597
10
43
11565
87
4
2
4
2
1191
1
4981
3
22
35
4700
194
82
2
8529
2149
70
2
179
8
8846
1
2533
2
1039
26679
44
270
3
867
36737
5123
4
8569
8036
8372
11
11381
6
178
3630
49
37
9
11
627
46
7
1295
27000
4
13
7
2
1
6823
6
3313
8
70
19
2157
9325
3845
16
389
4
30
728
344
9
596
2756
200
91
4
29034
1
1
1
1405
30
1
4
32
90
21851
23
24
17384
148206
6
582
2067
907
1
4
15
69
1
7
22
33
17
144
230
3534
4093
147
1
343
11
90
2
4
1
38
26
2
5277
18
213
9
1
11132
5
52719
9366
9920
4
635
20
5
685
39
809
77
13
85769
13
11
27785
1
3
154
523
1
1564
876
1
65
7
2
22
717
1
30
2
2
74592
2667
2
1
1269
13
3
584
2436
127
1
151
11
35098
169
1
17
2
179
13
12179
17433
253
40
37342
237
260
19
914
1481
1
248
7436
420
102800
1015
1
15
2818
7648
5
11591
2039
1
10
99
2
2
6353
3
676
127
3354
10
8
16
43
25721
3
45
1
2
98
6
43
559
82
3
5
1
814
331
2
25
2545
3
21
15
50452
135
6
17226
136
1526
1
2999
10600
167
4388
6
84
1
260
13710
38
1013
463
54
5282
2
167
1817
15026
33490
1
1393
12
282
8117
809
983
26
35
21928
2
12
13155
87
57
1
15
314
86797
27
366
9
1
25
78
18659
184
5
74277
396
5
8953
1
2969
33
2
145
42
8861
146
6211
9
6
59
1
2
1097
2
2
7169
13
3
6
2043
1
12
152
1
8
6
17
449
1134
60436
5
2514
1
1204
1
3
1
2
1
12
35314
6807
4048
11117
2
30
380
6291
75
14
9
35
14
118
444
323
1
5536
1
163
1
1
7
1266
4
2
899
105
27038
25
60084
1305
2
1
16
15
5946
231
2
134
5
3329
1892
1
5
52572
4
2
973
2834
10
141
33711
31
33
2
4
10
1
23
3
61071
2997
23
1714
21721
6
27
10
291
1232
1
6544
1250
634
19
113
163
17
25
2534
4
1
5
21
6344
1
20284
14
26648
2
418
8
289
460
2
40
15
739
1300
105
11006
53
19
21
11976
6957
297
28095
11
611
29
119
2
164
124
3
32
21
185
1
2347
90
1
3
2
1
24122
21
1
36
8675
858
11391
22
63
1209
1
1940
31
385
24
3
5
5
4594
214
3
2
211
284
232
6
1
145
1
72686
2
2541
376
1341
638
5
15658
261
3819
592
378
1
71
256
10
8
103
45
10224
38
41
701
93
19628
5
1592
1
2
1021
1
1
834
2
27
494
10
2901
3
2
9
215
20
1
1
394
2
3
172
46838
1
10
721
3
220
9
14
835
14893
908
2
1
247
53
3523
4519
20549
5602
815
167
45
4793
1
14
1
1975
272
599
3
1585
59
4
5757
3
7
1764
5
9244
5
2
254
23
16
1
3
23
886
1
2
2
2
2
32
1
10
980
1
44367
30566
535
57
2541
5067
14116
3408
143
1
17037
59
3471
296
37
10
19
837
22
1
36825
3390
9
13487
8
158716
52
24
547
100
3
79
3250
159
2
4
11251
2
67
2955
1
8
8
5
17393
2235
2033
2
26
430
18231
573
7284
16
18364
13
45
34183
7
4257
936
50
5
1
2
3832
11375
8
5
1
2
191
13
493
2
1
1265
1
6
132
8
6
44631
1
6
3
11
22602
1
2126
1297
16
238
1
3652
19
1
3
80
667
14
5
1
1223
1
20
1
4
59846
119
28
10843
2
2090
544
2
14
1206
4477
1399
19184
2
3815
80
14
2
355
1
2734
1
2
2
1037
6
23
42
33
2
2276
4722
23
2
1289
11135
337
14
3
19887
343
7316
2
195
170
36
32
2647
2225
18
2168
26788
20
834
1
109
15840
2
210
46
607
24
36215
1
12
103
641
317
178
1
16
23
82
96
60
9
1
339
13
332
1
10157
1
2
8
1
9
151
2
3
2
102
10881
2
436
4
3
36
4823
18849
3709
14926
312
185942
20
5387
90
16
17
16
4
26
4701
2
309
70
2381
59
1
8
6
1
5
68
1
7
39
747
1
33
134
101
2
94
26
21
8837
12
12638
524
1
8450
17
220
3
12424
3
1936
1614
2
1
1
1890
78
5308
5327
19
3
4
76
2
68
475
11
99
2766
1
1
14
1
1
3
1
7
3747
3
51
5
1
2149
16002
2
420
52043
365
108
2
14
2
321
2890
123761
1
1831
2
5
2
6594
221
1
1761
382
124
9967
7
17
3
1
3527
167
294
11
36
89
191
44301
7537
5
10862
473
3
1
2
7568
18391
1
36
1698
28
4159
1992
12782
1
9
29
32
2
181
51389
42
49
7
53
12082
81570
12
31
850
629
15626
7777
36
1
22
3
1
45057
44
2
2836
62
3839
172
3
4
37427
11835
1
2
121
4
365
1
5
3
96
16407
6
3
1
219
1886
53
4488
3
5905
719
4
28381
669
2
1
1
3
70
26
998
171
3
1
1648
16
17538
62
54
172
2
2
3
2882
65317
6
9
2435
72668
4
249
41
1
7
73
95
12
26
698
4
3
5
1
5361
491
36142
962
5
57057
1
4
65
7
4042
1774
1
149970
38
93
15470
751
340
3
4
29
70
10
1915
3
4
2
6614
11
8783
18
2554
125
8
10
1
28246
27
162
10
2572
24444
1
65
5
709
2034
3
68
2
20
1
6
27
45
188832
52
24
335
43
8
21
413
87
8
26
373
8562
743
11
226
19
4
150
4689
6
2
471
48
298
5
3103
1599
3
1
686
1179
920
2397
71
7
90
22044
74
2
124
1
4
4
33
21890
395
6
322
326
70
28
18759
33304
14
5454
5
7
2
3649
1267
6621
1165
140
4
80
208
87
1717
259
3
1
2
155
10
133
3729
1
119933
10
7
1
213
790
12
17
339
119
621
1
376
6001
45
6
2
36
6
1
24419
1
7804
38
2
79
23325
1
2648
112
2770
3
3
1
3743
45
72572
1
2
103
5
825
3038
20
10
3
29
126
32
1
1
134
38566
3
2
5
7493
6
399
21005
170
1078
1
710
4
8
22964
8
141
2
6738
26
1446
16620
384
132
1
15276
1
33451
4886
34
201212
2
24
2
114
2912
1384
240
1607
1405
2027
724
10101
1
127
9
1
38
3916
428
4
4
4
7
38
11627
3
8
2932
358
1
36
1824
28
4
64
1
9
242
74
137
8160
8
13
5
10
2
16194
29
7
1
298
6
2700
1843
1107
19244
2
1
12
30
31
601
5434
2
17
139
2
1267
11452
2
2
22
179
553
108
16
1766
17
1
2156
5
2
3
33
1667
5
2448
3
66
8
5
120
1
20472
864
3
391
630
4
8
4047
118
1
36
896
211
8
133
761
104
2580
5
39
270
92
107
10618
200
1
3
642
13
302
1295
8
18971
2185
47
2
1024
4
213
6
2608
259
6724
302
18
15
2
2
31
5035
15
4
11
5
1268
1
11
517
513
99633
196
1
54891
271
2
4
13
6508
19
24
9
7
16
9109
16
87
3
721
421
1157
16
2
2
35
3
568
1728
298
4638
19805
2
610
76
1
1
575
37854
73
690
14084
2
7349
3
27
99
1693
1
7962
2
9
31
310
1
42
2
138
4
412
3
550
1
2
3
58
2
117
1
613
12
77
135
10755
298
881
864
43
6322
16
46
1
2
125
82
512243
1
1
276
659
32
1122
3
6
99
13
79
304
2
1
1104
74550
83
2281
4
36005
575
439
92
10660
1812
1
9
1
300
143
15
1
3459
36
341
1
1
1
22
733
34
1619
21
8
3386
10
129
5
4
4535
45
17
790
21
77
220
1
25
329
5384
224
737
1
3
6816
1
43348
2
1130
18624
1780
3855
8209
2
24
1
12
1
12313
5654
633
340
61
705
32642
85
4
7
21
40
25
11
414
3
84
177
3
847
3
192
23882
11
24249
1
1
14496
115
4
2
65
16
280
1
26
1
741
378
1635
5047
39
23
1
48
205
208
1807
22
2431
8
477
13138
4604
189810
28
15
2
1866
48
24
203
31
235
143
40
3
1772
32
9
6
18
1
3
2797
72
1
38717
2
64
408
23
1
6
5
1
39
2
2
1
199
53
1
5
6
10
88
294
1
1
13
2
8934
2895
1266
597
1
35
11
2
4
2069
16405
19
3
6651
1
28
1
8
2
123
411
6
3
582
25
15
1531
14
351
1253
658
505
6
2261
8157
6
205
2
7
45
1
7567
3
19712
2258
4552
7
6
68
1
1
857
12106
4
301
30832
1
43
2
4
112
1965
107
32091
4
47
42
1
232
1449
1664
3171
72
2267
4
53
145
114
1
2
4
95
158
12
271
1
122178
278
18325
707
1282
1664
10
17
29370
1
250
6483
28
2222
8920
27898
11
536
242
49449
7
38
2671
20024
60
9820
315
46422
1
18082
1718
10
4239
3
742
3499
7
2883
1
4
4
9
1
145
64
1
1590
66
7
8
523
45
199
1
131
594
3
101
3
7
7
9056
201
641
13
158
5
380
563
8
1545
313
6
619
3
6258
1844
3
144
6
2
6419
4
382
3
1
975
35
14
1200
107
3829
1
109
95
241
1
126
10
2
1234
40374
696
7856
2
1467
1
310
243
1680
4
163
6
1
4699
9550
8
4743
252
743
1
20
8
1
32
8
3
68
20537
1
5
222
15192
2
1
4
3309
11389
9595
5
287
2642
52589
41
1
3
3
8
300
165
15641
4
2
13
23
410
3645
460
1
15
2
16130
11
1
12
21
247
792
142
1
126
16
1
2
1
84
10
7
535
34
2
2
21
14675
24
31
29919
1
1
15
25
156
1
2
2
1
6
176
52
2
56
54
2313
172
67
508
3101
6
1
31
9
16
74
7443
1
63
118
50
1
4411
475
28
17
3
6
1
5
30
15707
2
1
24
44
1
1
2
32571
18630
10
3
21
82561
51
20
7
1
17
18
2
4670
9477
342
19396
24
774
13
7
10437
513
25464
64
9680
31094
36
182
26
2
17
1242
2038
50
77815
64
15
1
314
40
5
1
56
344
1
5002
38
635
2
42
6299
10
620
1
1
1
23
485
3548
4373
9526
1
6969
1
26
116
6
2866
12
4
2
26
715
13
3066
394
407
5639
1
1821
7359
2
13
155
3079
310
4
55
760
68
33199
75
6
24331
130
70976
2776
1
1
3
154
31
97
56
66
4
41
4
6036
965
19675
252
66
65
1260
843
4350
863
9485
50
207
5
2
92
145
11
13646
488
490
1
8167
2107
574
9
7716
865
5238
228
404
2
54
9
11
1255
4
6316
887
339002
34
59622
4
37
1783
1
4
6
725
2843
8
1
46
26
15951
276
17
652
7
293
1560
2
10
3
8
7
3
28
7
399
14
12830
5207
2
1
1
9
263
1
1
134
1
5
47
10
689
120
42
10385
62
18
654
21
8
24
5
983
2
1
84
2
44914
10
12164
309
350
4
1
17
6510
63
539
91
7036
40
1670
18
23
8
23
482
1374
1
1
2484
46
5
4
4
1
327
2867
1
7289
65031
101
51
2472
123
1040
1517
251
16521
1
958
2
13
80
197
3
14696
316
1
16645
583
659
10
2434
3
4
9
188
1
150
1
49
12158
29
1
5
134
2
23
807
1
1776
182
1759
3
181
193
62
5947
14901
148
45
10101
7
1041
281
5
40
15
1
30
27316
8
5
2175
4
7
138
2
20
1349
9502
84
1062
4
126
4
246
1
13
206
16662
3
5
4
1
3
1
3
1
2
1
4764
199
14
4
4766
1
2
14690
1431
12
4
1
1
97
4
20
1
18254
25
14
6
156
79
199
1
108
76
465
1
135
10
14
1
114
71
43
5
5486
1
1475
11806
1
20579
25019
35276
1
756
2
4326
247
49563
627
5874
1
4625
12
134
73
13
1
135
10351
1
2
25
5
7568
16
7205
1985
1
24
4
2
81
2307
59
2
731
95323
4206
2
90518
279
613
29
12
1
58
8
54
40820
221
2
44
110
1319
14
27
267
8
85
46
8
4
14902
6
4448
4
24
50
3
34
2
1
23
6154
28
290275
4
1406
1
3990
1
29
14
25
91642
2
6186
3
409
182
1
8
2
119
39987
1
4
14846
572
7
9
9635
2
2
12
43122
48186
3
131
312
3
69
186
532
30002
146
39
2
2
1
8
22
81
5
39898
22941
520
17821
3
102
2
2
2
6639
18
499
579
51
2
2
1
25029
8
921
1
36
3
1921
326
1269
1
28125
212
40
21
875
7515
227
25
1
46403
5475
3
13281
3
7
210
16
5529
34
10884
6
18901
18
45
105
70
17
64
1
14
6
933
2
1
358
3
5
9
1
64
14
26
2
45
32286
4
3
16295
767
15
1
54
255
246
63
291
2
416
2234
10700
4
4556
9357
66
4
1
23
171
9
1
1
33
1
815
10
215
761
17112
34
1
7251
11
1798
41814
1
405
1
46
5
10
31179
182
1
95
3408
114
1849
52958
46162
3502
378
67
68
112
164
19
18
1
197
43
5
40280
27
2707
11370
16258
69
483
249
360
1
1
455
8969
133
548
18183
53
38
106
1
2
11
470
661
38
12
726
35
41
29
71
26
5
869
10
30297
1
2
2128
31
552
50
53
36432
1
1
2
37
4
180
7074
4472
15
60
18
402
151
9
9
2
52
778
9
8
13
2
144
2
859
922
20400
1
9
21
7355
44
3330
454
7
15414
2
3787
1049
1539
431
3225
48126
1747
22
12
1
28446
10
4
1
1
2
2310
2
2
12
33
851
4
2
21
372
159
49828
6818
9
43
1
12349
756
95
5
1
243
3
7
5800
42
749
16
1
16365
60
5
33
156
5463
202
7
262
886
13816
7
2569
11522
2
91
11668
1143
172
9300
73150
1
4
1057
19
685
1
345
92
37
4
65
3461
26
7
2
57
70
796
84
349
28
474
3
2
5
27462
75
2
11
176
9477
31296
42
31730
697
4
25
30
6
31
113
3620
1
302
14501
55
38
195
2901
3
1
252
17
218
7
99
8
258
2680
6
766
2914
1
17
406
1025
22
29
1
8
20
30
1
59
1
362
561
10376
64
1
717
43
22360
2587
26512
1
2
11695
4436
12
2
227
7
10
2832
6431
64
2074
13
4
6647
4
366
58
1
3
6381
219
5
5217
69
3
9
48
20
66
1
40
2703
21
3728
3
2176
1
485
6691
12
3369
15
23
3330
25641
1
717
563
2793
1
13
3
1
631
561
9
8631
145
1
1
1
7
2
1
922
333
1080
12
12
1
1644
27
1
1365
2
114
263
4
3
70357
21
64
3
1
2
634
2
5
32491
2407
9
19
817
19
17
9
5071
60604
28
2
240
25
102
594
236
182
33257
70
5
85
7
2
3
54
5
33
1012
1
6
3
196
1
14
12850
2
1
2157
1
3
27
4343
59
2471
2
5
2
311434
4
10
496
20
4
67
43
2
366
336
18
7
2668
46
94
1
7791
7186
1728
919
20259
8
370
1
20
8975
15
69
1
41
49
11
342
7
5
11436
44
11382
908
1129
2
2
29
177
50
17
19
3
1274
6
6
2
7
4
47
2
5
29
2
3
1780
132
412
225
15910
14
6261
179
7
294
26
1163
577
629
3995
2
6
196
16809
9
1
56
1959
167
42
2371
10
4
7
49
281
31
39
2
1988
2
16321
1
5
3
2
73816
69
17
108
273
17850
30
357
6
2
6
1
2705
35
136
1264
15911
34633
13
4861
60
7
517
1
2110
2
359
1180
2
58
2191
18
23423
20
20454
28
265
2601
152
905
477
603
12
78
1
4
1
39712
18
44
472
20103
59
400
24140
1
1
813
1
76
678
290
2
1
4
1
3708
1
1683
19498
65
4
10
3
11
14073
173
20
834
469
2
10
3454
131
1
570
931
2120
15730
19
2
1
7
3
202
1
569
11721
68
7
1420
14
650
54
5947
246
90
1
25
195
523
12
116938
8
1485
14148
1308
23
292
1
297
427
1
2
4
2
2
2
237
260
9922
72
840
559
130
3
744
8388
2
788
2036
13
8
149
131
11
1
5448
42
8045
4506
1
62
10
1
48
2273
8
496
5227
30
4
2
1
8
1
1
331
24
170
76
4711
21060
1
569
6
2227
261
496
517
307
62
2922
11
36100
108041
3
2600
1
4545
54178
27973
22
9
18
34194
5
542
31
26
281
6
1210
4
13
4
329
10
1
5972
1
1
86
14
100
96
65
314
1
1
4
37
7
18837
1
19
45687
6
1
1017
2379
497
9
1
37
7
1
4476
4
73
20326
414
8
18011
202
2
91
75742
123
626
35
8146
7
11
2
27
579
104
10467
1360
7
1
963
165
133
4908
263
31
25
12
50
99
1779
2
4
736
9279
30
922
2394
3
2
31137
5
201
56
170463
8
1
30
7
1
5
8178
68
9
9166
28
1
56
766
7414
7
15
38
46
6
82226
2
254
527
1
58
19
3001
1
4
293
147
11954
2
24778
207
13
28177
14
4
66
15
6
17
1
2617
1
78
1072
393
3
1
24
1
24400
108
27
100
20
815
33
3476
574
1554
29
4
6
2633
1689
14
139
2
254
955
3
1
6650
2
114
32
120
49819
1989
32
25972
158
19
7
1
10
3125
128
3765
3510
3
164
37
621
2502
1
106
30
4
45037
918
25
2
10
3
3
16
4
11
7
175
606
54452
233
1298
310
1153
10
1
31
81138
326
2
23
5098
1
9
1
10
3
31842
1565
493
32
8
3661
5
34
3
27
29
161
1683
5873
19
843
38
1926
106541
14
3667
394
15
117
34
1
205
2
6540
10
783
4149
67
1
33
22
1
357
42
3118
2
1154
107
84
2
24
108
6
17380
24076
3
42
34904
43
922
30
862
3
3741
1
77
168
320
983
224
2547
1
318
8344
3
4
16
73
44
114
13
6
83855
1
1409
39
6348
501
14
1
239
9932
445
3558
1
1725
1
1166
233
4777
1909
23090
1
5
100
1397
470
2
1
841
519
2
1162
1
163414
2
384
4075
1601
15
21
10
11
16
184
807
387
191
1716
10904
100494
105
10
1
4
10
475
198
23355
8438
47324
1706
62
42
182
1102
20
2124
5845
1
8
118
77
133
18414
2
22140
139
2
17
72
1
47
2
48557
6
6
147
130
2512
2137
2
530
1330
143
187618
46
299
7
5
15
2714
164
291
1235
13
42
1
1844
17815
418
23
1
2050
4477
29
80
272
3
57
202
6
2
179
24
12
22
128
55
1
10
44
4588
10875
1867
4
1
17
71
2
87
23
7
440
1
21575
5
12
25
5052
1036
543
8123
6
30
14
6
28997
3
6
479
3171
1068
26
28
133758
6
2861
1
3
5
56
5932
43
6771
30625
963
9296
6
715
15
4834
269
21
179
2
720
3839
7
1
2
68
1
6
7342
41
2145
2
16
723
283
1391
4407
8960
2
2
1
2
12
10358
508
4160
19
1
2
80
86
5
40178
34500
49
1
4
1
56
59
2
1
91
23
8020
74
35952
6512
2023
12
1
18636
435
204
7
68359
636
523
2
6318
22
38
2
466
471
47
658
840
35235
20
21
126
265
181
4833
6
2
1
2
26
469
289
6
475
1716
8
165
67
6687
530
13796
19
706
2
1433
619
25
2
1
4
10
1
4
473
70
268
148
6
619
50
40
482
1865
6
21707
1
4382
12
4
2
9
20
66
31
2046
1
1
74
27
2039
484
56
1
147
15
16149
10714
6
55
1866
1664
876
359
1197
19
2466
10212
3494
2311
1033
1
8345
35
1
608
2
2845
44
33
20570
7
13552
8
417
4
4
10
37
3
2
26
1
1
2
7
395
188
9232
11807
456
547
32
611
18
638
62
1
397
547
1192
53
9588
31
22
47
53
2
5
1
664
17
77989
423
4
31590
33
1
2
31872
1
2
112
50
42
19729
1
1916
6
4765
1
63938
472
9
808
387
4142
1
104
1311
11
878
9301
22
1
278
1013
1
8
11023
3357
2333
8
11542
4
45
2
1
23700
3145
2685
23276
1732
707
18
82
474
8
902
74
2
146
29162
4
150
301
147
2
1
6590
1
1
1
4107
1
7
3
3
36
1
30
2391
138
3
43
662
3958
2
11655
240
27
22
168291
510
16
71
1
2
282
34184
7
2
21535
3249
2079
182
2638
15
2
2
13
113
20
112835
525
1
59253
389
11
20
2436
1
137
10
2
1
30
22
412
2239
88251
2
4
2
7
1
69
278
2102
13
25200
61
2
674
72
2
153
1
22256
1
15005
40
36904
51
440
1
1
2573
1
19895
108
49
12
13151
4
10
21
126
16
3113
8
3
44671
79
24
1
1311
14058
84
4043
25
7
2
18
9
20335
12054
10
47
1
7
6074
5
11
805
1
281
9107
842
360
2869
4991
1
5599
8
125
10
4
1
7
3
96
18823
4380
18
2
3
9505
4
23
24294
29
2
382
2
157
2
65
1
4
221
8572
418
151
53
3
131
4016
17
5450
2
141
1
467
24
27070
94
15
1
120
18001
6
160
19
2780
2
1222
57
161
1444
7
1
2
10
3568
2
12
15823
2
1357
13502
53
1423
13728
24850
6
157
33159
4400
6
14
10
43
8
220
12780
12011
4
5032
1
11
14
3
1
1370
1
229
174
8636
60
53
11
8
3
28
45632
4
597
14
543
343
223
4
129
13
40
3
2
9
1489
107
29
3758
14778
2
275
137
3
1
1
7
61
4
12
574
53284
13
11
189
12662
8
1294
2
43
16
4
2
3
38
166
4777
1
1097
2
60
87
2
18126
51
2
40
5372
3602
72
93
7
23863
1
3652
23927
3064
1594
8
306
150
33
7
1
2
1442
19
26
97
3
2
5042
8885
100
6
828
14
526
2
8828
2132
14
4517
127
8
332
18
22835
2
1604
1
2
31733
32304
20070
5
1
5
23
1066
19
38
27
74
2
6265
26
3991
1337
17
59
21
1
1701
12
104
1
5
3364
18
680
3
532
11
95
2122
6
48
325
52
330
464
46374
20
2183
10492
16283
9788
17151
6
4782
5
1670
105
5
6
151
2
124
3
2563
9
276
6927
2024
5
2
16
7
3183
2
1000
2
81
2
1011
2
330
61
13542
831
221
36
4
1097
22
93
27987
24
24
648
2
20705
1
3394
155
113
120
62
79
558
13
1
3
405
2
172657
70
1463
334
37
90
1
100
14
1
1
2
1
855
1062
33310
13
2
3831
58
174
1504
2
7
5
1
30
1
3
19
2
164
5
6
3
20
25
25
5231
2970
5
6892
2
822
669
286
12393
9
189
3
1
14
18
2
140
23
2
4
2
69
2
1
30
1
58
6
4
672
4
4
1701
53
305397
100
69
24
15626
47
100
70
26
4106
99
118
1035
60976
206
14626
1
15955
15
68
2
729
31
2
109
226
6563
6
25
251
843
1
1
26
1
4
56449
1
6
4728
258
8
323
101
3093
2012
12339
1
146135
367
2
2
2
47
28168
10
11
12
99
162
35
29
2
38645
445
4929
10
1
26
2
59
3026
783
92
5757
832
2
1
34
2
2
2
2
2
13
15
44
1
70
1
57
596
6
4
66
3957
5281
458
2
4442
1
753
18
11
2186
1
712
44
3645
4
1
10
2574
34
89
47
2
3437
24906
1
576
3079
2
110
3
6
248
13
5
37
495
1
32
4
95
1
13
1690
6
21
1
941
290
2
5
303
364
10
1
2357
3
16
1
7
188
4
1
156
8
265
42547
35
3729
1772
1015
3322
7
4
1
533
4
22414
1
3
1
53
14
4
13512
9
67
18
2
6960
5785
5
70
549
955
4493
99
371
235
272
2758
623
42
16
3
11937
1781
175
12
12
654
5
5473
7
1
14
15
56
141
355
2
11506
2250
8
140
7
6310
1
44060
6420
4
10
260
123
2390
9
25
298
7
2257
5
313
34
24603
7445
1261
1
42
2
5
47
6
211
2171
74116
20841
92
40052
41
19539
282
266
1090
12
532
42
7
97
47
13845
2
34427
12
1
47357
30
21
1284
86
5
1
1234
143
288
396
5
169
330
263
7150
37919
8705
41
33
144
73
1
13943
579
2
223
10
1742
92
42
668
1
6258
80
909
2
24314
1684
2351
877
40
18
255
501
50
541
8
7
1488
27
3066
1341
38
388
33
1
266
11
27
4416
46043
3
12009
1
11
118
157
1
5
1
328
6454
3589
3
117
1
993
7
6
483
2286
25
1
19133
35
11609
97
159
4141
6519
937
2742
17
12
3
8988
6
22
7
707
248
20
4
13
2
43297
439
1
8
4
43825
6
4
30698
3
1
1
523
51770
4
1649
1
1
202
3
769
12
28999
57
10
10
606
2594
2
50
4298
167
18432
87
18
20
1
23
20
1383
276
14
1
8
2
109
65553
8
3
11
29818
5
5
23772
442
1
1
1518
1
10
1
27
175
1
12631
76
6
2
5
3458
779
2
1
88908
81
3849
1
717
3
1
2
171
1
1
199
33
77
2
1
80
22
34910
4393
87
3
4
19
18
203
170
17339
195751
11
2042
83
4
2
288
153
7
26
1165
1
163031
7667
3811
9592
9558
12774
597
96
171
1
1302
5
15
1811
746
24
2
678
8
2
241
3
1
1
1185
68
9
1910
17
68
109
42479
10
256
524
252
6
1
150
1
33
50
1
53
31
1
1
10
3119
2573
136
4
1541
3372
21
212
43
132
112
150
3
1
629
1959
2
8907
1
94789
3802
147
3
1
315
1
18666
20
1613
1250
2
2474
1
10929
34
65
1
790
1716
90
2234
579
8
150834
887
7322
6607
301
445
1
1
151
606
1590
2
3
1
1464
26
2612
7
1
2
2040
4
14
180
8
76
3
45
30
375
815
30
16509
2423
115
66
8429
8
32945
505
3
8
1
28
10228
657
11308
340
22061
2599
39
721
132
53304
3
1
503
2
1
345
3968
22
31
10477
3
9
4
15
41
117
7
2
116
1562
1
31
105
247
3
320
30
6
1
26050
199
6779
25
112932
1
5
1
20
1663
203
189
1658
7
5
2
9923
290
9534
1
7
12454
3
10803
11951
153
6
5
4
12496
109
50
23197
17
13
17
1159
46
20
217
19
299
31
112890
135
13505
106
14
328
119
21
5
2397
5
2
38
1
1841
345
1708
5
843
46
9
4654
2
336
5
114
4
5
2
1
1138
1
185
72
2
17
6
104
260
1
3632
837
3337
35
19
11439
16
33
880
3
999
2
16502
19
3
14
3288
19
2
703
3
7255
2
36
2
86
14557
1380
8
570
8
20
4563
94
728
46073
2
140
55
597
34
356
1
2908
1
33334
3
19
483
3361
219
7
12
127
1
356
1
2
572
116
32
5938
28
1667
165
368
1
204
9
11112
183
1
1
2067
2
5997
2
28
64005
27213
343
8354
5901
6
19
31
13
29
228
66
4806
4
5
72
356
1
5
1
4845
1
2
21
2
2
2
157
291
39
18934
738
167
1
245
161
23
122
1
2176
30
1
1
2330
17
68
10420
894
2
963
110
300
1157
86
3
12019
1048
2
294
3446
19
1958
36
1
12
8043
7418
146
16786
21
289
3
16075
4
8879
1
19
4609
424
43
1
1
117
2
4647
1
33
29
1790
367
6081
5
1444
4408
13
2
16
187
1488
1741
1
598
3
845
80
382
143
4
3
1
111240
39
1
17
2
515
71
1
283
378
475
844
237
3
135
14
4
7
1
29
32
1
7052
684
1
136
45
78
2
31
17113
138
4
63
1
17
3
6036
370
1
62
2
25003
3
1
11971
2178
320
51305
300
5287
281
5786
6087
1
2
39
4
20202
3191
4334
10
22088
1
1871
1
6
21
4
8
2
2075
6
1
9
4
4
112
4
14131
8
1
2
7
4
62
4
228
2
12
1435
15381
48
1
28
3508
17
23168
12
1
5
9
81
7
231
1
1
4081
89
97
98
107
6792
1
1878
1
462
773
53
3105
115
178
8
7
50
3942
321
1
29198
2
2
9254
1
5
29
60715
54
36
506
289
2
5
3
187
12
72
2
1860
77
1
5
1
8
19
55
1672
1687
6499
10
6
172
6
9
46
11
82
17
54250
11
68
37
8
30186
33063
2068
29
95
336
206
2
770
2
17471
708
12245
1375
2
108030
356
514
4106
13386
19
11
321
11
48
12
115
18
1
35
17
86914
19681
1
626
118
2283
2162
461
39
65
554
5778
582
32
1
36
20
37499
17650
355
119
199
5
1
95400
14
34
111931
108
1
6
989
475
1
116
14
1
1690
10304
237
1012
4089
20
2822
18181
70
25898
45
23546
24838
41
6362
550
1
25
8
806
12
41496
2730
86
40
3285
1
11605
5
977
1
7
25
19
74
2
1
56
18
17
33295
4
3
45
124
609
9587
2
462
7
2
287
76
29
6715
1394
2751
1
19
78
3
1222
13624
13
11
37
1162
1787
24
837
6
156
571
2597
787
142
9
3153
5
51762
11200
74142
89
18305
15486
285
3429
3
465
1
885
1
397
10327
38
41
5
27
5151
258
57
1
108
5
8269
1
26913
1
1
2823
67
151
126
90
4010
420
6601
23
1
5
1
327
6
126360
2
91
2002
39
4
29470
2883
2
46
3
6
35294
165
4
206
5
13
13
1
411
3
15
4
5
223
8
11306
109
30
36660
24
348
2
44
58
9426
3
3
18
2
13712
4
4
666
6114
28
10219
12
2
49
23
7
5
23
2814
6
2
20
282
4
2
23
4
58
1
4
273
2047
7352
282
6
130
85
859
897
25423
1
102
8058
2
1
6843
8523
115
173
137
14
1483
96
14897
40
277
3194
51
535
13
763
18852
15229
1
12
137
1433
21
1
5
8619
16567
1
15
4
95
147
571
1
39
2609
1
23
10729
2
60
5551
2
905
5
11448
297
9449
2
5145
1
32346
72380
31932
357
107
1791
1
13945
180
1
41
67
31
3
26529
29
5191
8145
5592
30
1
5
3519
2
170
34
22
2
5
4
15
29
5
698
121
1985
855
2
4
130
7
9
3347
62
2
727
8
9948
230
13
843
214
12
157
121
270
1
1
3922
444
68
16
1113
5
14
11198
1
144
10460
3
74
124
121
6
16
7
16
1000
2
77296
20
69
1
4528
11
805
1
414
1
813
4
22
12
1
54943
22
1
6023
2
3
6
75
2
39
8
6848
1205
2
4
56
3160
10
150
1002
86993
21081
6
157
17538
12273
25
546
4
7
3
3
5
4
1
23
17
21
27762
1
1
1
14
3928
1
156
1
1
5
2391
7
1
101
793
10
6663
5
31
50
33
839
9
4759
2
2
10980
7
2
84
3
1
266
1
3
43291
1
9
13
4533
3
205
1582
4
1
6
218
1006
58
13
2
3557
4
4
13
26
6
82
2
19
4
152391
4413
28
50
1
426
28560
222
110293
7460
82
30
59924
2423
4
2362
8
3
5434
2328
5
3
1
2
9
3
162
138
358
2
20
6
5
3217
22
110
8
127
189
20
11
8
45
1
2
5051
3
4
733
6
2260
4
16551
130
55
1
4
588
1
8
1
6372
97
59000
14149
913
1216
10
7
1126
12912
37
613
1398
1
13
1
8
4
2
70
218
326
6
56
4176
1225
1
2
108359
24
33165
1
27
1316
1117
43829
189
338
24
4725
450
23
3599
77
203
70
1
2
10
35
98180
1
145536
7
361
23293
73
106
3831
2886
464
656
33
277
1
238
5
473
777
22
73
112
2
820
9
273
8759
30
2
11216
6
78
1
29
742
61
19
32
1849
20857
56
1
283
19
9244
12
73
21779
40
68
2728
108
467
112
10
1
1376
1
2
7
31
11
78
12455
744
1
283
12
10
3
875
1
8417
16496
20
52220
21038
2095
1287
34
12594
4
1287
29
90
38
1745
54
73
2649
153
3
65
6
3042
2856
172
86
1789
4
7
3
11709
9384
29
4
4
19798
4
6030
21
108283
1
408
323
18653
7
3245
233
7
27
1
2
1899
38061
953
936
5
771
176
12
735
1
45
847
94
51
953
2276
1271
380
11
11
2533
21
8697
9
4
16
255
45
20
32
6
126
2415
87291
1
3
19
5
84
1
11
83
17
39
3637
15033
361
511
77
12489
14
64666
21
59
1808
1635
371
21
5141
468
1
5
2
5563
68
1
25
234
1
90181
81
17
583
1022
5466
7469
2
2
65
96
37
4412
11
225
122
1
4334
33
9
25
1
1
543
731
3
9
13
2340
1
3
33
5
1571
12
3449
12252
2531
1166
3
2511
3
333
285
305
44
139646
11128
124
3
2
27647
1
1
17
785
11
22
15439
3
9
26788
3
1
1184
13504
521
936
809
22
184
55
9
2
1
4
1019
44
31
70
246
3
19
15
1
1
29
4
234
221
6568
2
3
43
2
45
3
68
8
1
176
1444
2741
7
13814
1
283
13305
8
221
8046
97
4565
19
10
4
112
5808
45
2204
41
1892
141
124
10
1671
1
25
17
2
95474
68
99
147
1704
223
56
1
1
32
3346
1557
15
10323
165
12
4193
26
2923
1
42
551
3323
1009
41
1
642
17
57
1
16
2
1
427
1
508
1
2
6276
85418
5
29
3
44
4
426
566
17955
10715
5328
52
893
5
14
1831
244
131
3
19
60
127
4
16454
4478
1200
7044
44
8183
1
48
60
2
53142
77
259
18
11
2156
74
2
13110
1
3170
19
109
12662
2473
19
72581
1
16451
14464
144
5
21
285
1
126
1004
307
46059
16470
35
53
1
168
47239
96
3898
1
2
2
22
29780
6556
1574
757
2426
1
4
2
42
134
34
1
1
179
24
46
1
414
10
226
8
75
1
25077
16
215
988
62
29
1
30
1
94
2635
5
22
45
1
1
1510
32
11553
5
3860
7
1
3895
2
13
3
1
63
2107
24
1
3
1
134
34990
5090
1
12821
1
1
70
1578
89
8
7435
1
599
2
1
4
3
3
1
16
4
1980
29299
2
126
30
958
37
856
69809
589
2
3207
1947
4
492
11645
5
6557
5
1
5390
987
28301
14
762
11624
6193
26
4
71
15
67
1
1
2290
21772
4338
1
12817
36
8
64
1246
10
3445
5
580
37
2938
8582
12
92
16
46
11714
35
4978
2
28
329
2
50
6245
15
1
6
7404
134
4
8
21790
379
5048
36715
2566
1
1
24302
196
4283
17585
6
10
13991
6
449
84
228
2296
2
2
6
3448
3
9515
3
2
1226
1
2991
223
845
70
1
1
2617
395
27
1387
43524
10
11
2180
78
13
18462
13351
6508
2
337
1137
81
3
10671
1988
34
7314
12
7
99
5461
1
7
1
1097
10330
1
48
2
56
1030
1981
1
4998
1316
1
13052
2
21480
40
1
137
18
1822
1
1298
8558
6
5
3
30
47
21261
4379
1
1
1
1067
8283
3679
3
21
1
1172
8883
2
9887
1
2
4
1
19
10
560
474
602
1
49
36633
1352
1
126
5
6
1
1
13
4
1275
74
74
1
15
155
1861
26
13268
3140
5
116
37
3
261
213
34
87
5441
1
188
25051
59
12038
24
252
2
7
1
3771
3
10454
5
61
137
255
2212
32883
1
11
2902
40
1295
29
2207
71
164
1
2
8
27
302
77
4
8
5
79
500
8376
74
11
42363
9299
6414
2
50
1
38
15
125
21
36
11
1
1
8552
3
2
8
5
1
5
188
745
749
3850
303
80
1
25
82
1
12
42
57
210
7
19192
1193
18
6204
660
2
4
23473
3095
4
4317
1
18
3
6642
616
113
5
31
342
13
1
21
8
5485
157
4
8
65
18
698
3
2
9
875
311
6
1
6705
8432
1077
41185
1
6
1756
19
12
1
20
18
25
111
748
3891
11
2904
1
652
195
7
967
49
364
222
2
4574
250
41964
3462
19
14011
240
67122
6
18502
15
906
5
9798
1
43
9
1301
19755
976
11811
1498
13112
16250
249
262
69
11
6
131
3
227
29369
155
837
1
2
9
45273
7343
11
43
55
4
43327
199
73
1776
6372
3433
790
4
17
21424
88
77
1
1
11987
2237
1
35
233
50
23
4
197
48
1
2
27
18
1
111945
126
15
3151
2
908
2508
380
190
72
5240
37241
94
18
28
2
525
13
1
81082
8734
4
16
5
11
395
4
1
6
4
509
10331
30
151
10
213845
529
1686
17776
2
1285
3
46
1224
128
1796
141
1
3901
28
13
4
2
56
1
1563
3086
27
1
708
29811
953
84014
2
867
1592
1498
30
2
1
38
14635
2
3
2
6141
10
2
1
25
3131
2
4
10
54251
74519
1
677
3216
151
840
28
25
1
1042
3236
155
23
1
35
4
1
3
3
507
133670
2033
6
1
2
49
12590
1033
196
72
235
152
4999
8
190
309
119
15
10203
1
631
14
1
878
8
2
1
66
3422
5
24
1295
18
145
67
22091
58533
132
4429
39864
206
2
489
10
119
22
16
46
127
1735
9
151
6
534
944
1
1
48
5
6
27
3025
101
1
3
70
359
546
3
4
392
1
83
3
52316
55
490
7
5415
4
3
380
17407
74
2
70
1
93
1216
1
1
433
1
4790
23
234
39
2
2
9
205
4907
3
6
1
1194
1
6
1
3975
13398
11
1300
1
489
7490
1
3205
1312
33
20864
332
134
22146
27
6138
4
22
324
26374
522
438
17
775
9
5
11289
1
5
12
1412
131
674
139
46435
1
1
2668
155
4
15141
5
71
3911
632
4
2
1
96
44
4041
1
15
5
1
109
2895
49878
12
6
321
34
298
140252
306
18798
319
1
14
28
343
3
769
2260
4716
3
20
599
40
3012
158
20306
1
7
167
4673
13
4320
1159
5
1073
4
20
2
14
7
250
200
4508
20
1
2744
1758
7
2
247
24
2
17
35
23
11288
8
994
12462
2871
12
8
1002
5
1900
7
74110
1844
3
155
16
1
197
3835
81
1
431
27
733
16
584
774
5989
2
49
90
1
254
691
568
4
8
29021
109
7
4
260
1
50
1
222
1
1557
7859
482
704
1
2
28
4
1540
138
5
14
3
133
76
1351
1
20
4
2
2
22068
54
3
1
51
537
1
166
117
1
4165
42
14
15
3
1
35
15522
5
20
40
1
10
1901
39
71
201
71932
11545
658
106
22
123
1541
7
322
1038
5
993
66
1
4
1
102996
2
8
13
118
27588
9523
256
113
1425
74
79
6
1288
28229
37
11698
416
3180
17
19
240
2
6
187
1625
86
55351
58
43
3
4023
134
1
6118
1635
136
10
1
187
3
555
308
2905
1
14
29
706
301
1
346
6
196
10
20
4
110
6
4357
3
26206
5
12
3
131
7
7
8
1
12
86175
977
469
182
10
88
560
44
100
4687
510
2
24420
16
232378
5
16
1
125
3
1
112
557
10
2
3315
280
3655
3569
53
208
1
69
8121
1
91
3
81
2
494
13
4
5100
39
2479
6
74
12
13603
1162
499
1153
75
2445
236
1
8
12
359
15
99
4905
12903
2
90764
16
1215
540
1
219
3929
1
195
11
33
61
13019
482
26
18419
4
5471
15
624
2
106
1
64
1079
128
4
5
1207
19
9
15
5114
111
95
118
12
375
461
48
46
73
47852
8
10
5
209
1
1304
1
20
1
1
210
2276
4
2
1
10926
210
1
1
24
1275
7
2
219
21137
142748
13
3
15
133
12820
8
4
11197
1
4
46
3149
17
1
77
10
19603
17491
1
7
11
1
7
3
3342
1
12
303
61
26356
5462
862
595
492
29047
7
12
75001
1
4
1003
6
17542
75
116
369
1
115554
50
29
847
2
448
16682
11
14
138
46297
60212
1
28
11688
46
8
128
7
18
408
1
410
1
1
66
567
17
1
70
2
4
4
115
12
40
2
14
52474
147
3907
6
3
3199
2783
1287
4
1
1901
5
31
2
51
2555
3837
7
14
547
10
603
6
15620
2
501
165
1
1
19
25
2
9827
1849
2
186
2
1291
1405
20
1
2
817
5
20
528
1
12
2
391
4
1
47
1577
57330
1
2
2
3143
184
67
211
1
2370
8405
1
5368
97
3
64
1
1
27
3076
61
2
9
7669
18
405
83
5283
1
118
63
1209
7
67528
1
41
723
1
1
39
41
207
1199
431
29860
1
121
6
31
1
30
2
1191
6
1
12
19423
1
1
3
2
378
53
48961
816
53
3
60
96
1226
4
14
11
23
6
9
45
5344
6045
1
8155
8621
631
18057
12440
11781
800
12
1
7
2
8658
1
1
92
9
4
30
70
209
6285
10668
38
2176
4
457
9
28
121
30
2
3
4
682
3
15
97
95000
1
367
218
1542
32
387
48
42
117186
75968
699
1
65
4
83307
84
47
2
6
973
279
2
1002
1047
42
87
297
406
444
68
16250
203
287
3
6
47
1
1355
913
1
20
756
13
268
3
576
55866
4
16
186
445
1712
1
1
2976
2
4
1718
5123
7
3938
1138
16
23483
2
3402
858
47
5318
9
2
27906
1800
2256
4
1
403
1
2
19646
2219
4
2083
1
1127
2
7767
1948
28
71
2211
6413
26
3
1
1
2
100
353
2
7
253
16627
216
2
5
7
18
4761
2358
2
1521
1
35
92
2
1
11369
1
2533
47
2
28
18922
67
5
9445
355
231
163
1
2
2547
103307
10
13
2
7
7
1615
116
10
777
3
1
20
7670
16
167
24
241908
48
96039
2
1604
1
1
1411
81
4114
344
217
4594
2
6
13
1
1
255
8690
602
1
7
1
4
8865
2
45
3527
87
73
2
2
42
4034
87
779
25
1
392
11
9
115
317
7
12
1
7
7
367
41
68
22
1978
1
8
9724
151
101
4552
184
21540
1
18
45369
532
34040
8906
122
12
3
30
209
9379
351
1
213
8
19334
4488
19278
14
64
360
5
65205
60
1588
2307
4
280
2
25
662
1
11912
7
73
1
19
5
551
1070
11
42
1
3
280
29
126
2033
1
29
1
273
19705
27
39
2
1141
291
404
248
1
1
52088
4879
11844
2
80
532
11287
4
14
2450
96
30
20969
51
71
14
1
1
1018
9
954
127
17
108
21
1
7
9949
37
12504
52
936
532
740
5
279
591
3
17
5
2
276
11602
3
3945
3
2
12340
1606
22
7
52
41
2776
12
45
47
155
3794
5
8
1339
165
13
6517
886
1
1
12661
93
1
9
4221
34153
1
20
7
78
1
6384
1
464
1
29
27
704
6
14
3413
100
3
36
3933
445
59
308
14873
70
1
166
492
24
242
30
6103
1
140
24
13
100
3
5278
239
2204
65
1
32
4
1
13579
389
1
6593
706
40
68
16544
13242
61
2283
4018
87
23
81760
3
1
17056
2252
1104
52104
264854
247
410
1136
141
115
5728
3
1
1594
8853
497
161
2
2
6
35
74
1
1
243
42
1248
1
2
1566
1
1129
1
36
12
10
2
2
4
6
973
5658
2
17205
383
1904
3
198
4
8
4
50460
362
34
491
131
3
51
31
5774
2
3
9
19434
61
1827
3
25
10
1
18
16
4
40
4038
22
84
6993
3070
1
59
1101
745
1277
6
1
2
1
5
12526
934
1316
2778
1
5
650
12
15
1781
3
12316
2743
410
606
42
312
8
1987
2
2
847
4192
938
22
103
53
1
208
7
127
4458
88
24934
9974
1
129
1
533
2069
224
266
1931
54
5430
1
1
3
1
3491
211
1
6312
309
2
9
6
915
2
4
6047
18
1412
1
9
32
10684
8510
2
33909
76
18
11
33
8
22
61
699
4288
2
4
63
2613
58
21834
8
74
6498
1772
290
8
63
13294
2
22
3
64
74
723
45953
112
8
3
10
1
85
7598
5
20
30540
659
50
1866
1500
175
93
1
6
110
1138
1467
5
674
6
3
1
1098
19
1
27
33
1
23
13976
5557
547
42757
16
28
18
2
3
55
2
863
1
1
1
11402
534
12
1
346
3280
99
8
16
1
127
202
20
368
1
28
1
2
2611
2648
1
264
1
144
4
2
14584
2
1
7182
2939
2164
5729
50
55921
10
63
3
185
5
1
2959
31
180
585
39428
22
4
246
33
6
1
1
41508
29
2
376
50
23
1
11
32166
1
1
1
5
138
11
6
5731
9
128
1
9012
3
2
38
2
483
2
1
376
766
192
12
4557
32
5
1
1
2106
10
5
5
387
51
1
494
1
124445
19
1
308
45
754
1
8
18
6
5
55
1
1608
113
2
182
260
418
49699
14
3
4
16132
2
680
117268
12
631
23
85
15342
12
21
3
206655
38
7
10502
36
1
2419
498
19
678
102
1
98
100
2
4
21671
2
33
1
4
1598
328
1
1
3148
18218
1
2540
8794
27
5520
6351
89
3411
3990
12
57
10
184
53
1
28
13
3117
397
3
140
56
394
5
309
11131
5198
161
4
1327
82
7
2528
16
18
1
556
1
9
2
10
40
14422
5
2
17
7
1
157
213
7
176978
19
1
12
22865
6
1193
280
157
4
264
7872
382
2
2849
128
11492
71
443
136
8
7814
5
2
3511
1
26807
4086
153
5375
1158
6
2
2116
252
1
7
8
3
9
126
572
237
6
20
25
72
1978
4
5
1
332
3
197
6
14
2
8069
377
8
35
10
10541
35
7791
3
101
1682
16
73
4385
38
285
47
4454
59541
4
121
1
141
44
113738
19
4
10
6
14
6249
2029
54
15
70
35
1611
29
2
6684
975
255
704
391
18774
5
4
3
2
30
1054
1
5374
8
13
30521
3
300
148171
244
121
207
338
255
114
1526
1
1
3168
1769
8
1
5
22476
405
25
4
2
1542
7
3
2
16
1
138
1
48
1
639
24093
5
1
4
273
87
12760
6
2286
4
77
426
3080
2
6
116
2
17
134
17362
2
4653
56380
7
262
2
576
81
30
3
82
42
68
538
46
4089
6949
63
211
31
1
4
15
3
4
2
94
84
4
1792
2
131
109607
2
47
11
1
12374
198
3
1
1
5
268622
13
29
159578
2
327
10559
124
1
2
1
30
29
3500
562
59
29
6825
3651
1019
37
6
83
11199
88
1
1343
1
179
18
18
199
2
1669
3
36
1
46
3539
6
1
77
1
19977
13
1
3547
77
38
4
47
2347
3267
2
2
147
1
10205
12
2
1766
4659
24825
28
2
26547
2583
6519
2
3
4
6
2
1
10189
2207
2
4
214
13138
9179
267
99
1
2
1
96467
3472
129
5
4
34
105
596
4627
1
123
336
2364
107
135
324
1
1089
448
5
662
3
74
636
4
10
115
1847
105
131
2634
1875
15
2
36
5
19
765
2
13135
2
968
1118
136
32
206641
27
10796
8487
48
15954
872
392
4
67
7
6668
1
2
112
989
25
11124
64
2
2308
133
5
1586
138
552
322
6818
1380
30
137
22
3
626
545
88
5
23140
108
33
63
42
27714
60
1
4
134
20
45
4
1
56
290
4
52
485
107
2028
5
962
171
141
19
85
102
2
30
1024
3254
354
46
6
746
86
4
285
11
3244
34
2
11135
1
18994
16
112
17
1
9056
263
8
157
45
4
1
2
1
105
202
56
1
568
15053
2415
230
12
1
48
283
7
7626
1
2
6
24
19
1
10
1822
24
18
5
8
5
4
22
38
2
1102
12209
26204
691
1915
208
2
292
15
18
1
17
3
36
1
55
644
2
86
1
63536
6
98
10
22645
256
11746
6
435
24509
31872
6868
1
218
637
6
6807
37
2426
4349
9
72
43422
4
6258
26
14
4
2
4134
2
38
3421
888
21
43690
3
3
12031
6
11
1
725
7250
85
3260
57444
1375
8
76
1
37
40
4
18072
14
6
2
2
748
3
574
260
4
1
1
3
310
176
2803
27
1
65
7
86
13216
48
1
1173
2
67
59
18
2
4239
4
54
5
11
13
1698
16
10
69
374
1
190
4
138
190
31
4
1
2
148351
1
1
35
1
124
6
1013
1
101
22
1965
18193
19186
1022
1
161
7713
2399
1
15845
107
317
243
1
7479
173
131
2
4
131
9854
2886
82
2989
19
721
7
2
4
3
1
98
3
49
18
1
11
10
486
11
16668
8
1
161
8838
94
20
2008
13
85
459
3985
1
1
17525
1
1734
6
1507
6302
570
100733
115020
9598
1772
1
4
34
35
11
23599
36
15
31
22235
2
3
136
5
254
58
1961
2
124
4700
19009
5642
87
2
1
1
3
2
26542
9
2
322
5
1
15
12
2
2580
8
1
9126
178
9096
495
41747
3
11173
114
14353
16
2
1049
1160
5
1
9
2
1
304
1529
2
9
24
4
3016
1
130
13
154
35
25
1
9939
128
4
1
17
36
14
760
82
2
12151
4133
6
663
408
54691
116
863
1
142
1
3
2837
3058
7283
2
1
1
16
107
16841
1660
193
1
41
92581
2480
10
5
783
130
827
24
15
2
17
1
441
1931
78
155
11
7
29
2
8673
34
19
5746
340
1
5
3
1
90
653
5
20
50
4
18
219
36212
1
445
84
33
115
60
1
1008
5
15
1123
5
58
2008
14384
14106
10761
6
2190
8181
57
1261
1
3
9
956
3489
4
325
14892
9006
24227
29
911
39
3519
1
142
1
5976
134228
6
463
1256
2
1
13253
37
775
28730
19
3
22
3
98
4
6
3
1548
2
2
1
8485
1400
29
803
1
4382
504
189
5
94
2
53155
293
1
161
562
1493
41
9
5
29
1
1
2419
6394
2
38917
61
3
2
35
181
10
97480
1296
1
1
83
4
2499
1
119
2
24319
4
3000
57
265
1
8
3
2083
272
1
2
76
5576
20498
10388
3
2
7
52
1
2
1503
1
40
2
3
22
291
1
1
5
33
649
21
1
12
22
153
69
4
99
19
648
4961
1054
5
1
15586
658
115
1935
9
2864
2
30
34
918
41
53
1599
54
2
577
34933
41
5
28349
464
1430
149
2181
10
19
1
8
2
1574
7
4
9
1208
27963
10
23882
2
14
590
1
45
3516
1
44
130
5
8399
414
221
5
30696
2658
105
3
5
28
18834
3
3
5269
543
1784
17
55
3
58
35
50
16
204
71
2
2
1
14920
58
27
10009
6399
72
7174
1
7674
3831
1
122
5
4514
1
1449
260
1
2
1
1
1
17305
15
931
19
61183
2
9
9
2329
633
11
553
30
38
573
5
9
21860
2
1897
14
72778
83
11
2
46873
7690
11
16
1022
49
3429
6
302
139
9
41674
1
52620
87
149
385
42
2177
10
3
1
4
34
2
739
6858
1
3827
61
9
27042
1
86
236
3
7
25
460
10
6
345
87
26364
6463
47523
4
179
623
211
82
590
45
267
567
46
10
8049
49
2
8
1
1
1461
1
3
1580
77425
44
30
10519
65
3
185
2
4329
12
10138
2
2680
671
12
77
73274
38
27
24502
27
2
18234
1
1
290
48
80511
31359
21
102
6
13
34
79
1559
414
50
3
5
5
1
4388
1
170
23
1139
22
23
2
99
31822
21833
2
15813
5
5
2500
67
15
862
22
18
8
2
223
28
13
9
15
6258
487
2
2
59
2
6
13371
1
6791
21
23
1
26
110
1
7
90
494
10
5
1504
22326
10
134
384
2
130
1
17
3264
1370
3828
215
4107
22886
30
667
223
1
92
5
134
5
10
1
73
11848
58
1
193
484
2
4
1
1
33
20
3
569
1
1
3
202
10
1
40
12227
19370
32
2279
23322
12140
328
182
2
97878
3
17
189
641
8
392
1104
76
58
1
388
8
1
111
39
11
21784
3
2
24066
4
1
490
1438
153
2
1
140
75
2451
11381
62
5
5
13
4
6832
18
2642
49
18
229
249
1
289
345
2032
115
9
418
35
7658
205
5427
13
11
20399
1
10461
3
9
5594
2
13
13006
10
103
393
16365
114
13009
68
1
2
113
2
36
557
14947
4
178
5
968
8
22709
2011
15
198
1
9
16
214
7200
32462
12782
161
46
4
1
14848
17538
9
15
307
507
43
21725
50
8
1219
16
2070
12
696
43720
2
1466
9534
40
12356
20
6980
2
5
535
15887
848
2
287
23
4
7
38
71
11
14175
9
2
1
3646
590
41302
725
36993
27
97
12
4
41
7
44
246
32833
3
16
809
10
559
1
1803
1
3
4
4
1
22
425
1
6
4
1432
30
2
1
13012
4
3
5
89
114
287
7
72
452
3
8
3241
371
149
13982
66
7
2
27
2
1217
151
10
22
33
694
3
1
1
37
98
19
6
3722
2790
4
21156
174231
7
149
5
75847
10
1
3
855
1
9
14312
25483
2464
33
12552
54441
324
11
5
11
2
9
597
4
1
95
124
3
2
1
16
4
112
1468
3
1572
1
1
17
537
96
7
1
322
104682
1443
10
36
1
1
2750
254
3
901
433
119
3
1049
3
1
12
24
1
8
1
13
4653
203
13
240
5
144
23
2
2
1996
81
153
10
876
13
1
226
1
7
46
24
26814
33
8317
221
9
423
13923
4
1
366
157
20756
1828
250
328
6316
1
4
951
2
1
5
1704
9
6
197
1076
22488
66
2938
105050
1
1124
2897
6
1
101
2461
768
10
8
3
1
714
47
1
3
3
109
136
168
1
10805
57497
15
1
15
5
350
3
3
28
123
2
8
26
4
4
322
3834
5
62
452
37
24
66
1715
3
13
219280
3006
14
55
153
98
1
155
16445
2
686
203
9
1
10819
81
2
4
714
16
435
141
1
58
17
11
13
28
1695
6
2
2
8
28022
7177
3753
3
3
8
20073
24
202
384
72
873
1
279
64
5
21161
1488
5
363
387
9
4
132
11189
1
1
2235
2
1
7
45675
65
201
4
14
21
1443
4
451
2
86
126
5
5
38
80064
62
22
28498
355
12
1565
121
41
68
87
6
121
4475
189
21
1
84
7
3866
4
1
2326
32
17
284283
3
7246
129
7370
2
9563
1192
409
25
416
22
6299
226
31
38
364
442
46012
33
2807
13
201
5
179
5
111
2
7
1
379
2
39
6196
10
148
73
1
880
1
299
4
112
11
864
10135
1
10
11235
88
111
407
2
1045
1192
83
65
1705
2
27
1
8
63
891
770
6172
633
1
118
9969
5
1
4616
3
31
2
2
4
8646
492
82
2
1
5
16678
44
33
19748
16
5
1205
21
7440
909
8
1
26995
705
6
19513
4
509
1
161
5
867
8
6
606
2
13115
8866
166
4
584
2
17
5
5
1
32276
33795
114866
30614
1569
1
233
166
8244
1
1
2980
4497
1
52
4
2
1
3
4259
68
3
32
5
50
67
398
363
135
41905
8
1631
1164
2999
11
38753
3457
26
6396
1
4
2
22
216
3
17
73
479
4
2708
78
4531
526
40
33051
1
22
2
12
6
3
12
7082
3
29254
5
3
12
84
5
40
10596
3
1070
24
690
6440
19
6
1
423
933
22172
258
2
576
2
20061
175
9358
408
41
1
1130
8
55
162
936
828
5
8
5
3
2
6
8
168739
5
5
30780
70710
2
2
10
6
2372
1
17
4
160
5
16
771
2
401
22
9
12
3
182
1
5
22974
1
27
1
3
66
6
14
4
85
6
6761
3
1515
367
812
19117
1040
80
31
1
45
10
79
9
52
2084
178
11469
625
2426
1
1698
439
222
5911
199
4
12153
6
8
73
3
234
1
50
50
1
29
7426
54
8
20
73
1
28
40933
5441
4529
6152
6
5
28
4832
1
1
726
14
1
268
4
1086
16
1
1201
1157
362
163
1
78
1
422
27
11
1
3
8312
5
383
6823
34
1759
316205
401
21
456
3
207
12763
1
88
2
2
20
56
1
13
52
142
3
5
12
1
753
2
247
162
71
126921
1
1355
17
1691
36239
14351
15852
10
15832
1
20
247
70
1
17
1
18180
398
12
4
481
320
1
4
4
38
3288
3696
118
6
1293
4
2
5108
5
82
55
3
5
6
21
18946
1487
3
847
16318
105
1
11
1
5689
136
12439
5
1
1469
92
155
26
2493
234
33
4
2
62
245
388
91
448
1
870
63
141
3
3
6
2
17179
38
2
13024
2
11
1
238
83
77278
2
2
5
3678
57
73
3
6821
67
7648
11
2092
360
98
93
16
19476
178
11774
30
3
1
19149
9702
5
62
4
96
137
20736
6
289
39
325
19
1
8
105
26
3
1144
1
32
9
4
2622
149
1928
2
1
34
502
1
251
2329
4
120
39
658
8
23
393
2
20851
2
5
258
298
564
1
8
3256
1
1
2
30
7021
1649
2
3
4
3
245
3
4
11298
3
64
1
5
38903
15
10
31710
2
69
16667
2
1
4296
1
157
36
6803
44
1
37
37384
2
1901
1
662
14725
16
288
7
427
1
12
3
196
20998
21
5891
17579
43
33
2
907
3
5
3539
3055
38
4
1450
182
9
4700
1778
18
5153
1386
9
1
28
3
2
32
7170
1591
140
1506
273
5
2
10
1
1876
18
2686
233
38
39
141
742
157
3
5
240
2
1
930
44633
25
29493
1279
83
1
295
24
1
7
16772
66892
524
7
1
1883
52
1
14
17
11
216
49
43
2
9
580
1
30
17
47
80
841
21
60
140
7
1
421
16
2
33
11
147337
72
9
4
42534
423
556
2
72428
7
430
254
1
31
8
80
517
17
4
81
34
4801
14477
263
35
887
216
43
682
1
495
7
4
12769
10
20
537
5
116
7
119
197
3
33101
298
1
78788
4851
12665
151
31
11830
130
1
5
313
81
11
17
37
15
5
4
83
2
1
80
108
91
57
5
9
1
154
34871
1
5714
461
54603
74
18562
387
183
1238
51
16
334
2
379
3
24628
195
44
4
1
2
2271
70
12
8
2
2
6
8
142
39
4
1
11
24514
1
2
1
804
14
365
32
1429
41
30
1
58
2
1940
35
1
107548
164
482
53
2
5
153
1
614
8
53
6675
63
23
8573
18
68
1685
15
5913
1458
181
449
121383
5
3
4436
21555
1
72
35
28
1
683
20
2518
107
81
1
19
73
2
14
7205
781
1
1545
1
2
36
1108
1
3
1231
11
23
24
1
9
23
7
2187
8076
27
1
1
11814
47
109129
1
2
214
415
817
82
300
14
254
4673
32
8
18
3
5
562
2
384
2
154
70
3
8
12777
50
494
637
2
10206
4767
18128
1
1100
314
598
1
34
7767
1
3853
12
1275
1
1
1
106
1
6
452
42
16051
39532
56
2
71
2
3600
4
1
781
61510
1
154
134
807
25001
46
15
3294
2
92
91
2
39
71618
1712
2
24
16788
3
9684
34
9
2994
4
7126
11705
7762
1
32066
2
4
6
2938
9
1
134
10
24
1
127
2233
22388
12
29
795
1
2
25
2605
1913
100209
45
1
37449
3369
3952
49
5
31
678
7
14
4
48
3096
2
277846
43
24
6965
11389
2118
12
216
26
91
776
14752
1
2
5964
2
7460
26
909
1
79
356
6
1
770
2
1
33
26
4
1
2427
12414
6
1
3616
429
1
121
4858
4
2
1
40
5
3
2108
18342
1430
2
211
506
10
4
178
561
1928
4
7
1
14
4
294
130
1156
16
8
348
2043
2
1
1232
1
2
6714
56
2
16992
42
8913
34
174
452
865
6309
13929
6
151
1
1
3711
900
31
467
100
6470
146
7685
6
1378
140
3033
12
2852
1
3828
15
13187
41447
5
482
8
7433
202
3
5321
2981
15639
295
3790
1365
137
13762
26
11356
5
240
1399
11
8
1
1
6
1
1771
396
16107
17633
61175
192
4545
4
255
42
3
3
1
1
430
2
2
1
7845
74
2205
3337
1
1
35833
1
10
4819
4
3
2
12485
1
109
5
2
1
2
1340
14129
99783
2687
29
2
3792
39
27
27282
821
255
1300
311
278
4
62
2511
2
1
155
8
5
4268
1
13
83
11
21
1
9
1
170
6274
740
2823
1
14
1
850
4
132
283
75911
369
186
3
1650
3
1
18
7875
4
46
9
2251
367
7443
170
13
1
1029
139
2
80
284
1
13
1608
44155
2
2
2
5144
20
3
2141
104
314
4505
3
4970
38
304
132
17
2
311
3
37
242
1377
118
7
2
6
733
704
1640
25
307
15
2
876
40
24812
7926
2090
2
22721
1143
1
10
563
5
454
33
3239
16
11
430
110
2789
2
5
1
143
149
3
90
45
52
45
3
18
23
28028
191
80
30696
267
1
6
76
59
3337
33
4
15
217
149
1
1
4
3
4
10774
4
13
1017
11
17
1
20858
7
31
19
10
1036
3
11
37
1
38657
10377
187
5
1
4
296977
56
1210
43
3
22
31958
179
4607
221
1863
4426
877
334
1694
420
218
9
2
903
2176
2
47
3115
29
276
4556
2
6
137
1
1
11
13
8
12
18060
3
276
93
148
11
147
2
4
8
16
6
81
14881
3690
3
75762
2
79980
168
1
1484
144
181
15
206
44
503
1
68
94
373
22
1483
6
11
27
10756
11
13310
21
1305
8
3493
7246
6224
79
26
4728
4
4
603
1
1955
2
3161
460
1
72
33
2
57244
13
1
148
2
3512
27126
75
1692
108
10
1425
5131
1
106
38
949
26605
42
1
139
502
4163
23437
81
264
4197
1
22
44
2
7
4347
4
1
1411
7
712
1
2345
14
174
127
954
2
53
20816
9941
2310
1
4
925
1
95
112
98
22
261
29957
5
150
8
1
90
3
45
10649
1
14397
3153
28
1153
2
119757
16164
4
2
40
91
308
23845
1
147
5
7
25
2
13
88343
14
895
262
422
10061
282
43
8610
975
306
15
15221
2251
3
960
16
500
2
15
67
1
3522
819
4387
340
31
23
17542
2
697
86
1458
2
342
1
111
365
30385
14
4
1
1
350
14270
2
8575
15
544
20
94
96
1
10183
3791
2099
10
8
24239
274
414
45
5
4
65
7838
358
21
1350
25
1
6
73
12
600
45
17
467
5466
7
75
1
21755
26
15
2
2979
8
3
125
8
759
3
2
1
1033
28
97
6
1
17
550
16021
1958
1795
8660
13
3
2598
6
16
103
18
13
1
3
1
2
7
8
30
6
1456
15
1
1
1
23
5
4796
13
14
24
5
2
1
31
5
1
126
122
34
74
6
30
37
41
11
5402
20
18
41
58
68
3
11976
585
1
1781
1
100
2
282
1
47
5277
3626
2
1
1
900
4
1
1
2
3824
2
18
1461
4
16022
8
5323
3
84
1
9
36
1
17
53
411
1
6892
1190
29
19
82
16
7160
215
11
56
1402
355
33909
2366
2452
228
21
208
39
677
69
3
1
1920
109
2775
14
7
1
55
6
10728
392
4
1467
16
15
2340
8
61
350
1
2
4748
1
41
797
3471
3
97
28861
1
182
955
1560
1397
26
104
293
4
527
1
1
4624
1
7590
1
13
11
5
1742
7375
750
25328
25
5
6
16
71
39
10
214
1
984
261
108
6640
17
4246
2
1
2
44
150
368
2
437
137734
74
6
88
39572
1
1
155
16
7
12
4
8
72741
4
7
71
63
147
2
62
8038
2
1
44
26
27
2
3
3407
5
25
27166
160
33
1
3302
4
114
7
65
136
5
2
18
3436
121
5
36
10724
81
136671
28
309
1214
3
675
86
16
3591
1
2
1
3059
7
10678
891
42
45772
113
1
2
1431
58646
10317
15
35
1
2468
3833
57
3
2
115
1
4
10889
1656
1
3
1
296
5
6292
7
4028
2
2
75022
3136
49
1
2
8
3
1
66
4
16
2
22
7
1
19887
2
169
5
23
2
1
13149
440
136
5
365
26
11
239
7
12
3
4
1428
57
252
1056
3927
1
6697
20
5
34387
2
11
1
251
5310
1
1
2
2
15447
1
3985
920
170463
345
27772
26850
2155
13
20
591
10213
14377
1008
2
544
1129
464
1456
2
1
84
95
1956
2708
44
1036
1
31
168
855
12
1
3
846
32
1198
65
1029
2
8
96296
1
70
3
9
2
103
1
1084
21
467
4104
5
27
26
2
125
11644
1888
3549
1193
1
8
68
19
172
3801
279
1322
18148
197
145446
10
2
6365
15841
3
11
1
1931
158
21
3
5
45
50258
37328
30
3
19
34
969
1312
72
1988
1
1
38990
2245
833
531
1
777
547
3
68
6
254
4783
1
1
2
190
3
10779
55
2
303
50192
1
314
2328
27
625
36
3336
2
622
6
5
3
2
2
1
8
5981
23
4196
1716
2207
2
98168
4
5
972
90
1
3145
38
1
83
2570
35
10
1594
288
8
6
6
55
69
36
19461
2
15379
2
74
4
1816
2
42
28926
5413
1
27205
21
473
32
54
143
1
2708
15410
1
1
1
5
132
3
796
3
159
22
15871
288
1
13646
10
649
17
7
23
51
156
13
4
4
184
2460
4715
119
4
1609
404
744
55
33255
13
8
1510
9
91
104
1
1
14
10763
433
91740
13
2048
12
15407
1
12589
48
4
3451
1
6526
241
7642
3
3
1799
19
13
2
202
4304
1192
115
14016
1916
7
2
31
1
3
2160
207
2143
44802
69
85
120907
3
42
463
174
43
10007
8
924
1
48
4
35
86
145
2
3
2704
21
49
232
1800
229
48
10
23
195
2
10
6
6
34
468
6
27
18
2
922
652
5
303
462
17
10
3
3177
3
5
64
1835
68
13
30
6
1
50
6
11
83
685
1
202
35638
401
2
121
277
11
5
914
328
23
11755
2
5946
1
10318
4
25
95331
88
1
408
7376
7
340
15
89
2
309
21
46
21472
2
67
2978
9400
207
89
103
1
351
1
28
2079
655
14
38
30
2
27
15508
8
1
18
30
18
165874
19
23
1
4
8885
5911
112
2
128
48
45
704
1
1
28
21210
193
6
3
12001
13
13
1
443
5
9538
2542
1
44
179
404
40
456
23
152
13
94
400
12326
2024
150
2
13
6120
151617
4
2
14
5
58
15764
46
34
1
18
57
22
1
13
1743
9812
45
472
40
6
223
67
3
1
3
452
2
45
16
1266
1
63
5436
6
2
4
120
221
174
1
252
22
5
5
17
163
11
2
497
172644
1
16393
2
6877
299
3153
19
2
9
1850
1
10
7296
5
1
23
478
3
4320
124
351
662
70
505
178
17
2
20
33
9821
6
30104
26615
1947
21
859
10
1
715
26789
6
107
53
8761
13
5
68
31
1046
114
14
48
8542
92
1029
8
674
38775
99
40139
2
17
1724
108
2
1
1
1
31
74
36
39
2
569
1
2067
12748
1
191
25836
20950
16
630
1
1
94264
6
8
68
118
52463
33
111
38
92
80
2
4
10
4
461
854
4
14
1940
1
2265
6
1
9606
1
2
17317
4
627
27
4276
2
1168
592
1
5
2
6391
203
403
2
1
7
903
28
103
286
121
46
37
1668
935
2
2
2
1393
8
13
2
835
732
184
46
3730
52
1
11
461
2
16260
9
253
714
2
5
2404
19
11
12
170
11
12
1
1
44
156026
130
563
20
1
33677
85001
141740
31
1
263
146
176
6
5
13
20
38
7
209
50
3
68
5
26
7
4
5
4151
58
6
148
16737
10819
4
257
24
10
119
253
42
6
1
125
18332
3
9
14
3049
161
2
302
3292
2
16
55966
7569
4
199
1
3814
1
3
10
1503
46
61
418
6091
6
1
13
6118
2
2526
5008
2146
1
55
4
30
1
27853
23
1
40444
8210
2
389
1370
35670
847
7
117
1
195
354
368
148
146
5549
41
95
10
73
375
4924
22633
122
5
10
52
1944
3
1269
210
53397
445
4
3
7888
9870
3
513
157
8
1
5
15
1902
20
5281
41139
340
6585
6912
4
57480
5746
5
8001
8
1
1
93
1
5645
4670
81
1
158
36
20
6
276
11009
11
11
38
2
5823
9549
2525
117
3107
4453
11
1
721
541
3916
82
107
7711
1
117
1
2
1
9
1
5
34
203
2
266
1
6093
420
2
7289
15503
86
58
8
47
271
2
1
79
238
26
62
5
1
2760
2
46
249
7
407
99
27514
892
34
2
61
10601
1
14
3212
7819
22
265
446
66
2391
630
1193
69143
11
1
63
1
45216
15
2
12218
81
3
1625
59
2
11
5
6
1
16
61
42
444
5
45
770
39
5912
5
2
57
618
108
22
8726
4
5
7
26
157
71
165
823
266
13
26
2654
1
328
73
100
117319
367
495
2
15
6
109851
269
58
214
85167
145
37
1
3
134
988
959
3903
9
2103
82
454
1
6
89
36
138
53
1
7
1
55
4056
1545
1
1159
130
212
252
4
64
1
2
1790
3
1
1873
4338
15088
268
11
123
3053
171
15
134
2
3607
9918
2
57
15438
1402
1
36801
114
7090
39
1
6
29
3
10200
5
9
1
960
5
19
22925
15
645
1
204
2
1301
1658
6
1
3864
55302
422
5
5350
73
238
191
440
5
17754
74
6753
208
99
30
1815
39
3869
1
155
1742
24
159
21787
3
297
307
2737
427
27
1
1466
15
1147
33
9
24198
50
979
1
11
595
731
995
93
4330
673
12681
1
2033
10
37
1
270
4
85
592
916
28
13852
878
160
2281
1
1711
133
1
1770
208016
683
22732
3
5
702
16
1
35
50
135
27
1
61
27
110
110
9
74714
32587
10
417
170
3321
5
54
9
12633
485
2
512
53
5
17
1538
304
12718
1
1720
2
3
3
5407
233
2
27
18
42
6477
387
5
8412
24751
2
7198
52
4
2
17
6153
753
1017
11
11494
12
628
9152
128
11079
100
874
1
92
1
1
42
1
2
11992
237
150
3956
15653
1
154
25
21
14303
4
35
3
1
480
4350
2
4
26
4232
981
4437
2
2
8
291
622
1
3375
1
7989
318
172
144
2
12
3051
73
429
2
4
13267
3260
3
1938
324
19521
2
286
1
6
17
2
1
46
19757
1
3021
2
1
3647
2
67953
1
5897
1
1427
1
2
435
21
5724
3214
14
1
15702
7
7
111
2092
36
1
14
49551
320
2
2111
1
2
3
478
13658
75
68223
25
35838
5
640
11
16117
102
1
354
3
2
1
1
2551
4880
496
1
37
5
109
2
1023
13
14
60
1
3
1453
132
46
2
13
11
1
275
17496
330
3
3070
29404
1
363
698
2
2
8
2
20397
8
1
73
6324
19
3
423
362
2
18051
13542
151
426
1
3
41
3
1
514
7
10
248
2
30
146
45
2
3
164
171
609
1
14568
8
96
1594
44
2
25
106
32
114
6
22
10
1247
4
4800
46
9
1
10
3210
98
1257
4013
841
320
55
160
2
419
16
9650
20
4
1
8
5261
19623
132
1688
75250
20
37
559
5
494
76457
2089
2
158
42
330
44
5
9040
3360
14014
2
38472
46
9
61
9
69
2
53
124
4037
1
1515
14
7
9
12217
25
25408
39552
1619
132
10
2
90
483
20
29624
1
333
517
9570
1594
212154
40
2960
34
2
3631
7757
2519
17352
296
7
152
2
300
2
1
3
10407
1
410
847
55
2
4
39
331
25
3004
473
34
15
32737
3
4
4
75
1
361
1
2
1
20
728
4
131
724
1
115
1
1274
1281
485
1
2
12
120
2
33
94
21
8
1
2
68600
20098
1
893
15
41
1087
5
5
1173
31449
1
2
98
1369
43
6
3
121
19
243
3666
32505
376
304
3
3
1
750
34
8
1
13
1
3
41
12130
1
16
654
900
23312
1
39
17
24
390
588
2626
17766
1
2559
141
52
14
1
56
2111
17
2826
2
29
110
58
1
1
47349
12374
18
11488
7310
18988
215
920
26
362
1
543
18051
397
14413
2
29
1
300
1444
57583
8
13
102
1
33
22
4
1
31
1415
16813
56257
14
8
55338
211
384
2883
1578
79
305
1264
84
8490
2
42
730
2896
1684
13599
686
4
1
60
2
134
109
117
14
727
6
2
139
152
42
4
4
113
2
1431
1
1
67