2074290
3
32
14
1
11
13
145
3
4
2435
14
4
4172
443
69
4
17
8
2
1
1
1
2
375
1906
15
312
3
5073
395
21
591
7697
16
1202
2
36
803
64
146
2
1
3
1758
2
4
254
220
51
130
13
122
3
95
896
30
614
12860
208
2
47
9
1
21
709
1
31
1
642
165
1
2
1
26
13
23
21
3
14
21
8
3364
1
12
14
93
1859
1
24
1
19
4
2
14
1147
39
79
2
1
1
99
96
10
125
6660
980
4
93
8
2910
6
5
15779
9
9
113
215
11
5
46
1292
2675
3
1956
1
98
120
5583
64
2
1
9476
10
2229
4
10
2
223
26
22
8
5
1
134
4
1967
114
5
120
472
1
2
2
1
12
8079
240
11
6
9
402
1598
107
11
244
33
1
29
3
16
5
25
1
1
902
1389
57
472
1
347
1
5
384
1
3
7
495
27
216
34
9
80
8
100
460
28
2330
5
4
37
4
123
49
550
522
1422
2
20
31
1
387
517
141
2
25
12
16
1054
394
21
3
24
39
2
5559
1
2
407
27
5
1
4
2
2
93
4
8
55
13
4022
70
1058
4783
1646
83
2
6
453
1
534
3
3
3
44
6
1
318
235
207
33
28
16
39
33
5
9108
40
1
29
59
2
18
286
239
8
4
79
1
547
2
1
1
9
4
2036
1
43912
1468
222
2
24
15
121
2649
1
395
31
41
3
12
10
434
41
675
85
151
243
297
4
4
582
3
15
59
11
80
1
215
10
4
6
10
6
1710
3255
9
3430
4589
6
2
41
60
84
1
39
14
311
2402
770
1
3
1
30
1626
450
66
744
33
1
99
18
4096
10
47
10
1
27
3
74
2680
2992
17
118
3
18
2303
206
17
149
1986
190
5768
313
43
595
516
10
6
4358
6
5
3
2
3
56
5
1
27
866
2
1
3
1581
134
376
2
9445
3
26
1807
132
5470
253
1
3
137
356
38
2
860
1
8
12
4351
2
13
415
78
1848
20
2795
105
433
9
136
91
14
320
2
1
40
169
23
2
23
2
10
3
49
22
74
60
940
100
6
3
48
90
1
168
461
8
4
269
3
1785
4253
641
614
1550
16
411
5
802
1
213
1
1
6
12
115
24
11
11
774
9
104
485
5918
28
4
37
1
64
3
87
119
3407
9471
4
2788
1035
46
28
7
1
133
63
175
3230
87
11
187
1
19
45
5
128
1604
35
51
7
144
26
3625
2449
40
1260
22
5
8898
13
4
1354
1
22
82
4
11
134
10
3
14
167
2544
54
7
1
7
776
336
108
292
306
10306
14
68
1895
1
24
1
12
1828
13
514
20
13
6
223
60
250
4
76
1
12
1
151
2
20
6
39
2
167
1
60
10
42
122
49
9
25
60
7
55
2
156
4
25
71
11295
1
1
6
1
145
45
11
14
1
28
74
2099
66
6
23
20
271
7
1
73
2843
11
3
252
11
824
1
1857
3716
2
1602
3
1
191
4
1097
17
410
36
41
282
10
1
6
3
2
175
2
10
18
2684
3
5
355
1
3484
18872
23
1947
496
3
90
8
2
408
3
1
3
1
99
74
1
219
12
17980
97
87
19
1
35
1
3795
5
1
11
206
1128
3282
5
13
186
235
10
1110
4
130
30
18
177
127
37
696
7019
74
35
878
1180
1564
3294
1
26
913
11
1
29
12
512
15
2960
8
70
13
2
11
2
1
4152
5
21
215
1
2
313
13
1385
1055
1076
4653
283
178
21
1
6071
4
2
91
11
14
33
15
1078
7
270
591
663
21
1810
3378
3552
19
40
16
1871
3
3723
6
5
496
10
54
10
117
10
58
2
14
15
5442
24
18
72
3
15
1
171
165
37
3
93
11
694
2
8
108
38
6
91
25
103
8
52
32
737
4068
1272
2
6
509
11
43
282
2
5458
25
94
39
79
1
674
5949
110
7
17
181
2172
12
52
2
19
42
2659
1
748
2
27
495
8
26
4
26
3
75
4
494
35
4
865
1
58
1
28
38
348
2934
99
1
3
576
8
5
1072
1
4
28
2414
774
75
1
25
483
1
8
2651
10
3539
1
18
232
1
3
14
19
1
39
1179
1
1
1
1
11
1
263
358
193
589
645
161
2
3
17
73
2
83
28
2182
27
9
1200
133
2
97
827
146
719
4245
568
506
3
1511
2343
1
3
1006
21
3895
10
6
64
187
53
16
22
1489
4433
4
189
1
9
203
499
10
296
43
26252
164
2
11
19
337
85
3
173
12671
327
4464
81
1801
2
5
1
8
2
1012
2764
1
9
100
202
1
2
3
220
1
2
1
2250
16
54
90
85
23
23
25
47
42
733
318
1
151
33
99
3
4
1294
312
1167
152
471
100
4
21
36
382
32
39
48
6592
55
230
1
1
267
1657
1
290
387
320
8
1189
35
244
384
563
32
12
14
17
1045
1
197
1
2
2
25
57
1960
225
18
30
35
1
185
34
1
1
57
12
703
14
11980
1
2362
257
7
3
3
15
15
386
67
454
13
2182
9989
5396
5
13
2643
26
34
1
18
4
2
11
1
2
2248
59
176
1
1
64
3
1
5
2
1
403
463
1
289
407
833
571
117
2628
1
1
51
4
4
650
307
1
74
8343
334
11
2
458
1986
1079
1
5
22
5298
189
145
187
61
5
4
33
49
186
2
11
1
5
5775
1
1874
9
2
51
20
68
3
92
52
81
2
1
3
8
20
8
7
7
37
5714
3
2
18
321
1
4
36
1
76
2505
4
4
17
121
1
1384
39
428
292
2032
23
10
636
34
3115
279
166
4
11
1826
3691
57
1663
3
7
1216
11
62
297
835
1098
5
1
3
10
53
2
103
231
58
178
87
1
1143
2
25
8077
144
43
1
232
283
4
1051
16
388
5
2
2
39
546
217
6
63
1
251
334
4
29
82
150
9
3131
384
75
563
401
3
4
82
12
340
3
33
551
2
1
4357
2060
64
441
23
19
16
819
23
407
7
316
902
24
17750
833
3
21
3
1653
387
280
20
6471
1
2213
130
1
2
1774
228
5083
7
113
23
585
8
2
2
228
2
13
3
1
110
41
7
2
43
6
3
5
110
91
856
10784
883
1741
1
1576
5
181
139
113
6
3
1
13
1173
4
36
3617
94
1
56
549
27
56
1
6
1
665
31
2
959
22
12
1
250
1
2
804
6
1
2162
4
1
453
666
27
1364
14
8
124
10
42
7931
287
159
7
54
27
5
255
4724
33
1
671
3741
2569
350
1
7368
1398
5
18
12
1657
477
25
8
217
12
3524
25
1
1
64
2
518
5
4
4220
2
6
3
462
189
533
692
1
701
8
1613
2
207
3
60
1
909
1
8
2
1
37
947
47
183
19
2
9
16
1
15
9
867
1311
9
29
1
36
15
4
208
14
13
1345
9553
13
281
18
559
1714
10
122
1169
3
3
1342
4
39
1
1010
14
7
4294
34
1
269
3
14
6
3107
5140
7
1
1
418
15
1
14
395
1
2
2
4
1066
11
306
16
796
7
1
27
4896
8663
1
1
1
11
51
48
570
2
86
3
3
10
8
1
21
12
4
12
87
6343
2
677
2
1200
60
1
3
14463
1470
102
313
1
1
201
1
1780
6
275
793
5
1
82
6
202
1
66
2
10
105
2685
149
1048
331
2
800
167
11
1
1
9
6
3
8
46
8
6
2
2
29
2
26
1278
3
1
33
7
2259
15254
128
2426
1103
1
2748
2062
1
498
396
31
35
104
7
1519
212
3221
123
201
5
98
5
368
3306
12
4568
15
3
12
1685
3
4
277
4
16
870
84
163
1553
12
4
1
1390
2442
1
868
3222
13
2
5
59
2
98
953
1
47
9921
390
17
2
236
6895
84
35
7
57
3506
7
16
4
192
561
2
540
1
10
1
3
887
639
71
2657
39
428
1
864
1
1710
1
1401
912
3
2
100
225
179
7
769
885
14
712
1
12
12
884
76
6
343
87
5609
1
3
176
46
54
1
4044
11
32
1363
22
116
4
6
1839
6
6
39
14
10
7
170
139
57
758
1
58
2945
91
1
6
2
17
1660
2
2534
3
420
3
663
1
1
17
24
58
390
25
9
59
249
20842
197
2
8
177
68
35
395
1916
4591
11
1125
6
37
3
52
1
1914
4
5
8
3
26
31
1
8
45
2
645
2
8346
3419
132
112
153
1
13
64
10
3316
1724
71
149
158
63
256
248
1423
89
1668
904
39
52
184
3
49
18
5
10
149
2
6
17
48
548
46
542
2
2
18
16
303
86
303
28
162
24
695
2354
486
164
4
9
8
3
5283
89
314
455
1601
106
76
1150
1245
716
36
543
1154
16
164
470
22
1
1
1
505
17
3
309
1171
77
6781
1
19
22
76
364
406
847
33
263
19
354
559
12313
163
77
56
2632
17
248
5185
32
452
1406
365
402
15142
2
3280
1155
13
7949
11
14
1
7
2462
1
2349
2
7
1
1
5
1
904
38
1
2424
6
1660
625
5
1024
8
31
1750
804
1
505
9
12
317
374
5
22
539
48
1
2
5
30
59
3
28
7
560
868
1130
37
13
1
39
1
1538
5
28
5
61
93
2357
4
3
1
820
471
1
5
1340
1485
1
9
11
696
4486
30
212
139
356
1
2078
42
964
166
178
736
4
49
239
32
637
325
12
207
81
8278
489
1
1
62
43
13
4726
31
102
1
1
1
9
3
4131
86
26
39
1715
82
1075
2672
1102
1688
13
1
10
5
26
17235
343
67
1190
140
2
208
41
313
729
3
250
1958
237
2
463
5
2
15
105
842
58
188
27
13
904
3
1
80
47
2
3
1
19
552
3
17
5
540
438
6
4
2
704
2
40
12
78
12
19
808
27
124
4
1
7
4
583
648
3931
6
1
64
41
2
30
462
485
14
4
3313
52
2
1151
55
305
6
3
4816
788
2823
19
6
3
7
6558
11
155
755
1
5693
2
71
7
2
3
413
93
7
61
8
24
2
1689
3233
1
1
8
653
1
8
346
6
32
107
1
95
12
20
1539
1039
2
39
397
224
218
1189
33
1
7
1
3
29
154
1849
2
2
56
252
2
1
12
2
1
1014
444
788
1
581
8
27
75
1162
37
6
9
10
1
762
1
1380
2
13
2861
2
10
2
8
18
21
150
140
393
5
2416
11
79
375
3029
1
3
1
3241
6
2
16
1
2300
4
4204
111
10
11371
90
1
1555
11
1
1616
4
1
2
1
3
1
2
36
112
46
4
14
1883
1
63
7
12
3
5128
282
120
7
722
435
301
1061
7
2
136
12829
70
820
592
299
740
28
10
419
50
2096
857
3140
3
151
7
46
4
29
7
26
2
128
179
9926
247
302
39
1219
371
338
18
1542
2
34
1
464
2
2
2644
394
9
117
50
1
1
1
5
31
7
1048
2
1274
10298
48
267
2
10
2
331
5
23
1
478
5340
1
120
3273
1499
65
9
112
9
1632
6
506
316
148
2
111
1
3959
194
1
62
3432
1307
42
91
1724
31
17
93
1
573
81
2387
1271
49
5073
4527
11
3846
5
7
273
6
3
91
6
451
6
2
1211
463
2
2
29
1
72
47
1
266
48
693
263
1
2
66
17
2417
2
2
4057
93
93
180
1
740
519
688
308
22
7
8
1568
15
1
4119
2
124
601
629
639
9
1
14
12
4
2
14
3
5709
1
15
17
15
1
1842
93
23
3
58
2
1389
270
18
727
1433
59
12
76
4
1
2
10
11
116
99
13
69
6603
5
1087
6
787
8
25
1
2913
59
3
119
102
99
18
83
61
7
36
164
66
1133
13430
4
16
68
1
5
6
3447
1
235
2371
3
7
2
166
2
6
37
28
5399
8
28
2
101
53
6797
7
227
26
107
1
2485
3234
19
200
9
43
601
3
2
23
8
1001
1585
57
7
493
7298
515
1295
34
111
1809
13
36
467
115
32
2
175
11
2
20
1
3
1186
38
479
1946
2
14
20
1
11
4
1
327
4
1
2751
57
4
8
25
6
3
85
19
12
653
1175
2
203
141
1
1
276
5092
1
9
1
1988
29
1
4
87
2
58
3
7411
60
5
97
784
4
317
1
17
3
206
176
2967
14
1
4
63
56
77
30
2897
5804
5003
7
2503
4
3802
14
1
1
55
1
3793
12
3
1979
27
6811
7
10
737
124
67
211
1
42
199
195
34
28
55
1
1
431
2
19
566
19
482
1
3
3476
86
2
2079
12
5824
8477
4
3
2
352
1465
1
332
9
7
1
1
2
74
755
133
17
7
2
522
112
1
632
793
13
162
112
833
2
3
1
4
1
1719
193
7
479
4
9672
255
24
4104
3
2
1
6
1
363
11
6
752
14
9
5
1
41
165
107
513
41
4974
1
96
5
9
1674
442
299
9
1
1155
2
2
17
15
3926
97
4
57
1
2366
648
525
143
1979
137
1
81
207
3
254
64
1304
3
1
8131
2
2
5
100
1276
118
3105
45
4
3298
1
3
22
3
431
341
72
606
81
1
49
4784
1
1121
319
106
14
6480
6923
1479
1296
3
4
79
524
2
45
104
321
1323
22
10
72
77
1
19
58
1606
3
313
8
84
740
3190
5
5077
1
6
12746
44
345
83
3
4
2
4
1
74
1
68
294
340
39
12
17
503
1
14
11
62
11
1
294
6
2118
7
836
11
235
3
54
1
933
4
9
58
11827
16
438
321
2
3
7
1532
7
2822
13
12
18
7
18
44
19
69
15
510
34
2452
7
104
7
1
3
1
153
158
780
51
891
3
203
17
15
14
1858
30
2695
7
4
625
9
8
136
14
88
6
58
129
5
13
45
82
3014
2
122
36
735
3
3
96
2
1
8
727
4
80
86
29
39
145
10
128
8
556
21
2
50
11
100
10
313
1
562
8726
78
1
12
12
18
4
4
259
1042
13
186
77
111
13
294
588
59
28
1
201
2109
208
77
19
5
2
33
80
1
5
455
8
460
408
2051
2482
34
194
17
84
38
1801
9296
3
3
270
2
6222
166
2
2196
1
79
2172
850
1
39
68
1040
3148
8
2196
73
12
7
3
2
2
2
280
180
106
6
38
17
57
3
26
2
50
8817
45
4
1161
73
2
930
175
6
3167
128
168
18791
34
1
2447
148
15
1
3
1
1207
3
15
2
59
5
9
1
14213
22
36
221
62
96
134
301
196
98
23
47
71
11
1
2
972
954
1
8
3
3
2
859
105
1
14572
34
1383
12
61
614
25
52
1
6377
2029
811
1644
4798
2796
2
46
69
140
10
43
1
22
130
15
433
175
2350
241
4
9
137
130
2
1265
7478
1
19
692
32
14
705
38
458
15
11
871
7165
1
17
1
2
69
2
378
6
54
44
1
252
23
118
5
3
54
10602
1
1
12
90
266
12
10
6
3
116
11
21
738
209
8
1263
253
777
6
28
524
6
1
18
61
2819
6
55
440
66
2
3382
59
58
41
32
165
345
1940
19
456
51
614
112
394
352
1
3756
2703
57
3
38
31
5935
1
6753
214
1
267
8
175
1148
1
2287
593
3001
2
911
6
1
1
104
16
104
59
32
27
1861
136
10
27
3131
1
414
303
1
176
1752
949
3
17
118
253
28
233
19
33
6
676
6
325
877
12
286
1474
4762
26
2947
2091
69
792
111
5
1
27
28
1373
2653
6
1043
14
1
5
8
46
100
338
22
2
90
437
3
14360
796
1561
4
501
19
16
54
1556
518
167
475
112
277
63
18
1
2
172
130
11
531
2054
1
16
1
2192
35
4
1581
174
206
501
347
60
3342
1545
23
1902
7
1161
394
45
11
2068
2
8
2
823
1960
4765
235
7
1
5
60
1
1
5425
8
1845
2
1
772
1434
6
1306
1
49
391
125
17
9
48
155
4
242
11
164
1
46
16
4
1388
5
1
1805
32
2452
8
717
25
29
1
28
75
8
3810
3
2
2
32
1
2
795
5
139
772
1
2
17
3165
2
4
49
13
54
1868
10
4706
10
898
6
516
167
65
72
7544
5
31
15
11
2
567
62
4
1
38
5
12
609
70
68
6955
749
1
1
125
3
12
318
36
2754
483
1
1048
50
12096
4
43
8
2
52
3994
37
8326
157
7001
64
81
7
22
3
3
1
5
6
1966
1
2
630
2687
2
2
183
1053
761
1
1
126
1
19
1
174
2
7
8
36
38
12635
544
63
110
79
60
716
53
2
6
6
581
2
27
50
9
3447
1058
3
114
1187
49
8
6
3943
2
296
151
2
1
1102
2547
774
1
539
1
801
1027
520
54
2
16
52
2
1
10
133
10
3732
1000
7
53
12
1
5
25
1
18
2639
8
64
1
1293
9
3
8
1587
78
44
1399
4
1226
4
959
13
4
9
393
13
2
26
2
24
16
1
7
2
213
179
253
6842
2
354
6
345
1836
16
501
1
2
296
1034
2
18
274
88
3
3
1
48
14
7074
4
14
35
4
4
1
6
790
4
307
1
180
3
1
3
1
5
6
5928
206
29
1
231
1869
28
2612
11
20
507
1
178
9
36
254
10750
84
395
180
142
949
1
32
6
1249
154
1103
11
848
82
5
1
11
2153
19
3
2
30
306
3
6
18
42
906
7309
8901
4
14
229
248
809
3199
5
1473
26
22
52
1
2662
4
7
830
3
2161
2965
1978
1204
29
1176
260
165
384
1
8
128
1023
1759
3264
2
257
1
4
6
7
2
4
153
1
32
4
225
1344
63
83
5
18
487
10
3
9
3
2
19
722
230
8
478
2202
80
10
1786
64
9
69
111
196
14
2
4
80
566
568
15
2638
523
879
2
1225
236
254
212
2
1888
5896
2694
21
19
12
56
5
453
93
1053
3
2
7
8
1093
159
2241
7
71
8
48
13
970
44
3
6
48
1
974
93
29
4
3
1
9
3
3515
161
1710
3
1
10
128
568
246
575
295
244
104
1
10
4352
17
877
2775
12
1
7
12
924
2601
3477
26
17
4
33
1
17
2
93
42
1
5
1
221
23
5369
13200
105
2703
1
429
747
62
2
35
71
6
1
6
152
27
36
27
105
7
1
854
2052
1
3775
238
90
85
1
13
4549
115
61
538
405
2
469
1
10
5871
7409
4815
4
3349
4
67
197
89
4
1687
3
9
15
75
1341
3
1
41
62
1
328
583
3
2100
2
1
135
9
15
312
419
243
347
8
5316
12
4065
4
26
182
1
27
1640
740
6053
4
1329
2340
182
108
2
1405
21
231
46
530
2
1
7
72
636
5
52
473
42
2
85
3
1872
2
106
100
1144
45
257
477
4
121
2185
1437
36
1
15
18
10
11
118
595
12
11
3605
389
9
47
158
2
1
2507
20
1
13
7
30
10717
2349
2
3
1262
763
34
26
1071
4
49
7
2772
76
244
252
20
4
2
346
2
1
5
6
10
984
123
39
260
1340
200
83
1
28
455
2
63
571
1
69
2
513
1827
1881
116
6
8
20
6
6
10
160
117
2
4162
17
72
6
1
317
2267
761
241
6
1
29
9
92
212
1
4
8
2
414
1
6635
3
1
6
24
2
336
4
9
15
23
2
1
75
165
4
165
7
3557
341
57
3
1
696
34
3
652
4922
6
2
12
2
198
5
20
1
10
2
1
7
750
6
68
1
2
6
1
172
1142
264
7152
6931
2431
6
1655
105
4242
9
6
2
1911
1
2708
936
497
30
2867
1662
78
317
137
3
1734
1402
488
297
2
199
156
2009
4
18
1
2071
8
1
4
7
325
66
5062
333
1
73
37
42
854
1
119
154
3151
1
1277
337
84
4
6
22
910
1
5
19
47
1
380
33
7
5
83
9
6
12
2671
435
252
277
881
238
7
13
26
4
2
1
418
157
5861
85
37
2155
96
13
1
19
1
8
391
154
20
954
1046
7
144
11
4
147
7
651
155
982
3
5
1
3013
4295
18
1052
3
2
121
221
16
12
95
4
110
5
421
731
7075
1102
314
93
7
77
22
54
32
9
283
1
2051
1483
28
266
54
2
2
12300
13
25
13
3366
61
40
2
29
1
98
35
1
22
1434
1340
5323
355
39
1
6216
1
54
4684
1
2
113
10
117
37
677
1
866
3
138
1
2
162
1
1
72
1653
3
9
188
4
14
136
12
2837
2
7
25
7979
4
1
372
13
7
9
59
1
157
2836
116
2111
126
1012
29
2
10
109
4032
10
2
77
19
1
2
23
339
2
2
4
206
39
678
42
7263
4461
747
3722
68
36
900
651
788
90
326
3356
12
38
13
59
60
30
8
4
1966
2127
7655
1
1012
1415
1
356
7
1
252
6
174
644
79
82
4
5
2
40
15
71
155
5
1775
1156
22
1
2
1345
4704
3
3
9
5
16
262
43
115
22
148
428
714
3
32
3
2
861
84
3
8
340
19
30
699
473
2
118
5916
1225
5667
8
1
25
58
36
532
847
18
70
88
98
3
5
650
8
2
2
82
1
1
387
2833
3
11158
173
86
11
12
2
7
829
3
32
74
2829
485
12
1
22
1
1
7
2
11
2
6
378
50
548
776
56
2412
14
4
591
55
99
14
637
92
2
1
26
2370
2
10
518
13
42
15
1
5841
77
1192
2438
611
6
3252
3650
103
19
39
11
3
1
90
2
6
9
2
46
9
1
799
11
64
117
4
6403
471
1
6
564
28
1
1
37
13
7023
67
2
64
7
18
4116
29
18
9751
2008
32
68
12
11
333
11
4178
3
548
13
32
146
9
12
23
2579
50
34
317
2299
89
61
13
1
32
21
322
6
1442
122
8
438
1
1
10
646
178
4329
151
389
156
355
1
3
1706
14
31
48
183
206
1
29
1811
1
4
25
7
4
1510
144
8445
19
20
16
1803
202
707
81
6
41
1
1
5050
6254
2
3
2
35
46
2
8
2815
631
5036
1388
1
69
2
1288
759
3
39
4
902
7
39
963
9
2698
1
66
1
6
2
1006
6
5522
2267
3
6
3
457
13
142
1
70
169
1
6488
2
540
133
8
32
7082
6
43
2
1
12
83
146
2035
4
449
145
265
255
1233
3
33
3280
601
1
9
436
1
1291
6
324
1625
2604
240
254
189
3
1
294
1138
1310
138
42
1
455
1
37
47
2786
235
313
612
2
285
1
3
337
1
16
367
2917
3
8
6
5
172
331
11
60
5029
860
124
1
47
20
83
2
136
1594
834
1
2130
1
21
3
1792
18
281
1
41
27
552
975
73
1
4
65
12
252
28
49
3
10
5
4066
2260
9
1864
6
167
1
12
2281
44
2
6
1187
52
642
230
2
5
617
3
1
2
1
442
5
46
2
1
4
21703
589
115
2138
126
102
176
5
3172
23
22
7
28
170
3
182
1
7
39
145
5
146
367
1401
1
27
35
54
5
74
35
87
1
2094
40
9082
18034
100
89
748
22
4
16
146
8
19
25
494
38
2071
1
269
171
15
7
1116
1
7
19
21
10114
8
14
6
5
2
2122
2
21
1
1
43
109
11
2
38
3
2
37
60
80
6
3339
162
409
1
1
371
460
1
1
1478
82
5
51
18
22
55
26
312
90
308
1
156
1
2939
7
3
1
109
353
1
153
3
793
888
44
138
1
5
20
15
1038
38
1
6
1
5
3
545
1
785
208
16
1
831
1465
1
77
3
84
235
4
424
1
39
6
994
1
281
930
120
307
11
1
59
602
49
30
3766
7
7
25
436
14
6
79
3513
4
34
227
127
3
3
404
3282
8
32
34
12
49
1
5
493
25
1927
8813
2
13
23
1052
3721
115
2
1521
34
1
3
6
719
1
124
11
204
699
6
361
514
2
4011
6
136
2
55
267
21196
2
59
80
4
1704
13
3
8
237
3
172
5
330
550
34
1
10
9
106
70
25
2
5993
2
8
23
394
3
271
1
1
78
1
5
34
58
3454
164
892
6
122
84
6
11
43
3
34
10
8
1
58
1339
717
883
155
4114
25
5
84
38
103
1920
5
28
3040
3
1
6
528
12
2
10
2
1427
593
113
2
3
1
2
34
646
120
5745
137
2
3637
7
1
462
1
59
2902
243
1783
1
1394
9
4
635
64
6
1
455
20
13
4
2382
691
1
14
50
7043
275
11
107
30
5707
252
368
8
7947
2850
9992
3287
16
60
291
71
24
8
1
15
52
2
266
2805
28
17
14
1
3
277
3
119
1032
120
2
1
2081
8
411
156
1
2
730
28
137
66
2
75
4982
14
2
1
335
119
2171
34
780
14
793
2128
8
125
78
1702
14
53
16
632
1
126
195
36
14
1
1018
110
475
5
27
1
7
16
1
30
52
17
13
29
3
72
5
36
64
3090
3
2
13
310
141
123
68
31
20
2645
6
76
3390
18
94
4
107
949
15
4
6
11
167
9441
1
4
2044
116
2
1
29
177
1021
38
15
1016
2851
16
31
1
1
1
5
42
10
11
21
4
3
93
1
5
2
9
1
773
2102
58
1
2429
2
94
1479
19
94
53
7
74
757
14
27
29
977
31
12
65
46
541
327
5484
121
7
1397
3
424
11420
3972
96
2
1
2
9095
243
340
213
9
224
140
2
935
110
52
81
915
4
93
4
23
27
1002
149
8
24
92
70
161
3
16
1629
135
1
1388
156
23
814
2171
1
2
42
8216
34
209
1
43
9
2
2305
291
378
1
3
143
8
36
1
15
9
3427
76
608
2
1
294
10513
49
7279
5
98
19
1228
31
2
16
27
1936
528
375
12
37
5
1
1
784
7886
524
265
4
464
3
7
1
15
3
98
7381
30
16
18
131
1599
31
319
9
7510
1
151
6
408
1738
21
50
35
183
1
4
117
4
1
183
377
10
64
1
351
4
18
50
18
6024
4
5
197
4054
653
54
11
14
2
44
31
27
31
4
5
4158
8
11
3305
156
896
4
5693
2
76
13
37
131
2
452
4
103
5563
44
110
5
8
2
36
417
27
302
2390
26
195
6
4
1
67
1
43
939
26
295
31
85
543
1
1900
459
1638
12
11370
3
3
1
6
35
1
3958
3
88
65
875
97
128
3964
2400
453
58
4
7
10940
962
5
462
2930
824
214
2
12
30
2
80
1122
2801
21
2
42
32
90
3
47
557
24
1102
44
692
16
64
916
1
7995
210
1
7
1
12
2
215
718
1
277
6
11
533
49
2
2735
15
1041
1041
3
6
7
9739
128
2
3
214
1
4
1408
15
1
7
14
8961
1177
285
14
2
466
18
2
3
21
79
3
45
11419
2
10
1
23
495
99
145
4
1
40
1
13
47
5
1
4716
93
71
137
27
4
111
13
1
3
526
2
1
721
213
8
4
3341
4079
2
2535
17
1
32
88
612
22
2
552
8
450
80
5292
175
9
501
1
7
239
74
4
2
1752
253
576
10
282
20
811
1
16
2400
295
778
33
1412
857
6
22
206
1
24
1923
115
24
1
2
2
1498
1152
1831
2
1
1
7
1257
34
2
19
6
2363
1
1117
21
19
312
380
50
4
5
33
12
1175
1
3049
4
2
850
6168
1083
63
9
412
409
956
851
338
1
257
3
14
10
2394
28
6
117
58
729
302
2973
139
6035
5
9345
4256
38
410
36
10
25
3522
32
64
688
28
332
333
15
18
5380
244
4
30
203
8
112
3
108
20
269
16
741
17
1451
8840
680
151
2
4076
1
78
2246
10
6
4
150
2426
3093
395
13
12386
358
1054
71
14
271
168
313
916
1233
1168
25
911
5
31
54
6
1313
1513
215
39
2380
26
1
16
1
383
335
4144
15
11
9
1
2
197
2
3
1
5634
190
17
591
1540
74
3
424
62
2
199
2068
2
2
1535
2
1810
212
89
128
103
2
2
679
1
5
239
7
2340
255
2
971
29
19
1
1091
14
824
3
47
13
1762
38
5970
568
1143
1242
2
7
1
1
56
35
35
6
21
3
1
469
45
37
21
6
93
2
412
81
250
3
2734
186
15934
152
1
132
112
54
2
4453
48
13
30
9
12
4
61
1919
11
723
58
1809
8812
3
23
6
652
36
14
7
26
12
8
697
21
7
4
69
89
1
45
35
2
391
3
98
5
1
70
161
41
43
19
183
1290
3
180
56
31
5
899
103
14
7
116
460
8
37
40
49
5
620
61
1
1
6
1064
1
37
3
7705
132
5
4
5
2
175
3
2556
2537
241
325
1131
1
4
853
77
649
644
24
1
1
227
275
4274
3611
23
660
715
1
1522
2
121
5109
1
10
53
1
26
614
2
278
3
136
29
6011
9
49
34
606
99
3
3562
11
1
1
2131
44
5618
49
1
11507
21
4
267
5009
4
2
149
562
512
2
1
694
11
2
137
675
17
1
763
1
8
1
1
1898
1
594
1
13
434
97
9
25
2
2
1
76
1
5
228
3
12
4
20
2
24
24
4
1030
18
433
5
4294
1
3328
41
3
26
30
10
93
139
2
1
601
307
453
1
279
1275
34
884
7
20
52
1
23
9
2598
58
38
155
355
97
313
2
1
23
160
12
8
11
1
50
89
5
8
5
18
1
4251
18
4
678
614
12
17
1
162
1
1167
5
27825
8
32
533
56
424
3237
100
43
633
1295
4
1
407
383
1
15
294
6
110
1249
13
3
60
2971
212
93
43
274
1
775
5
35
369
1666
2
424
1
450
60
64
1998
1377
341
2931
48
2067
1
65
616
75
5
201
52
1047
5
3192
140
1
46
527
5
402
31
1
1
2
2639
440
10
130
31
2132
56
13
15
333
1
2
2968
1
3
4527
28
2004
1215
4922
2
2543
1
324
30
219
3
1
1615
3
437
704
25
3
1
688
1
1
7
160
1
17
2486
17
2
115
20
14
64
1
28
2985
194
84
4
12
37
1
13
699
69
20
506
1195
25
1
30
5732
465
2
2
4
2904
111
88
71
1
806
55
514
78
82
3
91
1
10
89
21
183
11
33
10
1426
2
3078
3
3
132
1172
4
9
6
2452
64
244
8614
28
1444
66
7749
2
5
2
64
1952
23
1519
8
9
324
669
28
7
1393
27
13
10
214
2
1803
4084
2924
164
1
241
102
866
256
2
201
1
19
502
111
3037
353
86
1
10
1
1
344
24
658
143
31
1
539
1699
1
15
3
4144
7
121
354
1
6
4
1
31
1
1
29
135
1
18
2256
788
686
27
1
307
4782
232
12
626
780
12
250
6
180
5158
4
671
675
85
2
754
6
839
1
325
1
1477
9
1309
277
242
3
9
35
988
177
18
138
11
20
1438
12
1349
4
1
102
96
2809
51
1
57
1
1
1
70
8357
1771
103
626
54
2603
170
2
1237
9
213
355
122
123
908
192
768
61
3
2213
509
1491
13
85
2148
316
24
2444
71
3
103
2
89
487
1548
2968
362
8
17
13
3201
16
1
6132
2
7956
145
254
9
4
14
36
2
1044
930
1713
773
2
6
1
1004
555
145
245
1
846
1654
14
99
9299
3
5
20
377
2583
1
26
745
120
1
1163
1
19
1101
44
878
1784
5455
954
865
266
208
62
3
160
1
1474
11
47
55
28
2
2914
1
3
2
44
74
250
67
3
1440
1
2
8
10
18
1
81
18
246
60
1
434
348
1104
2630
5249
26
4
1
32
1786
5
27
148
106
24
28
4446
377
13
63
2
21
1
2
1
35
2
29
1
5
90
3222
3
134
69
320
9476
2
134
10
357
27
365
2209
27
157
1
40
1
141
1
7
1153
1
4679
6
1154
1
781
47
1422
72
2410
656
150
27
32
143
1
150
2
672
9
4
6410
2
1
243
1463
42
231
67
622
113
97
96
216
29
2293
2435
351
16
9
6518
1
1
738
12
509
18
6
11
422
1
1503
4
10
46
2
49
98
3
3
4
1084
1
49
9
138
4200
3551
1480
125
47
163
4
8
1395
1
14
4
5
134
103
306
1380
48
3
4
3714
2
1
1
508
103
980
3
6
2157
43
1259
3
31
1
4
5
12
20
2
9
109
91
255
63
21
109
4078
57
1
1292
2
6037
23
1410
25
1
2
22
11
131
1
1055
3
1
1056
142
4
2
136
167
1
54
4
9356
43
38
29
9
2
131
124
124
253
65
15
3
11
1
986
24
13
116
21
1616
1
3905
59
3
63
2318
6
2650
1
2
17
3
2
738
292
21
2240
1
8913
9
4
2
762
1
3
1020
11
1
127
55
1505
2233
17
21
294
2
298
26
37
5743
389
8
1415
1
2
1
59
1
1893
2
19
2163
3425
12910
8
41
60
128
4
76
7
147
1
10
6
17
61
1
14
366
5
1428
2
9
657
86
1847
7
1083
1414
5
153
4114
474
11
9
1
192
213
43
3
45
1
1093
442
26
520
51
2
721
2
5
11
106
44
3
4
1799
21
671
328
961
1
11
1
102
319
1757
29
3
1324
8
48
9
2540
3807
10
1676
1
104
12513
3
23
1744
1987
4
4
1
65
4
4535
61
87
85
1624
39
466
2
39
15910
407
1505
46
1
329
6
114
3
1
105
92
370
52
1
4
1
2
2
108
287
2485
7
2
1020
430
1757
1
3334
23
1900
2
1
1
20
1
11
7
10
29
525
26
2
1
2
4
35
7
4
1
1
149
2
2
172
221
1
2645
21
5
9
1
1
7
619
1
685
860
164
3437
2407
30
7
381
11
212
6
299
28
1
437
250
3
2
44
728
5
5
425
1
2120
65
4
16
967
1919
1
1
573
15
2969
18
56
4
4
5041
77
29
27
92
1
20
25
14
90
2036
4
1
34
3689
29
97
477
3
3
1
130
144
226
1578
2
2
1
655
20
1790
1458
353
20
2
31
6
19
6
9
459
2
22
1269
271
56
3
1028
54
4
6604
18
370
601
86
197
4
10
6
839
78
7500
3
1
21
2
2041
87
2685
1
942
4
51
844
42
4
20
7
1195
100
1
94
56
16
31
1664
6
10
22
31
4
94
915
1
59
4
477
54
6
208
4
3156
143
1
179
1
226
170
802
1
286
2
23
89
20
42
102
1608
2
26
1
2456
1381
1
9135
9334
1
416
16
49
449
4
4
18
4
1439
234
5
75
243
2
5
7
935
2
98
1
4
13
19
2
24
2
377
1
30
1
3
32
422
7
2210
2651
5080
2
12
4
34
1
7
19
3
4
6
4
929
1
70
3
2
2033
1726
13
26
171
38
2
17778
8534
1
2830
230
18
546
676
1690
12
195
1955
695
2
3
3
8
6
11316
7
32
422
654
38
13
1355
1328
6
1
1
259
43
13
5
11
5
184
9605
347
605
1
48
16
31
77
6
76
25
83
53
448
5
92
35
1662
4041
8
5
8541
2
43
342
2241
3
1
101
6
7
6
7
2682
61
1175
2685
459
106
4
4
9
198
7506
1
164
390
3
2
8
1
1114
45
2
189
57
9
47
2
1
111
32
2035
36
1900
1
1
3
115
613
3
203
44
58
430
6
14
2323
11
124
263
1
42
1
4382
4
15
726
21
158
20
15
234
3
91
3
482
2
4
19
1
6
3881
67
3
591
6
158
259
19
2
130
142
1
1199
27
1931
62
11
1
256
262
1013
376
1638
3
132
1032
35
1
2
223
1585
1
316
17
46
1
39
109
179
1
12
43
77
286
409
42
4010
10
89
2
2
1
1125
344
65
11
13
6
126
3077
1
415
66
16
77
1
44
1
4
200
2
29
2524
10
3
1945
790
1
33
187
473
1889
163
4
954
10
1394
34
2
1542
19
16
1
1
164
71
282
12
24
1206
454
1315
7
24
1714
3
80
2
2
154
1
1
3898
102
59
19
71
40
5
14623
2305
4
216
135
2
5
2323
1162
18
174
35
2
52
20
8
381
8
21
8
406
4
4
3
33
28688
3
612
4
66
1
80
84
19
8087
415
133
30
8152
1048
17
184
1
23
4
23
12
75
1131
7
106
9
190
167
638
834
17
1
420
526
203
2196
1549
250
2
1
48
3
80
1
29
240
2425
37
2320
1
15
73
1
4
816
4824
133
273
10
48
5
106
2
29
7
14
1
10
13
1
6026
6
21
61
19
1664
1212
3
43
1190
2
50
94
1
21
100
14
97
1043
1
16
637
3
1061
5
67
4
4
62
96
746
30
2
4
1
1999
2274
4
1
44
594
15
462
74
162
3
809
30
1444
1052
1
173
1824
1446
4
1
940
49
2
7
33
2
3587
3
78
3737
1
55
13
19100
136
1
1925
14
540
2
11
412
1
5
955
169
1
32
2174
11
4
2791
134
7
12
56
20
2
10
45
104
1
4814
3
2
554
2
2
2
8
10
76
1
506
10
16
8
305
7
1
2
546
1
613
10121
105
416
5
30
3759
265
3
15857
16
23
30
4
4701
23
9
684
234
4
1015
9
1
2
1
1
1502
389
142
29
43
1
1
1726
429
14
12
7
5
12390
17
360
4
14
8
609
60
1
6
21
882
1
4543
7
62
4402
1
25
435
1
4
2
1557
7
25
725
5
31
14
1
6
119
1
10
2442
42
3
64
28
743
96
196
3
22
2
109
212
731
76
2817
45
25
17
11
6
11
1
2
1717
139
3050
224
446
1
1
19
5
1905
2
502
12
6
1
31
165
111
1
439
3390
551
1253
444
3
2
2
4
1
26
2236
2176
5890
19
1
2
11
2
10
10
1
2314
7
3550
493
3230
20
1
5149
471
92
49
19
2
63
14
1
1
169
572
785
6
2
1
490
1
8174
8153
929
2
38
36
1183
100
7
56
1833
3
7
168
757
86
2
154
5
11
2
1317
164
84
15
4
420
1507
164
5226
15
51
4
243
9
5258
10
22
1971
3
244
86
504
1
1
1
2
1
813
806
1
231
183
11
2
2
3
2
42
8
9
17
1
26
12
103
9
1
1
4
217
929
86
30
14
2
288
1
11
4
7
1677
1570
3
124
11
2393
7
961
20
368
3
3
2387
25
171
19
1
1
154
1
2
66
1
5015
1
1611
20
1707
50
4864
6
276
12
18
173
6
1
12
1
5767
2
38
17
5
1
3
1
3
1583
6
1379
156
10
1
1
2331
30
1243
1128
552
26
11546
283
6
16
2622
1
1
32
1
50
231
29
19
5
157
8
1
1
2
2
1
20984
16
7
57
195
1
1
2544
13
3429
371
90
1
1578
6
20
23
2
24
448
105
6
479
12
1
215
1
22
8
2
417
55
59
344
985
7
4
2405
165
1350
1
5
3
15
2222
1557
45
1
180
862
290
5
12
164
27
311
10
3002
1
345
5
58
7
3306
499
2
6253
1
477
83
3293
4184
1814
139
108
1175
1
7
92
99
1
416
101
2
7
4
1
32
1
2
315
444
2
7
309
1
2
19
2
3
7
469
101
11
146
754
4
1726
19
114
189
10
313
8
10
10
8
3046
38
1061
1255
5
5
1
2278
446
9
3002
4
69
7
3
188
207
4658
1643
22
148
1
4
26
36
1
246
11
64
72
4
26455
12
4
12
1
9
265
593
27
1999
15
3
1
19
1
1488
1
166
1603
1
53
345
180
94
16
74
1033
3
3
1
21
4
5356
104
2
1320
2749
24
15
2
57
1
169
1219
29
11
1
516
5
556
6
35
6
1460
51
6
222
1
6
1234
12
4
845
639
1173
291
17
73
75
289
140
13
7
17
24
2
3
129
508
11
574
4204
252
1
1
297
1
1130
1222
3070
2988
102
1
136
9
9
45
5
540
2
3
8
3
16
338
1
5164
85
581
3025
10958
3261
154
66
28
6
287
14
340
28
81
2
16
23
378
303
31
1
307
17
2
79
1
255
52
1
26
1
68
557
100
12
3
9330
3
95
24
51
57
2660
1
358
1
11
4
30
1
12
113
13
1
70
2
3327
6
110
8
2
9625
13
36
55
6
3
12
156
2
464
2
35
2
79
36
4453
1833
234
15
69
1
1697
6
55
58
123
38
1
753
416
1
10
29
28
558
18
1848
1199
9
2
5
85
257
29
3
167
2
1
9
2655
2294
80
84
43
1
10
462
3415
20
632
2
1064
12
11543
2
14
1
18
454
1
18
1027
6830
6
8
26
1
59
764
13
9
56
2
1329
1290
426
2
162
9
502
2136
190
1314
3
275
419
160
1213
806
259
771
14
1
3
260
78
9
3833
39
24
385
313
22
1
2684
3
48
40
58
2
12
791
99
56
173
8
2
39
11
15
53
1
3
10
7021
446
14
4168
129
33
100
6463
1
1
15
856
646
42
14
1
118
5568
1
102
3723
4006
11
37
3
152
12
41
367
474
29
20
3265
17
32
24
406
101
3
172
74
6
1
165
50
17
118
1
2543
1243
3
2
1
257
2850
52
1101
6
31
18
19
196
19
69
54
2
34
14
40
624
114
10
2
3
28
1
4
12
2286
11
3607
79
1
105
1624
4
80
1
4
1
1
6357
9
7386
3475
4195
305
1
6
1074
28
2117
171
1061
345
417
7
8
583
685
58
13
6
310
918
1
100
5800
155
26
35
47
39
4
28
25
3
8
1
2
1
895
80
83
10
30
13
57
17
6239
50
6
1532
99
1
37
26
95
3
2195
3
74
26
11
48
55
48
47
3151
22
2
348
607
4
2
36
1
6
1416
14525
3
42
506
1423
1
113
78
116
2
26
5
358
1441
12
1
37
3
79
107
2836
6
598
1909
29
11
1338
21187
6
9
170
235
196
2
282
69
4
3
328
14
11
13560
1
19
84
1
4782
726
2
37
28
1
1
7
972
24
3
4
1
28
983
99
11
814
997
5
11
164
43
3
425
18
63
4478
2911
275
51
2459
174
826
119
1
2
1130
17
1758
22
208
283
155
50
4
72
2460
60
9
2
3
137
438
1
5
134
1
5
682
480
257
642
52
2179
2
1
2
185
965
118
1
17
16
3
5
79
2244
241
1
1331
30
485
287
80
372
2177
61
35
13
188
2479
2829
67
12
4
38
1393
12
1
1
2
5566
148
37
854
47
24
22
1086
1
1
133
136
2
2
3636
3
10
137
472
103
174
5
160
241
7
58
2
188
1
5096
3349
4
150
5
6
12
639
16
9
307
321
1
879
2
11
1
3
2594
2
226
4232
470
1
296
1
4
431
708
2130
4
20
818
6977
2
1199
5119
2846
790
8
149
6
54
1
8
12
1127
71
12067
5003
391
12
87
1
16
21
125
13
363
2
22
35
1454
1035
1631
5
32
30
35
35
2077
94
11
9
27
720
695
1
214
27
2
2
13
24
46
2
42
271
4
433
867
8
355
4646
4
95
2246
1
1
10
30
5
96
1
9
64
3
2388
51
4
41
24
1
28
2
321
2545
2
28
1
4
220
207
19
115
14
7
560
1
107
2369
2
12
3823
4
11
7252
616
1874
1372
11
2
1
92
2
21
97
1285
26
2
3107
11
9
4702
960
2
1
1
420
84
7
32
6
30
113
1
77
2462
37
1134
6
351
12
168
3
359
10
66
3
9432
363
1
3
6
7
411
232
3969
81
384
3196
1
220
23
66
15
37
32
43
6
89
4
15
207
406
3525
661
956
51
126
103
55
1973
5
33
2
488
3
12
5
106
277
2
7529
12
90
3102
3
10150
1
635
82
1
19
3
1812
31
1
7
23
5
2400
1
1
1
21
3
36
18
7
49
1
1
7071
658
192
1
1
700
63
2
2427
1
1
67
47
16
132
67
31
34
746
27
2742
7371
2
1
1087
32
1732
1
1
2
152
43
1842
1
108
184
36
5
5
1
210
55
3592
185
46
205
2
1470
1911
14
144
4
496
1
1
83
1
68
380
7
6
2000
10
1
86
1
2
44
223
122
2
4
984
1
27
222
1
1
4324
160
4359
2
6
1
27
1
10
12
1170
322
588
3
3527
2173
256
525
4
36
6
8
10893
42
20
30
22
123
31
218
4
257
117
84
21
1
5
3
936
6220
39
152
3986
20
15
11
6
129
41
1430
5530
44
1235
92
35
1
26
3486
6
451
37
1812
56
10374
2
2
37
2
52
2379
1463
506
4
438
27
24
6132
10
20
19
25
99
18
8338
581
3324
4139
19
7
6
4012
1
2256
239
17
74
364
5
1
9
214
141
62
13
835
1
740
3
5
96
56
51
42
54
17
629
52
590
2
806
1
19
2
8518
8
619
103
361
1202
41
1581
4
598
4
58
173
4
1
1
52
186
3
3
1
57
274
1
4
13
28
1354
153
79
2201
1
100
1246
1
42
247
32
93
72
109
765
7
214
3
223
3
17
46
83
1
3
36
43
136
191
568
402
1941
2
2
99
1042
1082
164
1
529
8871
10
3
113
42
41
1129
1133
253
6
135
650
855
44
444
238
458
26
9
593
10
7
2
1
340
2
67
986
17
534
118
943
1073
210
1764
2
206
4
13225
50
206
59
68
4
825
314
2
427
100
5
4868
1121
16
1
2289
46
2
5790
1567
13406
1
2
150
24
4
3
116
501
41
9
69
1657
24
84
54
1
1
2262
2503
65
12048
768
9
12
733
1
10
2409
2
6
13
10
13
2
17
239
1
3
43
2548
1
2
210
429
31
6
1
69
1566
7
25
3
13693
17
108
39
23
2200
1
3
703
4
30
2
1
13
2
21
314
53
23
351
2
1592
4
11
322
141
971
4
1
6
10
7
37
3
1
10
1
174
227
3552
262
7
284
159
491
9200
1083
2995
139
1
1
213
29
1385
21
4731
110
575
30
1
1102
5
796
8
8
4750
2
14
138
1
1
7
2811
1
81
18
104
5
1
1
1
13
11
21
3
6
534
5
72
121
335
233
19
1
1
2
1
45
8
2470
58
6
1237
957
3
1
43
4
60
3
3269
1491
1
73
6
9
209
2
3701
2
22
1
5
2
818
81
3
2
1
2
1191
27
1670
1
347
2
8
51
4005
92
47
2
18
103
774
69
255
28
22
1557
4
1
3071
202
241
2968
212
3
5
7
166
1602
5
3
2
1
7
2218
1
165
706
156
4
1
3
591
4408
2
27
292
4206
1
6309
54
5
5
84
7467
72
10
51
27
12
118
14
30
1285
13372
6
158
25
26
1633
1
6
464
28
17
1
267
312
2
115
253
6
123
2545
1356
4180
26
12
5
244
1181
2
5
2
2
16
15
17
3
289
15
75
11
3478
23
27
7
581
1227
1
600
2
3
728
1
506
8
2
173
3551
2
2
4
2
34
625
21
1198
96
26
72
152
45
1
63
4
1
145
1
1
3989
375
38
3
1892
13
236
13149
25
2
880
7
2878
4
179
54
2
1422
45
19
32
22
2
500
1
28
551
2
26
5
10
707
18
139
493
150
92
2
1
1
490
78
6242
11
1
10436
411
1
70
1
4190
31
11
206
6
12
4
15
3
992
2
24
9
768
20
79
71
213
17
31
2
20
2
349
3
4
2
1
2
71
106
19
1
1
5
61
1
6
18483
3
946
7
112
242
2743
327
1
1
317
1
3
39
84
54
1
1
2
2
2
72
1
1522
1
2
1021
101
469
2
3064
1
1
2
1481
151
111
7295
56
1
170
3
5026
1
2
8
1
1780
41
2
36
5
7
68
13
126
1081
44
1
10
2
87
4598
595
88
800
40
4
266
1480
998
1177
1
8
14
472
29
24
104
659
4
6
43
234
1035
1
5
1
1
37
2
1
26
14
104
263
11420
3194
835
517
1
141
842
42
11
1
7
1
1657
7354
3
104
66
27
56
28
47
136
5226
3
5
86
34
70
27
42
3
63
12
763
469
2
3817
2459
1495
994
31
16
452
3
31
2173
103
39
538
869
6
254
110
1106
593
1013
1826
1
99
48
1
285
1
1961
2972
11
5
79
20
10
89
148
34
3
295
5209
16
702
527
7
16
3
177
94
70
2
8
1102
467
10
25
57
5353
2
3
8
1
415
1
8942
263
30
6
3
2
3255
410
8
19
1
106
1
1
7
2
593
43
2
1
2
881
1
694
2
17
23
621
2393
506
60
103
6
372
345
12016
61
16
2
13
2
104
57
6356
14
9
2
3
3
5392
1880
107
8
1640
8
905
3843
33
235
5
4
135
1
67
6
3
1
14
5
3
6644
2
7579
2
2
1
37
738
1
2
1
439
455
1
9
1
1324
12
9
741
1
2330
20
6858
118
6
147
238
12137
785
217
4
5
3
1
5
415
2171
196
20
461
32
5
15
405
99
3826
29
100
3
1
2
1
1361
726
6
53
6
860
11
5
4
21
15
574
18
3
663
35
130
105
28
3
104
478
12882
484
2
4
102
3058
1
7
26
1409
1472
201
24
18
1
11
29
12
10
999
110
181
54
1
4
114
320
1
1
408
26
1
1039
5
4
19
2
1
5
1809
1170
14
32
26
195
858
17
14
361
9
1
2841
1
1
5345
3352
7
2
1833
271
16
52
981
3
81
1
50
3318
28
1
45
6
935
16
11
210
216
215
2336
10
10
364
47
642
106
1649
7
2
11
4
7
86
230
10
473
5508
1
25
29
114
1
4
33
39
4822
155
534
246
56
102
114
1
9
12
227
355
1
27
1
163
17
1
347
4
6290
3
1
467
4
20
2
6
7
3
125
646
1530
3
3993
1733
1
9
2666
1125
10
3575
60
273
8
4
2931
39
3309
55
269
3
381
18
7682
1
1
3260
1501
3
3508
13
4
2537
152
462
2
1371
242
504
88
44
8
1
1
8
62
3
6
2
76
16
2869
74
4150
753
188
1
12
311
10647
84
7278
44
37
1
2876
44
41
18
2
1
104
2
871
37
61
1
12
24
7
12
3955
301
61
1
4
122
287
2
2
403
2
38
3107
181
3
453
2
10
34
360
101
11
449
3
7
316
2
1
2162
24
258
5
263
37
1163
170
1
1491
1
504
1
4242
5
1
3
2
471
18
771
6
1
6
2
1959
8
3
50
1
4
98
2
201
94
544
2615
1227
360
5
2290
3409
1
43
5
4700
10
51
28
1570
49
3
10931
44
87
35
84
17
61
13
10
10
1
322
1053
8
220
3286
608
486
2264
1
16
263
267
5
161
472
2
25
1662
26
14
5
33
162
2272
10
312
23
960
16
146
1
837
1
244
57
4
3
2
49
5982
130
11
8061
1957
59
541
58
5583
1
13
2
7
8102
22
4
197
1
3
2
160
153
620
1
2
51
112
34
5
29
1
4864
16
175
332
2
13
1
2
14
1
3
3
32
3
1301
5
4
16
5322
586
4
521
4016
24
779
146
1
87
31
246
3
284
19
8
25
2
2378
3
68
4
1
2
254
3
52
1
303
341
15
168
34
19
8
391
16
54
378
1844
55
36
609
1
3
4
172
5
424
4
15
173
3
3
5
25
16
4939
2
80
423
31
8
438
160
1
142
11
6886
71
26
1
482
154
953
334
1499
2
16
2
204
20
2762
772
26
2
1478
4
24
20
2
3
13
9
720
9
100
1
1808
90
12
123
1
1025
161
3
3327
110
1
1
2
107
1
523
26
13
173
130
63
375
2
3951
1
392
28
334
1
69
24785
1
13
14
4
110
10
1
55
1447
722
11
1
665
5
32
110
450
644
267
9
1
1935
6
82
1208
519
107
157
2
4
16
2
3
508
681
2
39
2842
3
8
6
768
1
560
1
261
3441
2
16
123
270
5
1
588
16
3
20
2
529
1176
2
1
142
1
11
76
7246
54
103
158
14
6
97
8
6877
95
1
7
59
386
31
22
654
786
3473
67
92
17
74
8131
1286
4079
16
1
3
2644
34
8
223
1
150
2
56
1
2203
3167
11
197
4
5
1023
4546
3
257
163
1
3
27
2
661
13
111
16
30
2
1
6
2
1
4
105
3
10
12
10223
52
1396
4
22
1
10
150
29
8
2
46
1
71
184
335
87
2
306
24
2271
158
7727
1440
1620
444
511
4
93
8
79
7
1
384
3
920
2
17
7
11
49
176
494
1
6
721
13
331
3
4
124
169
31
2752
8
745
923
40
74
1
5
9
14
2
219
2
65
111
893
15
1005
157
474
144
80
8745
24
2
2
5
13
2
14
4
75
2
45
9819
392
2
14
14
2
86
1284
52
1
3
359
8
129
552
1
1