27448988
6899
32
3815
111
32
114
62
387
54
1
50
49
4
70
29
1
2
816
32
1578
43
13276
1
429
11
4157
129
4231
65
2153
6
7
1
7872
334
2
43
446
957
7
179
2
58
3612
32304
104
29438
1229
21
25
157
176
9
1
5049
1
2
1
2
1
17
2997
51
200
2
1040
3
1
100
2
1226
669
21
39
126
97
54
2131
1432
338
2744
6
30550
18
59
679
17
1
2
6
1
10
10317
3433
270
23
1293
2001
362
156
2
13
11
10
1229
11
16
3
843
798
2
15
1
2
1
8
224
1492
449
1
149
2
35
1
3647
21
902
206
56
1332
32725
430
918
196
9
1
7
31
29
1955
55
881
21
4
6
33
1049
4
214
2
19
14
28090
5
88
1337
104
106
1
4
3
20
23
1
2
32934
680
2382
2244
9
496
592
74
19
3515
226
277
1911
207
128
584
202
12
36
39
18
1
59
120
542
311
1
1252
5770
306
21679
20
7
893
1
3
2030
1
21
5809
6
22
1
1
3
1
39
14216
4
14
226
3
2655
11
3
522
2365
10
1
9
50
1722
9
722
55
4
371
44
2998
2199
163
3185
5
3
5
3204
307
1049
4393
23
9
14076
119
14734
515
1
1449
58
3
1098
85
829
27385
1076
144
5
359
1605
5573
9
1115
2766
7
224
670
17
316
3291
1
1
756
1757
1
11
284
38
2133
5551
1097
10
1
16
7
2
11
2
15450
1
4
5065
1
1
1
27466
112
12
5283
14
12
45
9
585
1
22
38139
1
11
16926
1355
40
508
3982
2
1
23
1
35
1676
1608
272
1
799
538
10
1
5
2223
4
59
1
53453
215
5
1
637
14
1511
1086
107
1
1
189
768
2
27312
146
4
114
11
9
408
24
10
701
9
64
2237
1
11723
250
41
328
5
10121
23
112
1370
108
1
3
3
36782
549
1099
1
19
10
32
13
3
23
2561
19
6
106
878
5
1
1957
5
31
8507
135
11
347
123
614
13
714
914
2
1546
2229
3
6
3
28642
6110
18313
8
3142
238
200
152370
712
42
143
1004
2
188
15
20919
1754
684
3804
2
1
8190
3
2774
5
9722
60
277
7225
54
40
9
6377
1
31
332
351
289
1
1858
9
2
2
1
2
65
4
78
14911
23
239
6
20
6
4
12012
1
2263
63
4
1330
4
5587
3
6
18
2333
1
58
1
1
71510
3
10
10101
6
6
15
2
873
468
154
8
7
52
1
30
398
2
302
175
16
32
2
16
10
952
28
847
10788
10
1
2410
20
1898
18
10996
3
22
1
12842
11
78
3
254
102
1
66
49
4
35460
1
490
167
5
48
32
28
13
55
624
12
2691
1
1063
1
4577
20
433
376
161
8
2
14685
7
4
36
4
782
1
79
391
3
25
2581
16
36
6013
7
1
2
91
11
1888
1
3
1
1
5
182709
1
1
2
1
40170
7
2
70
77
2598
116
19
32
176
33
993
58
2
1
3
24236
106
1323
394
1
51
9
4
474
14
158
2873
2
5
2
10
1873
121
13606
521
121
111
144
344
8
7
2259
7
34
58
9053
3745
2
2
3402
1101
331
2
3
58
4
542
4
313
2
3
239
1
1930
3
2748
2
1
1347
2
217
9
10879
3
4
55
3
3
1731
21
162
479
33
1915
5
2
29
59
989
1
501
20
1
140
339
27
1
14960
1
822
7446
885
4
4557
1
12
18
6387
606
3660
20
9
25
343
2
2
11
388
71
3
7
3
4
1
35
1
44
567
5439
50
7980
2
18
30
3
598
39
8
82
4
5
6
287
7089
2950
30
2
47
16516
41
2
1239
20506
2
10
1
2
73
2557
842
47
669
2
4
40
8
15
149
7620
3242
3457
442
11
1
1
65
20
1
2
4
15557
9809
1008
2
80
30004
53
1
72
1
20
41
524
5
115
7
1
13
7
51
23
6
278
2
4921
7940
21
200
57
6
1
425
3970
4
1
777
118
2224
21
64
1693
7
491
3807
6500
2
3
6
5
8
135
1177
8484
40
3
1137
5359
2376
706
15
426
7402
691
78
16
7707
2459
4622
1
1
82
1
542
51
1
1
207
111
1
4588
16
15
2844
7
654
2317
827
1
4
99
394
1
135
530
1887
1
541
2
1
40
50
7
103
370
1
1
1016
1
5
6
1
6207
7787
7
831
855
1
5665
37
6340
30
1263
18
1
6
6
1
1
328
558
5543
80
7695
5
4663
108
14986
55
10
8
12
2
8
20
1
119
1
2
1505
6
30
1
11
2560
54
1
65292
337
416
119
20
9
1
13
11
815
1
10
40
2
1
12
11
2542
5
40
122
9
1839
10
6
52916
4
1688
343
1148
35
3
4
298
124
129
53
1
21
4
393
49693
95
98
8591
3876
3
76
5
1091
3722
66
42941
10787
173
5
714
353
41405
2
762
134
1
519
2578
78
6
5078
2384
2
6
70
3
807
1918
65
3
2112
2
7
7
12340
2166
9161
1469
15
1135
19
7
6
36
7020
1
30
3
43
2409
22
37651
2
3786
30
13
7
31
232
75
4
203
39
19
25
6
3
1
877
2
527
33
30
2
56
8413
5
43
12
9
12
1
14
1
21
28
1101
274
5
14
5
1
1
3211
2
1201
3316
2828
99
781
247
21
5325
6
864
2
1
3376
4
303
4601
2
12
1
6325
832
5
1
1
144
1139
1218
1
6001
5
4866
2
2
1
3213
3977
16
4732
15
487
4
263
2
86
4669
263
7
20
1
12
1254
1930
3503
1
1
3
46
5
8
16
245
135
1233
14
6
26
1042
4973
44
2787
1
596
180
2
6
17
10
491
12
67
18
591
21976
3
250
988
3
51
5
301
59450
50
3
17
711
11090
15
46
11
18
4
583
14785
2
1067
1
10
44
1
6
120
4480
7304
9
13073
115
11
255
67
62
1
151
13
6
7335
15704
36
548
143
4
8
81
10
13
499
27
153
1
1
9
2303
453
9
94
14
1247
18
127
11
12
142
6932
2
21088
8
143
11
4
147
17591
8071
119
1
46
44044
21
128
4418
38
1739
1
3
441
1
11
545
76
62
4
186
94
238
94
225
1
4844
305
22
120
1951
1
127
9575
6
38418
134
428
19
4
189
923
9961
2
153
29
7
152
8262
3
8644
56
463
14
22
3
267
9
1
13306
65
16
3203
22760
1
4
1
6971
41
453
22
1
1044
21
1
7
53
2384
19586
93
5920
2
175
158
412
3
33326
31
9869
26
4688
3624
653
1
1
771
4
1
2
1
421
10795
1
1
42
11
2
1
165
2
4
3
13
4353
361
255
1
6
1
6
1
2359
3
28
3
5
3467
9732
1411
14
1
4
2
9
870
2735
167
698
176
139
7
5
4
1078
44
43
4
47
1
2441
229
2
1
62
22681
2
1
1278
13
2001
10
21
3930
11871
342
5
1
140
671
55
12
999
5
2
72
4
25905
44
90
14854
9
22
83
26792
7
1
946
5
1
24
2
739
132955
115
1634
1
3
22538
4
57
617
1
22
2
9
134
3
4732
77
2289
7
1920
45055
2
1
10
20314
232
44
2301
3806
160
4
811
22
77
13
14043
39
1
15
3
6426
1
9
8
2
2
1
58
19
2866
2
63
1
4
433
214
148
63
51
2
1
1676
3
27
4
2995
5
405
6
66
203
1
668
6142
395
70
1
1148
1
680
30
108
3505
1633
18
2
1
1685
3665
3
6
1
4
2482
17
40
4686
75
2
20
4
1
12582
11
21
4780
8
935
48
30
16
12775
1
51
19
6
206
2
1
1845
16
93
2
14665
178
6
2
32
7
153
14
141
5
172
20
193
84
595
3
4
9979
1
207
10
1
6305
2571
36
159
3
468
99
46
1
90
96
4
1
24
4
2
44
524
6
4
1905
4
2
7573
4
7756
323
50
324
4867
23696
6
34
1837
84
247
225
12
17553
71
37
2
4501
2307
16782
35
4
61
360
51
3
2
90
215
29
4
24
1055
6
15086
693
19
15
29815
31
29221
110
3
45
1
11
1644
6
51332
1
14
1
44
1
30
182
5
15118
55
29
9
2
13
728
181
10
10567
1
1
1
477
4
5
711
7580
9
5679
57
85
546
27
16
2410
2
1
42
1
12792
2711
2
4
81
108
2
751
3
32
29
48791
3
9
7372
179
2
14
2
4179
3
105
15
73
9
326
144
20
6
412
774
346
7959
3
31
232
1
6394
21160
72
65
527
2
26
3571
6716
2
26
75478
1
9
62
1519
12
49
504
3
2
2463
1
118
502
2
404
1
3
4
7187
3474
1
1
6
16039
55
1827
9451
2
1
7102
5
122
3
23
531
1
12
1
62
41
2
2
3
3809
5
1
225
6
135
2183
360
574
36
8
5
221
372
20
402
3795
12
145
436
11471
530
21709
1
8
374
6
618
262
8
7
5
3
42
4
1422
5304
2
6181
104
3
473
7
3
39
19
2
1
38281
10
5
276
76
14
1
17
1430
13824
3208
269
3
21
2
2537
193
5
13
2
51285
472
7
4
8084
101
1
1
2
57791
20
2
1532
13
3
5418
339
36
657
2377
2
2054
9325
1
2658
277
2
85
188
4984
144
10527
2
36
45
112
6560
42
1
14
1
7
340
1016
3
46
1695
12967
66
1
3236
10535
2908
48
10319
1
32
85
19
55
175
18
5
17
331
841
22
462
37
7
41
3
12
255
102
3
9047
2
803
1
285
30
2
42
5
77
59
29
85
2
118
9
422
6
582
730
5
1
11055
1
1
3
11867
5
39
13
2
1
5304
10323
13
342
21
8744
1
1
1777
2794
4426
1
55
23
22
1188
1
21
83
1
114
10
9
12
3
75
328
135029
3
49413
884
17
8
8
2
729
4
256
1
16329
18249
1
1
71
1
679
27
3003
2
113
2770
9
15
1
23
366
1069
9978
2
893
1
2
10
2
238
139
1596
143
2152
1
15
594
2929
12
21
1
2368
1
2756
52
379
30065
1339
1
66
2
5962
943
1791
94
851
1
1
320
9
1
6
18
3
1752
4
382
2861
18315
10
1
6
29079
8
1307
672
3
1475
88
78
1
1
47053
1
32
13
1
4
27
276
13
25
124
652
642
6318
16
1
58
3624
1
272
2734
5511
250
2593
153
31
40
1
2
2
3905
5025
2774
1927
386
1158
1
1
65
123
11
4
357
175
1
1588
946
2
457
3
78
99
625
1
9321
22957
2362
47
22
61
1
135
2473
96
11242
11
4
164
160
1943
3
314
217
43
465
7
63
92
275
3
8618
1
2
2
1484
7
7
438
22
1
2
3
7814
384
709
610
96
28
5
67
3
3206
1043
238
11
16253
1
769
4
1
118
115
2
36588
1
1
1503
751
208
6737
20
46
34550
399
14
2159
10076
223
79
4
19510
3
2
733
94
3
1
11489
136
1
83416
9779
5
665
48
1
229
5152
59
6926
29
140
130
94
16
22
4
124
1
1
165
91
1
3
81
8
63
16
1498
4
21
96
66
707
2
312
22466
7
1337
70
824
15
1
300
395
212
209
81
25
917
373
10
664
71
2
5
7
9058
10
1
853
6
1
196
46
13
7
102
73
2
901
12565
1
83248
16
14015
22498
450
5271
1
8983
134
1
2
24
558
26
1
68
6
70
8
9
4
2851
12508
12
9698
1
2350
15
16906
3
14
42780
21124
776
1
16923
9
1686
2
8
9
95
36
1279
24
5
5
123
16
32
1
27
41
2
39
3
77
7
2
1
49
1
38
5147
1218
4
11
1
263
1384
7257
854
589
733
8
2131
5
10
37
1
19204
490
1781
83
4582
18119
9
1734
7
62
2340
4
23651
131
2
2
132
1
9229
820
44
1
857
2991
187
216
9
5570
10
128
10
2
672
193
739
2
23
39
3
491
22
53
116
118
5
102
30
6377
3335
1677
1
57
129
34
181
2
30214
11
636
1
259
1608
5242
2
2
123
22
5442
26
21
35
146
8
155
67
2
20
9
1
236
6
45
8
11
6
133
982
1
5
15
12
1339
5
14337
330
11825
395
117
27
1
1
89
6858
1
15
5889
1
443
53
24
3
1
239
1
5772
35
25
135
14
2
64
6955
675
79201
2
376
1347
25
312
10
3
104
2
9
1
14586
179
10
2
4925
326
10
4941
17640
4
2
4466
114
9
2
1
180
10345
14493
916
3
27
23395
2
12859
3
35
74
112
10
1757
14
16
1
23
128
3581
7
646
44
262
256
1
309
295
674
1
2
61
15446
9508
209
7
10
59
2
15557
946
1
25
1
252
7381
1
4095
1
46
33
15
59
1
231
117
14
878
3
2
152
584
1
1
8161
2
46
4
1190
2
32
3
8
2
81
5
244
31
78
4
22
2
38
142
604
101066
14
20
12
31
1
11
22436
1
18
32
7
7
42
16655
5
242
6513
7882
9
4240
100
6
4091
1463
5779
1
1
23
8
4
1285
2
1
4
7908
2
6937
2
1
968
118
48
11
83
1
12
29073
7
1
1
2079
71
1
3
1
402
23
262
1181
835
38
1181
371
456
1293
220
1583
181
1153
2366
163
141
5
18
1
10
3
1
2
20
17
1
998
171
6
7766
8
455
1
86
51129
1
122
1
1
54
69
3
69
119
1
4085
3673
10
2
1705
1
1
2304
5
2
111
2
2
420
753
320
854
4
13
2
804
8549
148
2067
1042
3
985
673
14
10
187
369
18
211
3
2
4
1643
102
7420
2
16168
101
1
1989
6
27
1
1
109
1890
1
1
9
8479
4
49
3
1
7
24
2272
52
42
589
2239
14125
10
2
11
29
441
3049
1
53
3
4122
186
5713
1163
426
9849
482
33
922
121
25337
15
16
2
3
288
2480
55
27013
153
292
647
4
118
200
96
758
11
9
2325
5848
3202
7295
5
6
180
560
15
2
24566
13184
1001
56
7108
106
12
345
291
2855
20
6
25220
6285
2
468
6
33666
21006
69
1
13
1
416
5
20
1
18
1
58154
31
1
75
21
2
8
166
64
56
2
621
202
5
12
2
414
8
351
184
11
6915
14
1
17224
4
4
22
128
26
93
84
17
22178
4713
19
6
17
25305
3959
1
2
124
91
11275
7
13
2
151
1
11394
24
3
3623
340
100
18703
25
1
611
282
1
5
415
23321
1
2
301
1
12
10
3
236
1
313
10476
210
107
17
2
80
1180
23
2
89
79
12170
129
12
39
2
1
683
13814
1
8
9
14
977
226
1170
714
1691
20
92
38170
1
3655
112
12
3329
666
125
1
42
1175
10
9
52626
29
3
1521
9
5324
28
41
2755
1
9662
309
141
3201
1
4
7755
1
1
1
3
5
763
29
300
72
1
170
4
8
248
38025
127
2392
3
1580
116
4
29822
663
12
2
78
1075
9
1
60
1
10
1
2
703
54
109
4
80
734
258
100
62
1765
82
10
407
214
12590
6
63
2
1
48887
2
1
6863
15
1
16
11
1
95
29
583
1385
47
16
27
3452
58
2500
7
1083
10
10824
77
2
23
4822
220
11972
1467
1
7
12
303
1
1
1
40346
12
1
58
32
3
6
18
7
1
176
5
760
1993
3425
82
10476
24
9
91
89
39
2
49
68
55
4058
43953
3
1
1
9
6
69
2
3
426
363
13
2
5
6
1
52
1139
2
59
5
61906
9
3
1604
13886
7
2
14
5
1142
3
3
1
2035
817
17
5
2
1
2586
18
266
27
28
853
127
876
1
2
381
287
1629
9717
3
13
20039
2
1
66
41
99
103
58
4
4093
2
18
2
347
1
96
3
1658
2
3
30
1699
843
801
3
5449
22
234
5
1
49
2
2480
2455
1265
3
1644
6
734
368
4
12
2
11
65
1
9341
2475
1
42
3
28166
406
2
1
2
165
3
10
1070
6378
59173
7456
51
1084
1
8634
1111
3
52
1
2405
761
10165
273
554
2
75
1
8447
3
10
239
17
4
1
6
3
909
14
1
1
550
6
146
7883
3
1
3
2
33857
2865
290
2
1
5
2
3
18
11
15655
5493
5921
12
101
5
12367
3
889
18
1
18965
25
15
846
1
200
1210
9612
2457
2
7894
2
4
1
2
1599
1135
6730
25
5
4
10
21
143
2
69
95
7
2
16
109
3
35
153
15
10
967
60
28
7
1
16397
12949
52
3
23149
15917
1
2
1283
3
29
1977
267
17094
15445
9
6
96
292
11507
148
2142
2955
40
11
26345
203
88
25
1
12
35748
47
4
1488
1
6
967
1
1808
4
6438
26
1140
21857
444
1
116
59
2
42
272
312
1
21
2
81
2
1157
44
5101
1962
28814
6
416
1
5305
6
3409
1
1
2
23
2
16991
1
8
4803
6760
3
7
13559
886
112223
225
85
3
2431
95
679
10
23
1
17
76
22
65
2
49
1183
456
7
4885
82
5
7730
11
16
1570
178
71
15
273
319
21
1
8
176
50
2256
87
2
57
630
44
7592
87
3187
4601
735
214
21
314
31
608
141
1
1
1
469
7
95
4
1
245
1
10022
41
68
379
57
463
15
1
432
3582
7
1345
23402
36
41
3560
122
15
15951
7
1087
16
280
836
22949
11
1017
374
21
8
874
1
23
1
34
197
4186
1
1
4
6
1
3
9
6
38
55
149
1218
288
712
131
7
382
6038
6
960
11634
184
1587
150
307
75
16
44
6
8
2
6
1
1500
7
1026
6
707
15
321
4
22
68
488
2552
65
11
64
6940
609
10
14
1
897
1
1
1
5376
65
2
2
160
4
1
5
12
1469
12
10562
398
45
42446
1
590
158
750
11
3
15596
8515
479
231
43
24
12
5
1507
394
54
1
1434
1474
2
24
3
1505
217
9785
24
44
6
3438
1
13
343
14275
4
21
2256
1
38
994
431
8620
457
32
5
7
79
156
1167
908
2611
2
32
415
4549
3500
3
3975
69
2
39
7437
2
91
1
7636
5
24
10
219
46
95
13559
8
6
5923
1862
2
2449
29
14
3788
8
325
1
10
168
17273
262
15
2476
32
619
697
6803
917
370
4
231
1
4937
14983
14
3
9
2
2
262
4
99415
695
1
4
193
273
5
1
366
2887
64
25
3
69
1227
1
6
11
3
20
167
11
11
1
2
3472
1917
2
5
98
7
24
4
5
3
116
8
15
141
20402
97
3056
521
836
4432
1458
2
181
1130
74
3
9
13751
4
2026
73198
2542
27
79
4
394
97
102
17144
1
1
25324
15
1
2
1
259
1209
26
34
1
3
319
1055
194
5
562
6394
5
107
9
2
43604
69
2
84
5
19
17087
14
1
86
2
1
2
86
17
7
1
133
11704
84
517
51
90
804
3
4685
5475
2
1
2
5
2
212
705
39
679
4
1925
11524
1
1297
6
1
1
6008
46
1
1
2082
105
12
632
5014
9
48
1
6
6
17
1725
636
8342
1735
70
1835
31
852
2
225
1546
11
3858
2
4
19
1248
7317
1738
4592
116
1
16
3
20385
79
591
14107
2349
2020
775
35
6
1507
212
26
3058
63
45
13
348
6
1449
1
5
5
339
7
13195
13
57407
20
50
24
22
48
1
3
1764
1921
3461
4
16
5
4
13
8275
11
422
4
4663
96
1
6
10
83
1830
26
548
27
372
4
1518
2
514
259
8
129
2
3
247
1929
13
20
35
1
20
7259
6
132
2377
3
35605
53
1
2126
8030
1
10
407
344
1
140
10604
83
97
3
4124
5523
1
269
2953
17
493
690
130
1
15786
1096
118
4
1
14
1
61
1
275
2
55
3
115
1
1
14
19170
28
592
1667
8467
126
811
561
3
15
117
307
2820
34
7
3227
1
334
8
19
2
130
602
2
90
10
6
1071
7527
181
10
1
5
1
168
22
19191
6
1
6
38
32
94
2
1306
2
1
418
17
110
1
204
25
15
4
1
101050
571
84
187
774
1
141
1
1293
650
650
44
41
1083
4
3
93
1
11
1530
440
257
55
186
2
3
1057
151
13
604
1
182
1
252
7037
2
6
6
13810
99
23
20
7691
6
1
2
1291
334
87
37
1
10
7
1453
3254
3001
19
1
7439
5917
30
3
2
1
1
124
22165
5
1014
1
8
8
5140
2
5
53
2
75
121
4406
934
21
24
28
1350
1453
259
23
19181
525
1
2
72
2
35
64
1
3167
8725
1
1
6
849
3951
562
134
46
384
6
444
16787
205
67
55
2
1
1
11108
461
6982
9237
7
6
14
1141
1
13816
53
14370
23
2
12
2
1
634
3
1
6941
59
181
76
28
154
997
2565
153
52
87233
377
2
200
1
2
47816
5
1
20
169
1010
465
5283
26502
30414
382
2
21
38100
7231
3895
4444
204
1
13
465
9
1
571
35
21681
746
12485
80329
27
70
421
1
103
37934
60
80
54
1
2
266
1
15
198
55
17
14
4103
75
2
739
10
216
155
6013
12
30
11527
4
178
11
7438
750
16
16
17
10
2
102
117
240
12436
1
2
1929
22
3
6
12
65
79
360
5
8
3
5
13981
849
2068
8
217
5
2354
1
1
4
13
32
10
468
22
20267
1077
73
146
76
6
1
972
25
21
1
25976
6
1
716
452
816
1
365
15
18
58
1312
31326
18
2713
9044
2
56
11802
6106
203
1769
2
9
363
1274
2
187
1
326
2439
9945
15
1838
25
3
144
17043
137
9
27390
118
30
1
9
28
6
2648
384
1
3231
1
6
147
1145
45
5
2
1
12
4
1
1
214
31
2
776
12
2
2
10
27
906
65
729
2048
1
838
27
1
76
9201
9
5
43
2
22
50
3
1
207
24
1
30225
559
2
4
2
1
11
136
2106
4
36
861
5166
8358
6
3687
15
184
2
22366
5
36
16
25
7677
6
843
22413
4181
19
679
8
18
48
4201
180
8422
11
184
10321
13
86
181
3
6174
1589
2
79
43
23
16
14
453
4
1
2
39
179
178
13246
2
8
23
3
24176
383
122
45
8
652
2656
1
270
190
364
46
27992
14
63
2
1191
7878
43
1
4
5746
2
233
55
39
32
3
2
58
14
45951
2
220
1
18101
1
81
13
4
252
2214
6
3708
1
2
41079
4
2
15035
2
1
5
16
1859
8
1
4
39
4
3
1779
2
16
271
214
3
9645
152
855
652
47
1
30
124
1
26
592
4272
644
1
63
106
15
6
206
6201
153
1
1959
32
20
5
11
3
4
17
33
416
279
255
1115
4
3002
1
2
470
38
208
2081
212
259
19598
78
161
7
19
8
52
4065
332
113
621
54
145
53
10932
3
2
714
277
7530
1214
2
2525
134
11
14
664
12
1825
8849
4
1
804
175
3904
12
5
1
3
29751
3
216
741
3480
1
9
1
1153
51
3
15
51
1181
112253
286
1743
799
2
4
3
339
52
20
6673
1467
1
1
100
4800
1
2085
1
9380
6
19
8
1
1
28
103
2
14820
5
1
43
349
162
2
1
37
2
17
125
2040
385
1
92
947
1
272
87
44
1163
235
816
1644
63
87
3
1
50
63
3
15
16158
1
1
1
2149
4
25
5
2
9
175
1163
245
111
42
9
8544
584
3
16
9
16
4401
1
74
1
58
3
243
1434
438
4753
241
8639
20
68
5
966
4
32
54
1
1
10
14
4
606
23
7
6
2
25
466
2
1
69883
24
2289
2
2
24097
767
130
135
17
12
24
1082
28
5
18
267
332
10585
4
1649
79
1
21
1465
627
33575
868
886
317
1
6113
2
21
13684
5116
2097
855
28
2
74
16
44
24
2473
77
2
74
237
1
28
1
47
3
2070
7161
8
3
3566
45
1
194
3980
17
1
45
64
3
3
6
324
11841
2
632
3
364
2
4129
1
54
35537
344
17
14
26884
179
9
1
17
2
1400
624
52
202
1
3
1
1
10425
624
1
3
6916
4
11160
22
12681
4982
2091
1
1
1
22
31
1
3735
66
35135
801
98
815
648
15
2
525
5
1744
5790
5652
316
91
2
4008
1401
1570
36
39
27
2
1992
1228
1
4
2
1
3
127
563
554
24
2
3
3
307
3668
1
1145
7
2
861
19
17
8655
303
17
72
41
52053
14
1725
6
542
51
37
3
514
1361
136
1
3072
1
3
43
34
2736
4
3912
5
53
856
1
4
2
15
51
178
3
7
3
1
758
7
1
1767
4361
1
5
2
1
1987
1306
74
9361
421
2
2
1138
13
5310
845
1
1088
4317
1
104
39
70
6
1515
19
1
53
243
8
8940
5562
89
132
95
191
16
3349
2015
9
199
3
299
3
817
25
3510
1
19
113
70
1
1
19
1
2
1884
1640
4
1053
1
1
666
77
5
2190
1927
3038
134
36
34
7685
12717
38
5
4993
25562
1
2181
550
1437
5
29
61997
15177
19
524
6
1324
4
3
142
1568
289
9572
53
448
20162
165
3
14113
139
129
1
89
797
320
10
83
15
6892
1
10
2
5
1
11
12
5
476
5
1
5
39637
12
65
1728
1
1
1292
5
10989
18
781
1
1280
59
5
886
8
8844
4
105
5186
41
386
7658
8
67
1
45
246
348
32
7
4764
13767
95
3
14611
183
691
483
1
481
10501
28754
18
10
2
6
290
1734
19
15564
1
24
1196
12
21059
45
5298
386
358
9522
1
198
5932
322
271
55
2098
1
108
9775
43
444
125
301
4
2030
43020
2218
1304
9
32
5
1
1504
9
3075
507
4075
7049
118
1
5
1
99
9
1
14531
194
678
17
8
2
204
17009
3447
164
61009
300
162
118
1
7
16
1
5998
1184
40
1
8
33
1
43
10
1
2
1009
1771
2330
26
88
347
12084
1
100
43
520
46
6
1
53
5
191
6479
2583
3
226
2
100
12
621
3
5
1
7
372
171
1
1
81
291
273
323
2
26
73
25
252
3135
44
170
9691
2
20454
1
365
12
172
223
1302
9
4
1
21
1816
5
9
1
722
415
785
308
7
30
158
195
11
83
1
45
1
93
1511
9682
62
114
16643
1
1864
6878
4587
954
58
1
97
184
1
1058
275
25
2
4
96
256
3
78
23
131
53
232
41
156
1
39
650
102776
53
1
87
8
206
32
7
190
8433
1
247
2
41726
1348
20
6
62
74
6
2
84
46
4848
1
1
1
2402
461
23471
305
12780
4614
113
5
7
6
36
5
22
3
118
1
2902
34
14
3
24
159
413
81
1
3
35
2152
1
1
1383
46
105
13
2728
132
14662
155
44
2
4
11590
1
1209
32
1
318
2839
19
763
11161
31
53
2
177
1
7
2
44045
25
74
1
13134
1027
53
5
18
26004
1249
641
1
223
60
10
8
520
3302
1
3696
117
225
4
81
3826
1
3710
47
2
34
136
926
7
4323
12266
9625
54
1
3586
1
4
11486
106
4
5
61
31
7
43
4
82
29
43150
1398
1902
9
119
1201
139
33
8
1
396
1
590
16
1
49
5
7
1616
26508
3
16
30
19
4
1
188
81
50040
1
1110
2607
314
17
5
2330
26
108
14373
4099
11
1907
104
1
1
56
647
3905
5
37
1409
2
792
24
1
683
49
1912
7
40
4227
23
193
34
3085
2
107
44
2019
3487
558
4
13
15
20382
26
29
5
3
340
207
41
21887
965
2
3
2
6030
3640
66
66
17176
1
7
50
2484
189
102
499
445
1
39
3
7
28
1442
5
2
5705
17
4566
1
97
1
930
135
346
2
94
3
185
122
374
3
16
1776
102
1
34
6883
2532
1
1
460
4
1
23
35
14328
847
22
46
1787
110
7945
3700
91
1667
547
133
15
598
2
14
1380
16
1289
23
2487
3
1
1
499
2
2
16254
1
16
297
192
13413
1
1
8
1
3
3671
3421
206
585
2673
134
1
1
1
25
1
10559
13
273
1
58
10
1
2
1644
76
4
139
4298
4
39
9849
661
149
149
133
79531
1211
4
1
4
3795
270
5295
84
1
157
4
2321
41
8
6
1
606
17068
1
1
2028
23
1
10266
1817
1
11
233
59
239
9
2
8999
969
35
44
64
475
60
2
12
3
31
2
24310
709
974
4
12263
287
2
1
886
8
7
4
125
149
1439
236
1
1
1
3075
36
2
50
184
2
2699
4
44906
45
235
2
2
411
1
1
84
3
1
15
11090
100
9
63
4
7
211
10572
6
5
2046
591
18
650
361
175
79
4
8007
15
845
39
7
3
2
4
6
22
219
86
65
3
63726
2
19237
13
1
6
3120
4
54
12
1759
30
106896
2
1
269
1
189
5
9
563
1
878
12
23
5
9
475
4
670
25
5693
174
9
1
11
161
2711
37
6563
15732
5955
37
302
472
1
1
1
3429
24
61
11
228
19
12
3
25679
38
6
1521
2
32
54
11
95
81
10151
149
19152
42701
32391
5161
271
28
26
3099
481
35
1
8052
3204
582
57
6
1
7581
871
257
5
499
1
873
4
180
5
23
6
191
3
13
4
225
1
4
1
32
113
1
32
57804
113
253
1
47
14
10669
865
537
2
33
9401
168
45
16
9
2
172
64
5
3
15278
8
1
330
10801
334
15
466
83
1251
12
2476
906
1
1
6160
21285
11
4
1416
4
269
33
4591
23
464
10
50
6977
1
1
5
1754
23673
6381
1128
7
539
19
2
6
45
9
2011
232
2
9
23
7
34
1224
3
93
1
291
1009
1
799
8
11
1
3071
494
21
66
1190
1
15
13
3260
4
3
256
69
636
27545
423
1
140
213
6
1055
7762
2
51
556
20
17
125
8
16
103
2233
37
10957
227
2
7
2
788
22935
19
1673
911
68
44
2
33
960
246
35
19480
1
45
1
2
3
74
414
1
22
8
4
15
6
11169
6
4
394
4
10
1
14
21
3
1086
3024
4528
4101
1
6498
690
21058
3
58
1
177
5
176
1096
1
41
2
1
36
1
12458
11267
937
3415
43
1
738
521
1
40
906
869
8615
2
2479
126
2874
24
13
153
8
277
1
1
1
7
8
591
121
47245
1
1978
6
3807
17741
32
1
19
1
35
2141
7202
1680
110
21
45
1899
203
12
291
26118
92
521
1
33
10
2
54
1
2661
103459
3353
231
177
1
92
149
319
38
145
55
2472
1769
3
135
39
1495
14
11776
10086
29
4
1
2
6340
3
3
5819
3
2
1
92
394
1
19424
69
55
101
20
43
1
1
3
5
5
1
817
100
33945
1
4
11091
122
64
44
1
6
396
6
17
27589
154
2
1
4
217
6
756
77
3
25032
2
1
7
10
32
508
13
2475
916
1
6463
24
12
13
6915
1426
3
792
240
304
20698
21014
1
19
8
16699
713
13
40
13063
11
1198
7
5166
3
3713
332
409
511
1
1
2
17
5929
6
7977
1
18
1
163
16
81
32
323
2
1203
444
1
4
272
3
6243
4
7813
101
5
360
10
50
27
67
33
13
2
1
22
231
1
4
206
1
31
1271
62
10981
71
4
3375
15
20
1
265
1
9
20
6
1
63
2
1533
305
3
122
21
1861
63
1
836
10
73149
3
1
1
606
87011
1480
1
229
2
702
2
10
47
3
39
18
555
17
8
1496
7
332
147
1
1535
7
1750
109
52
9
7
30
3486
30
3051
9
232
1
10
1
302
3
4912
45
5
341
11
3
7
27
125
1
280
628
156
187
29
12295
6
6
1
975
30792
11
2
65
1
1566
26
263
2
8
3
933
5
6
10179
10
1
3
65
5
1
117
167
10821
5
1152
1622
80
7070
1651
6825
6958
1521
1024
70
26
23
5
13
13788
1
35
4
37
907
5113
2
28
105
223
1
10
139
69
193
2
133
71
26
9
1355
3575
1
368
467
6
12
14043
39
5889
316
986
29
166
9060
14
17711
203
18
1838
21
7
11
1
455
1019
27
8
1
5
2
11
2
11
4
8809
80
2
207
2
56
4644
2692
687
6
2
3
2
4
10
5977
2388
50
47
20
16
3
83
1
98
1
2
1
2
30
4
5550
24217
65
1
126
5442
267
2
3415
63
1
1
4
80
22
20
80
2
11453
20
13
6464
37
19
210
49
11706
757
1808
441
122
48
16
10696
16
59
150
56
14
5470
2585
35
2162
270
65
15877
1541
11
21
43
117
4
169
1
9132
1
143
20
68
39
8
2
3
2
17
5637
148
438
19
590
2850
30
3030
16529
4
802
7
124
34
624
4
5886
3
712
1
3
2422
202
1
8
370
4
5030
2
109221
2
2
1
34
29178
62
4
139
8
1
39
17401
325
443
371
4
7
16
3
38
173
9
12
172
12
81
29
17
11177
148
72
1
1732
97
1
5591
2
248
27
62577
16594
58
10
2656
993
3
5018
12565
91
841
879
6473
4
1
11947
8754
65
145
3
4
4
46
34
1
5988
683
21821
1
854
6
60
38
99
18273
434
958
2
5
1202
14
963
23
2
3
321
774
2
14169
3037
2
135
24
4234
24
3040
4
26
1101
23
4
10
1697
10
12
37
100
558
939
2
69
40880
11575
8
33
349
212
1
43
15
22
21710
731
34113
81
1082
1
1614
151
54
24361
519
1247
3182
1
57
33
26
6
350
4
6
1
17
128
474
22
2722
14287
9667
31
575
3
2527
17964
4
12532
10
3
7365
10
124
5
1949
6
367
1263
29
54
2170
1804
25
83
30598
7
11
3
1
2
1
5200
3
3
1
5
70
11
6
2
512
3
22
4
27
1699
1105
2
3
280
77
8117
102
8952
19
39
8
238
1
21
1679
8
21
173
683
5
2371
3
1
3580
72
8035
3
127
128
22
2
1179
1783
1097
9
10
660
242
1
552
13
35727
14
1
18170
1
148
24
496
585
109
406
9
671
355
571
419
23917
3
22
421
341
958
1356
5813
2861
9
10
9
13735
83
98
3237
8
3
29
157
10405
3965
90
380
8
11
19
37
10
3
3851
34
245
1
29
8
16
59
9222
8326
77
2503
14235
2
2
2
181
1094
173
64
355
11
65
4
14
41
7023
5
12757
1
129
29
4
111403
181
7
21
175
1
1931
9
5260
1
1
105
4
1
652
19
3480
1972
1
9
6
4
15
82
17657
10173
518
663
23
3
789
16
8
288
11
981
1
1
7
7
40
3605
228
983
108
1
4094
3279
12682
585
48
116
1
1
1721
19168
1
51
58082
1135
1306
689
66
57
152
3
2
5337
208
2
19
1
46
543
1106
1
2
21
158
2994
32
6594
41
70
605
3
9
1284
30412
465
839
37
1
4
2
743
9841
1
31
2
50
890
455
6
34
13845
2091
22
30
1
2
84
232
15
14244
1
1
313
24
19
36
16911
109
106
9
1
7
1
1
1
11
94
4206
546
2
47
1
17932
5802
119
2
3
4
2
16439
1
53
15
9921
3
16
210
1
1
54
3
3464
23807
2467
22
192
1054
6
2
7
10117
2158
1
8
4
6600
2642
879
172
304
21
615
30
3003
7
147
1
1756
1
63
7209
624
29
3
2
3
227
105
5444
8
3
57
1
463
53
56
2074
1
11
1
682
1
389
693
26
35
16
1
63
549
1
3
1
2
24
3233
1494
272
107
1
1
3
1392
8
69
1
1588
2
1065
134
410
2607
341
5002
46
25
515
15997
2246
1
6
82
4596
2
42
33
1346
3
3
2503
41
159
2315
48
602
189
367
2
7
1
110
1685
6
3
150
6450
1
1642
15481
135
2080
76
44986
65
160
35
89
1851
99
3
21
1071
291
3104
246
73
1613
19
990
1833
46
3
63
238
9
10486
4
670
39
4921
1
5
801
135
2543
7359
1
4
114
8200
91
15
2138
166
1
1
13410
9111
13
2
141
7
13349
9847
32
4984
14
4
14
695
1
469
39
8
78841
1
2
13
1638
2
67
2
12692
1
5
25
487
8
2
863
6
3
4
98
2
1796
118
80
297
2
944
124
17
430
53
705
27
359
1373
1109
7
5799
1
5
3
7
25246
5
24781
1936
4
50437
22956
68
213
217
28
240
385
72
1
2
8
33
2
28
581
4580
38
709
6
12280
4016
1
1522
28
56
10
16191
3298
82
9
38
940
456
2
285
11
3451
8154
7
4
1
10
1
1
196
388
9
27
6
225
23
16941
1
12787
815
1
174
276
8379
1498
1
2994
17
1218
148
724
7770
1
1
428
25
2
1456
4
14587
19
38
1
1
2
2501
2
7
2
208
10382
18
63
9
1169
534
285
408
12
1
19
1
275
18
1
5501
4197
4826
3595
1206
4
18
44
130
20239
1386
11
5
31
405
33487
151
1
1
2
8
6
64
308
69
46330
27199
2
27
7715
1
87
1284
185
137
5234
11
247
67
46
30612
9
156
3316
12
7382
10
3
6
24743
12
2
292
84
9
5847
6
16
4
9
1
51
9976
1291
1
1
43
15
4
221
510
1032
1
6169
6
22306
1
2
22
231
51
260
2
5330
88
217
1
146
2980
9
2195
14515
30415
1086
69
24
4
5
1
4908
1541
7
2
23785
29425
1
14
2
34
347
102
4
833
441
2234
644
9508
25
10
1
3991
2
1
2849
8862
368
3573
5060
1
2
2437
75
14744
1
42
8
887
52
269
2
4
6
96
408
61
101
378
1612
5718
2
117
1336
304
506
560
3296
416
6015
18446
638
3746
1
612
5049
1
1
210
2
37
25
2
3258
1
3
44
2
3975
21
50
5
7103
20096
10517
31
45
9887
4
1
47
8
3653
165
3199
2
69
17
1
6
15
90
7
1053
137
13
78
22
93
7
6
5906
40
449
154
719
1144
1
2
6222
13
5
9791
1
666
1809
6624
727
61
116
7
42
5
12133
1
23097
4171
8
1614
7565
308
14
1
151
38
1
1
61
298
486
49
1573
423
1
2
1
1
82
11
11
102
14
1
84
126
7
2
5235
598
2
40
123
6648
97
3
6
163
1
1464
18
1
4630
838
3
180
72
2
22751
458
61
113
30
289
62
3
7606
1
8
4
150
420
53
398
97
41018
5
11
25710
3167
783
3
38
21
31262
2
1
47
680
552
4565
6313
5030
171
4
37
13
691
588
14
11
16464
46
1
3761
21
3
84
219
1
2
15
956
3
1
2
1
8118
1
6464
634
360
37527
2
1
538
1806
319
75
22
1489
2
7
5838
473
15286
23653
442
12
3572
687
9780
26
23
89
5
61
3
7
38
1
4
7
306
30
373
753
1232
366
2
22
4
9172
299
1287
2
10088
180
9
13487
130
3
3
17
8
36
102
286
724
105
65
5
8055
21229
46368
47541
1821
4
32
2
20477
143
1566
3
16393
14
11
4
5
2
62
7748
1
384
8
1
55
54
125
97
11
18557
20
6
1033
55
477
26022
387
36
4288
4
16
21
100
3
418
6
370
2874
1
10754
1
51
124
8
1
1
1965
4412
10058
2
4
64
15996
4
1641
5067
4683
13435
468
82
163
181
6341
2292
2212
69
487
7
20
36
1
162
29
2
290
21
5
5
60
328
2
1
1
16
1
7
1
31
1139
1
1
1682
293
9
6819
606
9
174
15
1
1
3
290
163
13
1197
24
2188
6
441
20
56
3
221
400
2
76
19
4154
741
6
1
154
638
33119
1395
2049
21
345
22
1
144
7
1
2
1
4631
2
47
81
411
116
24412
7
1
1
1
451
22
4439
21
69
131
1
41
234
1477
394
15
2
2
78
2
1
1
1890
3640
15
65
31635
3
40
59
160
41
28
34
24226
19
172
12060
2
16104
303
2
53
63
6
136
2
4
29
1554
154
108
114
12432
5
1
103
3564
44339
3
4
56
20
2991
1
3619
9
111
27807
3
158
1841
13
11
4560
1481
33
123
4
22241
421
607
1
797
1
8225
1
1045
3
9
34
14
19
80
5
2
116
4
267
1
81
61
12
61
2
1
14
6349
2033
1
3117
10561
85
4
5
716
2065
13330
1
66947
2620
852
6759
3385
3888
22
1
2
542
163
129
672
1880
31
36
378
1
1
1
1
16
1
13172
2
120
8748
52
1996
7
231
17224
110
2949
405
30
1
969
2747
16
2
18
4
1
388
321
91
17033
15
2
153
1
68
8380
18
164
7
292
5
7
3
16840
12360
235
1
15
275
935
38
40925
29051
8457
8169
5
1
10485
2323
27
4
427
761
5324
4
4
3
21345
229
1
127
2351
384
10
436
593
690
4
45
5
200
10377
2
668
1
2002
6
1166
1
6701
694
32417
2
302
45318
2070
83
8780
28
2
2
33
4
344
12
1
10
38
1510
2
1
3428
80
5
8846
5204
876
135
27
3
8800
646
230
683
209
19189
23
1
4
220
6726
38
3
18
722
34
2831
480
1622
1427
15261
199
2
3
26147
1
3917
313
14
31
31
4
360
5
4182
3230
1459
1332
662
14
2
9
1
53020
109
24
236
8
33270
1268
7923
1
7
156
626
57
3
6
4
3
3
214
448
3
15
34
200
301
2
926
17
471
796
1
16065
621
192
13
22
1946
6
1
879
220
847
1
4
465
32
4
34
3
2
9
170
7509
26
307
188
1
40
2
47
1
3037
6
48
97
4071
16
2
176
1
1
246
9351
1
27634
2
2
2390
1
5
14767
300
4
1158
1
1438
79
11808
6
41
72
4
2
61
2
2
58
2122
205
5
4190
74
2
1221
379
1121
41
3
14
20
26953
754
148
15
135
43
1265
342
392
202
72
71
14
2
7
1
2363
48
625
486
7
5
2099
204
17
35
17987
3
16
97
2
23293
543
2
9909
5912
3
21
635
1
11040
3
10
1
315
96
1
1941
15752
64
1
3
10362
138
20
39
1
19273
29837
14
581
124
8
465
29
3260
7
1379
482
5
48
7
11038
70
9561
5
113
4
11
27
2
34
3
4
145
6
16
20494
1
154
2
194
20
1
9
10
7
11883
4
197
1
2
20
1209
31
2
13
26
9
1
657
684
2
2232
547
4
408
179
555
4
1
3
31
353
1644
16438
6673
2667
3
220
22309
1
35465
24
15766
4404
209
66
1
924
3141
896
10
830
18
7
36
327
68
2
3
1
86
13673
412
1623
18
1
8
9
35061
31
1
101
172
721
59
1
42
14
137
23
1631
6
1959
4711
315
3
409
2
29
240
6315
9
8
258
69
1
20
24
44
2
20
3207
7
3
10946
39
1653
13
2120
5
492
2
3501
1
53
6
388
1
237
11165
1
14
10
12450
3
32
4
3
57732
90
182
1100
525
47
1
1387
2
31
3
146
18
5
1029
2
13
198
820
5
27717
2
243
4
1988
52
60
58
11
2505
3474
624
20
5
55
1417
66
5
79
14790
14
1
6
121
7
1224
3306
14
4
131448
1
2
116
24
12
200
13
85
2
2248
5
19
1
417
30
2
8
9
770
214
6
1194
30
401
14067
2
25
1074
1
6
10
208
60183
1
2
8
1433
32865
15
2935
56
7
4
4
1
579
31310
40
3074
14
7
5
71
845
11
22
1
1
98
32
3
4
9
50
272
3
17
42
3
1
80
31
11678
11393
150
4
12
5
46
5
10
13
27
619
61
3449
72
2
405
29
10
3
135
19
1
2
151
7
15
694
14
6
1
3146
29
1
14
1207
26
42
20
13102
14
539
226
301
10
20
10519
45
2
16
1
2098
5647
285
3107
15
2
952
154
1
15
5
1988
1463
106957
16
40
5
1447
31
6
3
274
21
26
845
9978
7648
338
16
61
2
47
2
79
3286
203
2225
25
11
7
17130
4
8197
470
171
6
756
40068
2
461
1
14
22
3
88
8879
5807
16
428
1963
10151
1
19
752
470
30
41
5
1
1173
4
10
5
75
7
69
38
1
1241
66
9499
208
1342
20
12
1795
156
1
24
2
352
13
24
3
8
6810
334
398
14445
22
1
17
1
1462
37
4530
1228
2568
4
33
2259
1255
101
2901
2
18
148
54522
4
1036
1
5172
58
57
2530
979
45
390
25
2636
1
389
5
1
1001
4579
1
2
1374
273
1733
5
37
3
838
3757
14313
2
127
144
1462
820
1
1034
2
2
9
524
2
7
1
1
33
6
1
25
889
45
3492
2215
18
3
3205
3
93
1538
62
28
35
1
10740
259
1
11
2
55
8977
25
16948
9
39
20
227
18
17
1
7
32
134
69
100
23
3
46
32
2
524
6
3346
1
1294
5248
189
1
30
415
2
3670
1908
5
5250
26
56
782
2881
36
6552
1
1
13574
109
7008
3
26
6
11
18
3
1
2
134
42
49
494
12
1422
86
15
21
55
24182
526
2
464
667
1
737
4
7
3211
1715
63
4435
22
11830
1
17
262
20368
2334
1
10
16
1820
289
91993
8327
10
363
1177
5360
71
1
12
1
10
4858
17
72
1762
11
217
6
328
3
49
788
28
20
499
5
109
12145
12
9
21
1
1
10
5
10
1
1972
2
171
295
2
14
4
762
20
29
84
3
791
3
11
3
146
1
35
80
1
689
8
12
1019
1859
20
214
45
22
1
179
132
7
27
1979
50
5
1359
4
1
2
1
29
8350
1407
150
35
58
20
249
1
9777
1
3451
2616
224
41
5
1
932
54
85
1
2
4
8923
11
3
7
1552
7
89
1
3775
190
43
176
23
1
772
87
69
1
3584
32
4939
1
136334
1
1
7083
6543
20
1
66
20
583
12
46
75
1340
622
1771
3177
35
11860
14
18210
3089
52
36
1653
1
2
15
18
146
141
2691
147
1
25
97
18270
4
22442
354
54
114
49300
5
28
128
24
69
11
367
1
4
1873
336
2
39
7
18
2
2
1
385
452
246
509
77
2
17937
2
9043
22326
1
15
44
8008
84
1665
29
13588
38
88
5
39628
99
3
2
3
26
66
3616
2
2284
1
4
20
1
37
3
11960
1655
1
41505
4
5
11
243
45867
2
223
23
34
2
128
11
965
3325
1
385
10
33
278
1410
344
96
2
131
9
601
149
138
1
4
5350
12942
4634
3
54
15907
7
341
64
464
5
25
22
16
2322
232
36
67261
4879
49
8521
68
15496
6
8024
77
10
1
6150
14
37
7
231
14800
775
196
35
823
7
114
14
602
228
31
20
3546
81
5
4
706
2029
11
2
298
6946
14
369
185
2
82
301
92
22
13
1
730
3
1
2
1
209
2
50
52
6
3067
2120
1497
267
18
692
20
7
2013
6
4270
1
14
89
1
71
1021
2
3754
5
8380
3
1
103
60
1
205
26
436
5
762
5
6
24
679
7440
17
1
1
2
2
14594
10
10
2
430
19
270
26128
11498
1436
23
13
46
1
35132
12
92
5
43
42
2
12
9
350
4
1
11906
43
581
1
5
9
41
59
18
30388
71
524
1117
3
405
1
145
104
106
159
11
1
12
9399
1048
1
17
20
43
3
1
4
19
96
4
3
1021
1
957
2
491
129
1
290
6106
4
5
8
2163
7
6
1
11069
2076
317
51
34
1
3
7
1
8
2546
1
1
1
3
2
6756
1
1
5
18
3182
1323
5
30
39
6
1276
30
36
142
3
2
2
16
47
17
51
39
13123
2
226
54
67
1
69
7
3991
3
35525
35
203
10
2
56
622
70
477
390
18
2
1
3422
68
228
1818
10
133
11175
3
18
7259
1
5
19
27
1
8
1
5
30
1058
9
24060
2226
6
112
704
7
1
2
557
17
200
2
92688
2
1
5
10
31
199
93
172
2090
127
6222
220
44
2298
4
7
6
1
20
39467
18
4
1
6
26
161
9
19
1365
28
676
48
703
8151
24
1
44
11042
4
27291
2
40
152
560
1876
87
2212
49
87
1
200
1
366
13
7353
19
907
11
3696
4
2
1867
1
53307
31
5
1
12
12
7
56
17726
1
127
1
7
20
2
2203
156
3
4
9791
27
3460
1
573
12567
3
5
824
9
638
13249
806
1
21
921
35
5
483
2
13
4216
9954
223
2
1
40
92
603
5
13230
46
336
2
69
15
2
1
6467
5
4
17
1
8
5
4
49
6288
85
1611
109
4
13
269
3122
560
1
30828
2
2
1637
68
1391
744
6191
1
2
198
1629
1
3
337
1
2
2104
41
5
60
223
70
256
2
16592
8
1
8347
2
1
1
10
5
35
2
3
40
5
13589
110
15
760
2
222
1
156
4
62613
4
160
963
70
4
291
134
80
1
671
1462
1845
678
2
3
30
488
319
2
5
404
1
1
4624
49
1338
2
6
495
12
6867
1
3
12
5
14
4
12
55
646
79
7
1
2
1131
64
36
15
1746
16
4
1626
4
2
3
574
136981
711
562
7977
225
16
61
1
769
37
25
2
2
51
328
3001
1750
9
4
6246
1
16
105
6
72
2077
1
44
1839
59
1
25
38
7
105
12
925
7
3
1
2
2
23
37
9720
2
31
5
71072
2100
2391
3
56821
13
5
1
41
4251
32
2
575
4
96
148
665
175
863
27
14999
1
668
4
1817
127
79
14
3
1
142
2246
2
13
1
2840
16
3
21
32
215
14979
19
3
115
119
3017
18
5
1
34
266
70
2
1
11760
9009
834
23
2
2
6
2
1
139
1
1
1
1368
5292
75
416
297
214
3054
57
9
13
2
120
688
241
9867
5
7
63
684
6
1195
2
4
2285
6
5
210
6
3
50
1146
20072
1
488
3
1138
176
2
33
7
80
91734
1518
14
1
1
469
108
77
15607
202
2
6
45
4
25470
2
64
1408
9099
55
757
996
5
2
238
20
6916
23601
825
39
7
6
1756
3964
6
12
706
161
15
30
1
4432
112
166
4
2
524
3
598
322
6
2
8
381
3
398
7893
17
3
1
3112
2
1458
136
7
43
8813
29
1
8495
1
13
37
14
14
168
9
4990
3
10
17700
2
1
12
5
10286
1
325
200
1
9445
799
1429
4
121
25
354
8
147
2
6438
30
1525
802
20
36
47
61
196
276
13
43
1
3
56
694
10
1226
409
89
36
551
7
3
358
64
68
13
666
21
8
2
45
9275
39
1785
1
4010
2
108
6223
17
27534
11
7
8607
5
106
643
2835
100
24
1928
1
150
1517
161
1
1556
5
20
971
735
4284
120
243
6
111
1694
136
14921
202
359
26
3528
5
105
4
17978
3
21477
6
254
108
1
4
57
5
13
1
1
3
7455
16
163
293
82
9
8
1
9
446
192
1089
1
4106
1160
159
52
1
20
1181
5
4
340
38957
602
92
14
229
12
6
7514
2109
354
39
9
48
3
1
3
7
1582
2119
47
392
155
28031
49
7
4881
73
22993
9649
332
155
4
2
8
4538
231
17741
2
82
1207
1
237
9
35
786
9335
6857
951
2650
2437
26
1
364
22
25137
4404
75
1497
1463
2
527
1
1
40
1
5
137
22
11676
51
84
120
17
370
6
2
891
34
91
321
2
4232
669
12838
1
1010
1
1
6
875
4
4984
1
514
2
627
30206
14
11
2323
67
6
4
6
3810
277
5605
9096
1
674
1235
230
8963
81
107
2
7228
862
4972
9311
1
96
8
2
8
48
6897
1524
3
1
3844
3
92
11
36
24
1
9
3
4305
7
33
1124
2
31
35490
2
1
52
4
15
3065
1
8927
15
11461
1
1
14
184
2061
3
15
337
444
4364
194
471
5531
2431
6889
3545
34
3
1038
1
2617
1173
530
93
9726
215
1323
143
1
1
6220
171
27260
3
21
226
4
1367
1132
635
156
42
1
604
1
2
1
74
93
4
1
47
121
107
1
1412
54355
6
2
1271
42
5401
6260
20
2
3
64
6
4673
3619
253
6
14
2
772
203
1
6
775
17
9
7
8625
94
58
11
1
9
1
1745
12
4369
158
1
4
24
2
20
22
14
1
774
1
86
793
5976
56
116
631
1024
10
4
1
2
16019
8
18434
382
1
1
1558
11
1218
1783
8
1323
4542
522
2
9614
3
634
156
1
2
4
85822
2
2203
37
8959
17
2
2
10
627
25514
26415
10
1
471
1
349
738
559
2961
26
3300
25
6
13
3
318
1
8
1
66
334
16216
1
1406
87
91
69
196
2475
31936
60
5
503
551
4
2
17
735
1113
3
9
25
1355
1
11
3182
15
254
10705
1252
9543
235
1
23
17
23
3
131
1036
313
1
192
4
5
296
85
78
422
3220
22
1
2
1633
11036
7
3
522
120466
38
250
52
268
3507
1
167
209
223
7
2253
1
12
16
145
23
220
3
679
16868
306
16
1
693
34837
48
91
47
16
1
1854
21282
811
853
72601
1078
60741
108
2
12
850
6162
1
74
2
251
12
198
104
2
3
1
83
65
142
521
23
5051
3
338
1
1
2
872
2791
1
83
26
44
55
5430
81
1058
101
874
7
5
5138
1
14
11
422
254
15
20
16
468
3
5610
3551
122
1
3
269
84
150
3
764
6
68
14
23
27
13
9
3
4
310
213
352
24374
6
2
3988
4
14
2
5
3
1
34
1
6
216
3
40
548
185
105
491
16603
255
251
55
46
26
3
64
5035
6
315
5
8
243
1139
40
72
1
5
970
2412
44
2483
203
8834
25
2276
17
360
9
2556
405
49
83
13
2
1
12
187
762
85
31
2325
1
134
28442
15
19
6
2579
678
329
3008
80
1052
38
4
27885
99
184
14
771
6
700
63
4387
28
181
5
4855
1
608
3929
156
944
11
19
625
1324
10
46178
32
6
1
1
1212
6941
1197
22
8066
5
15
132
74
1180
3
224
11
1079
397
6940
1
4
4110
18
14
13
16
117
2
53461
1
2656
226
18
382
13
215
378
2
1667
158
11
5
27047
9
315
11
2400
1
30
34
74
1808
52
5320
779
6
1
61
376
8098
44
57
131
4107
41
5
30938
8
1
68
9
8183
5486
4042
1
575
769
26167
26
17
6
424
8
4
45
55
919
7566
2
184
3506
7
2470
3
3
1635
1689
1513
24720
1
82
1
94
897
52
121
8
2
105
8
29
3
152
109
3
25
700
1
6854
2
2
32
9897
81
11674
5
1
102
91
48066
281
7670
18
1
2
42901
300
2
472
21
8
35
18
1020
35
534
1032
197
33
41
3
16
1
13
86
96
30
2269
1
1542
608
12
3
159
3170
2
5
11
1057
15189
38
5
11
2
2
38
1286
60
1
76
4
14199
267
105
30
70
907
17396
354
21340
28
1
29
9
60
321
968
1
64
3
1
17
2
53
8
1618
1309
1798
1
2
1
12
64
593
1
12
18
118
664
276
1
37606
12
58
5196
3
2
10
5
25
7
235
43
8740
6
68
5
1
22
47
522
2
353
13
6
1
4377
4
6
16
1
3264
48
2
6
2
1411
37
39167
9851
30
1
2
99
1243
18
39
2
43
3
78
10
7520
65
6258
1172
11
1794
13125
2
1
11
68
1
107
60
89
2995
399
177
10589
802
189
29
319
104
167
1
3941
261
21
41
83
523
29084
27706
3
363
1276
741
1231
115
643
1
1
1
32696
616
6046
19
165
1
268
59
678
10
22
17
1150
14075
8
7790
14163
1
11291
1157
7
2942
8
3820
226
93
2
41
36
31
708
10
2
390
2
136
56
1
15
88
247
18
9
10
13962
36
1
315
240
202
3
29
1
66
7
26
402
37
1141
1
5
28841
4
1
19
25
1
16
10
297
2
65
7086
8549
84
13
1
10
30457
2
2155
5520
1
92
1
16558
17
2
41
1
35
30
38
51
10830
11
3407
19
578
38
32
15
180
9
2
11
1
46
1
700
9
18800
1193
7231
29853
3
6
74
1
3
74
329
123
40
3
4
2851
30
2
260
44
23
53
3
2
14411
152
5066
22
98
1
25493
24
146
2
4
128
151
1
10085
56
13
5
2
689
18
1
23
3356
7
333
13
13
2768
89
2548
4
2565
237
6445
6004
7
1923
2
1
1
23
160
7042
6699
243
2
11
7
6345
14017
216
3
28
201
41
2
454
42
2
4681
9346
913
489
1
2
2
1315
2575
842
9
35
4
45
6
5
11338
1
4226
8296
4295
9
3
5622
8
2357
99
721
8
7
3908
98
5
296
4
629
87
2
49
20
103
7
30
75
1
287
143
2
4
5
16
2946
13432
1238
19
1
14
4
1
4
62
40286
28
43
2859
2
91
766
310
15413
2768
799
10
2
1
69
19
22
2
57
3
1
485
10
14
6933
7
18194
2
19730
7
3683
1509
25632
88
776
13
6
1311
1
2
36
4
27257
2
31
79
906
1
1
622
1066
67
32
3
42777
1
54
6147
40
221
15950
2
14889
2
343
4
19
146
48
9906
1
42
5580
3
2292
241
1
136
37
187
38
14921
1395
2
826
54
76
52
39
1
44
15
1093
373
611
1
1
12363
99
1
119
29
3
7258
60
1
18
1
2
772
5324
14147
6652
4
127
10447
2
81
230
2416
15
8568
25
1
1
1685
3
70
19
13
273
33734
10
29
3
29
3
241
1274
68
48
16515
62
24
23244
3
1
21
1197
10
10
2
29
2816
9
49
22
82
37303
453
61
1082
41
284
395
181
1
77972
767
2
106
1432
956
684
111
1
1937
555
31
205
14621
1297
4
8
76
94
3077
304
1
1
1
24
13
3
1
291
1
8
60
71
246
3
119
8906
4
30
2
2
39
8
854
24114
1
72
18
8
2
1794
6813
1852
19
3
18541
3
30
138
384
567
5626
8
2171
22
2
18
28121
1
2
2
993
30
29347
3
5502
1
1
1130
781
511
11800
8
2
55
1
6
1
5
13391
4
1744
19
68400
43
3
4582
464
1
65
1
147
8
325
868
6
1
20
87
1
174
7
1467
194
1
145
90
7
3
4
15
219
3
21
401
22
1997
1
8
6455
4
3032
213
6876
9127
45
1
1875
1
451
12
7235
2
62
321
2077
1359
3
2
17
2
263
3
2645
50
3
1
51
1024
258
2
1
5
13
5343
1358
43577
7419
633
78
957
8715
23
2
1532
53
1
93
277
2
61
4
22133
6
843
2
22
278
6
10442
4
76
9
3
493
599
8361
5
3
32
91
633
1436
7
81
6431
62
29
109
3
103
6018
17
16
5
899
1
5
168
2
1
7
6035
17
9963
1
773
134
1337
26
716
187
896
652
9
264
274
6
11
1702
1
643
6
6714
1655
3284
40
127
1169
41007
96
14
9
1
15
285
14685
334
140
2
12
28
5
31
39
24
1
27884
1
134
146
24962
1
8
2
7
1
51
2
33
1
16
24309
120
4
3
8681
4
620
14654
3517
2846
16481
1
14465
1
2
25
27
1
292
1
5
8170
1924
15
82
57
50
7669
2
2555
232
23
4275
2910
6
659
21
561
13
14
11
9052
6
119
457
13
7
536
2220
192
3
3
70
112
14
1
12
47
5
3
2905
982
12341
1
1
4
1
247
293
14
10588
1311
2500
988
74
2
46
14
1
1
2495
1
1535
1
1
2021
4
380
5
3626
19
1
630
3720
1124
4
17
1
2
21
96
74
509
20
915
5760
28
4
60
6
1
7134
71
1
91
5546
382
1
13
789
16604
11
1237
32
2249
73258
640
14
8511
1
531
36539
1
22
870
11920
6
5663
9
14
3
3063
686
1
2
489
18
3
1
1
2587
196
2343
1
3754
19
514
7
32
24941
57
29
2
1133
15
61
52
2
20476
58
7
1
13
26451
14
10
178
852
9
91
779
1
2
352
135
27
78
246
78
976
5
5
186
2188
22926
4
3
1
17
1
3897
3
329
156
395
83
4
13
2
144
2
9570
1087
28
1
1019
2639
7458
14
2
28
11
9
16
257
14
250
220
125
53
1
19
1
12
231
43
2
9945
173
5343
4
39758
419
362
1161
2
52
385
225
1
66
14
1
25678
2
83
1
197
19
32
74
7111
15
158
129
16
14
2
23
429
13
5529
1183
6
130
3764
2
4
22
21472
142
127
243
99
5
1
27201
1888
5
185
10621
1
1
5
3
1227
1
50
1
4
1
5
2
8
3
5924
41
64
39517
24
2100
4082
21
9
147
385
4805
4
1372
98
8
50
5852
49
1
9
75
8230
11
2943
1549
5
165
241
1494
1567
1
34
986
1
2
10870
7
4351
2202
1
20
7086
3
1
47
5156
788
2139
81
4060
474
49
17
11686
1006
2
2694
10
3650
2362
36
565
1
4764
3
250
2
62
51
1
334
5
13
237
1188
1
3
1502
12
41
99
6994
5
212
53
9
3
9
1448
88435
1
2
1161
112
16
70
6
1
1186
1
8
384
28221
11658
3
209
5197
7
533
17548
15
422
379
786
15
1141
1412
502
3
5745
1475
156
3
13991
1
1023
1
10470
1
57
79
4162
1
1
943
8029
1
13
2
23
26
11768
64
643
3425
4
10
986
2
691
1
12
1
4103
603
1
12266
13619
2
15
5612
1753
974
4
405
15
15
110
379
1
2226
3
50
455
7
83004
708
1
6
6
3
164
22
1
3734
1
1
1
1212
35
1
8990
12
2817
2
1551
1
21
10326
496
14
1
1
27632
190
1
4
1896
1371
254
1389
753
8
70005
1
8
10
5774
3339
17
1
256
3
15
1441
4193
5
52
1269
492
587
2
1
5
28
10
1
6
936
1
1
4
35
3
2046
8
635
119
1735
223
153
598
1
1
12
5698
1
62
1
8
321
3665
4
1
6
5
1328
87
5
5
90
1032
420
26
130
215
1
2034
60
1
72
44
602
11
2
5361
2
61
161
86
675
8
774
10878
2
1
2
4
4069
191
35
4327
8
1162
6
1
1
656
1
17
2
46
4
1
1399
5021
22
2
7294
397
86
77
139
34
6
28
10134
153
1
1
12054
548
30
314
10
12
12
1
2
57
1
35
7436
1
14
4
8957
5
1
203
1
15
748
15782
8408
3
7420
48
38
26663
306
29
31
1582
483
1
47
8
1
195
12268
496
10781
2
75
9777
142
72
1
115
1096
1
2249
3205
4
46
1
5614
1
131
308
1368
65
205
3
1
1363
3
1
2300
1
1
10
4554
38
11
1265
372
19
1456
992
1352
10
291
203
16727
1
78
3
1030
286
5
5062
5
1
1
6
91
21
7
188
2
4
50
317
10
4
4746
8357
4618
4
13056
582
126
78946
7
843
20
45
209
33952
66
149
1904
459
246
2
143
7
1
4282
1
19
2787
3
1
13729
56
5339
240
5964
3
22
2
9
42
441
5038
12
24
324
1347
7
1
4
166
78
1534
10
10627
15
1
771
373
3
4
4
1720
1
1
5
38
11
724
14079
8
2367
309
73
119
65
624
56
16810
7
88
1773
13875
5214
1
5278
4
912
12
127
35
15
95
7339
39810
2025
1
3
116
3
3
5
371
3
32
2
10375
2
2
7
3
6
68
34279
21170
3
1
2761
1
2
324
5
67
1006
23
1
15
3
7
70
11
6
3044
9663
13
43
2856
12
24571
2
1
592
1660
167
1
2
3
55
2
1
1458
97
14043
20633
25
3
2
359
30
172
16447
3576
7
219
3513
2
1678
3178
7078
1
68
46
8
14113
796
1292
1
131
2
4
3
1360
1228
13498
1
2080
3
3315
36
58
484
1
2
152
594
7
6
51
155
3388
2
219
1074
10
802
947
1
1
10
7
16
111
2
9
8
225
1
39
392
70
16
77
10
328
2526
156
603
340
129
108
2
1
5
348
337
1978
4003
1
36
2
166
11
17
1
8568
14
15
2775
15
397
5665
4
2
1
1280
1
134
1
13
5493
84
386
66
1
4378
15
70
438
2
24
2
136
1
15027
3121
4099
7
107
9
51
1
167
4
15
36
1
5456
7462
2229
25
2
145
10665
52
1
1
1
1
697
386
445
138
7
4289
2
1
8
2
63
1
9
13
218
33
206
115
7300
5249
1428
115
347
284
366
4483
23
166
5079
95082
7
8
24863
1
28
9
1
27
9
13
6
8
2
10197
2136
337
576
5158
50
6
3422
32
2416
18
740
1
4
37
9717
5
4
584
1
604
5770
10
1
1160
504
78
43
269
1
3
10900
2
3868
32
510
4
8
331
4
5
29
4280
415
111
1
1
2
897
62
18
35178
4
49
497
5264
8463
1062
123
100
2912
56
65
16
586
173
9
129
2312
9
311
114
143
1
84
2
1010
4380
23561
21
902
1
1639
1
6559
1037
17
2
59
2
33
252
20
12223
2
79
25
3581
39
15
63359
49028
18971
14391
105
4156
19
89
6
1
5
91
14
23925
12
3
542
154
150
18
13
16
8
10
26
5920
20
10
5
269
5832
913
91
88
3
16
11
4
11638
1
1
11464
1
162
5624
4
10471
228
2848
1263
7358
20
1590
13
1
12
17
1111
8
4
8
32
57
1127
3122
1236
5
1155
40428
2939
16370
1
4950
5
196
1
1575
6536
3
37
40
59
245
49
2
1743
16
124
29
141474
686
4
3179
6
88581
5
4382
3
20
1
2
450
18
1806
88
1
226
747
1
1
1327
8
78985
303
6
37
18
1
3
2
2
3
649
2
1
1
1
157
28
24
30
1069
4
56
2
3
55
1
249
2
3
17839
4535
1828
9
9
28
344
2660
3012
2313
5
4
2
349
33
727
85
2
20430
10914
2030
2
245
3
1
115
3
2
9
3
3431
1
89
6
985
872
1
2
7846
3757
1
2196
142
5
25
1
2
9
39
6058
1066
1
3
237
34
15
684
16
7
5433
7009
6
1
178
6258
99
7
28605
1
1
11396
653
5
4
6
5942
3907
12730
18817
1599
178
76
11
69
3
6
1657
74
222
7409
2
2
3705
76
2
3497
629
1019
549
285
275
498
66
273
23
44
4
1143
26
1
5185
2
3
1
11
650
410
13
237
3
4984
1
35
122
13
11
1
27
3199
1326
108
2307
450
2
22
92
190
1542
4870
13
217
1811
29
17073
310
196
685
3366
6
3597
57
345
4069
60
92
8456
91
1
303
7296
4
667
2
1
4514
5
2
3150
81
48
1
30
984
1
23591
33
5627
4
1
14
245
48
68
2
13
1453
6
38
66
1878
2
3
54
1198
1
21
1
9051
128
32
224
5
15
1581
901
1
130
13
1972
1375
2
10
283
20549
322
118
625
14
1
903
2017
3311
17575
1631
17
488
7465
103
1
429
22
2617
3
16
50
59
1094
4066
1
16
14064
1
587
1
347
292
157
2
1006
9780
1993
4
7
84
4
3
240
18
358
492
58
1
1302
6763
186
1
2384
104
658
1
2
347
325
4
1
4
3
5209
10281
18100
75
8124
73523
316
4049
55
386
18497
185
1962
3
1
1
1
15
3
24
61
2
4
68
8
103
416
15
27
1
561
645
17
209
210
18
6
3810
238
479
21
9
502
3388
808
602
216
277
1
28
2576
3
8919
12
2
25
24
7
51
7297
15
62
1527
1998
6
263
4697
5
149
1889
49
1173
1
4
3
9
1584
1
9
1
1
282
5
1295
7182
1436
8
16498
29
5
11
604
17
16
12
23
67
5
1
4
7
12774
172
1061
112
14
7
24123
161
8
1
6196
2
3
224
53
7481
1
22045
14
13
22
860
508
1
7228
1
1
432
761
67
50
35256
81
39
4995
110
3037
1
370
2
2455
147
789
18
670
360
4
7
2
1
219
76
13
1861
49597
29
22
15
208
64
22
4
2
51
1
260
1
2
1
712
3
15
21162
32
494
1806
3
146
297
843
487
26
4
2
4
1198
94
1
86
589
24
19
26
372
3651
7
486
3
820
8419
905
6
860
664
1
126
117260
7999
1
235
204
1
4240
6216
3
75
1
2
1
47265
1
2021
76
5
81
1457
56
1245
5
1
2
56
5
1
28
58
1
5006
24
24
48
729
1
10
2627
1
2
162
974
2165
159
15
2
12
17
3
10401
196
7020
17
103
541
619
264
6
492
2
2
3
10
12
2618
2897
702
31
1
125
3
4303
12373
139
2
5078
6
313
3103
17
2
8
2
3534
2
505
5
3
9
8694
1
1957
207
15
15882
32
4
1
5
2481
10
3321
886
8
12
1
4794
7
3
836
4
1943
27126
1146
13
7
744
1
833
4
8
3
40
6
6
4
4046
33
7228
10478
2
48
1
2128
12
1
3
5
1
147
19714
4
644
3
107
1224
7
5
12
1
191
79
1612
36
10
46
4
54
21
9242
1
1
1
1
24
1
318
2
5
2
3530
1
325
235
67
508
18
1904
4482
124
27
6
43
605
3
263
25
95
2961
110
1
80
46294
2
1
1
24
4196
41210
3
267
610
25
567
10
1
781
175
3
6216
12
5
16293
3
80
16
5
6780
890
4123
1
1
3132
13
16
23
163
3
1583
24
2933
2
39
1
186
16
1
1
1
65
11
13
4
2
240
15
1
2
436
20567
1
9
3
708
295
2155
1145
123
308
4979
33328
233
6
46
7
1995
13200
272
77
270
2
62440
2544
1133
211
9
11
145
13
1
24
86
16
440
135
1
9666
1
1
12
7
1
55
2633
313
1
13
1625
46796
2
523
1
346
1
11
1
37
8181
10324
435
25
1
2
1
31
569
1
245
1157
17
1
86
314
38
8
194
24
18
9
2
11
7
11
1
850
2
1
246
6618
231
5
9
67
1
1823
147
6
16
59
3940
789
2
4354
572
1
58
6198
266
52
3848
505
10227
15
2013
9
3309
1
122
8
22
60
1938
11469
2848
2709
14630
4
64
2765
2
74701
2265
20
34895
12
8
7
4
664
10106
622
166
533
34
347
9810
39
233
2
4161
2
2
2709
1
1423
160
138
109
1
65
38855
4
28145
1
1469
175
9
18
39
1
4
1
606
27
6740
209
3
11
1
520
4
4
4
1246
121
55743
400
1
1
1
154
1
1
1
6
4
256
352
6436
31
22
58
3682
1
675
2448
1
13
3
9364
1884
476
322
42
22
5413
43
3
6986
1
236
1
28
1650
1681
43
1
5
9349
4
1
37
127
23894
1
2
744
37
1
8
2
245
21336
35791
1
11961
8
2929
991
3
4244
7
3265
5
14884
1816
505
2
3
2
33
490
2775
1
2
1
4375
283
222
28
2
1729
3
8482
1142
5411
1
2
454
374
1
5188
113
894
4
6
5
521
2325
2726
14398
5
3
1721
14
2
8
1
2935
19
841
278
13
2
8
1
15
49
31502
135
261
6
4
4021
4476
5
62
2
1910
6854
855
1
24
1
263
14
340
1
25
39
112
42
563
1569
13275
52339
3
78
71
15
7
24
229
16733
1
1
401
2780
14
3
21
11
85
30
102
2
155
8
8
782
5
1
96
371
18
11
4
291
1
21912
214
7679
1
4752
62
1192
42
55
42
40814
352
2
389
32
989
4
15898
9
1186
2
1
7
1380
776
1
3
2105
188
1
92
1
1180
1
52
251
2175
76
1
861
500
223
23
114
55
88
1
75
2902
6
2955
325
732
123
242
5188
3
8
4
37
20
1168
1262
44
19146
32
393
2
1
761
675
184
618
2
1088
122
3986
5
8300
50937
2
2610
149
112
38
6
9286
2620
10
4950
21
52
19
359
361
732
2729
1
74
2
6776
216
762
6828
110
53
7
4
1
2
38
22873
1
86
122
13862
73860
26
70
1
4
8235
33
2
1
1
139
4583
108
2
4
87
1932
657
2175
2
6
16
42
32
2291
77
5
76
12
10086
8
5
3
4
16
1
92
8960
1
1945
6
57
6
47
52
6
1326
485
467
616
466
39
48
251
296
1
2
10
304
2
447
10126
326
13
4017
391
292
157
368
11
14350
16
452
1
50
1
2
28760
2
15
79
2
260
6789
395
648
996
155
6
10
5556
276
20851
7535
87
14950
1287
4
7
20110
563
460
691
76
1
193
1
1
18081
6
3
7
1
14
28
1
4116
10
8
23
9049
14908
2
10
6
253
2
504
8
3
58773
50
2386
2
22
3
2
56
1
2
97
372
10
352
241
3
653
26721
80
37891
9431
596
2234
20
5
42
3
5
1
98
1
2811
34240
70
33072
224
9259
89
3006
9
46
4
44
2
2
686
1107
124
1
4
16
1
10
3
1
625
3
6
2
23408
1021
73
32508
1
6558
4899
14
685
7
39
24
223
278
1
70
36739
16015
19
232
120
4126
2568
1
52
2
29
28
6
142
1083
4721
11
696
2
384
3162
877
11
132
68
17
50
77
6
1238
7
40
3
430
1
2463
2205
7318
5
20
7
1
3
47
17
2
3
2
23
3
77
21
7
109
332
2761
1116
1
308
2
44
10
50828
256
882
543
1
22
3976
2
136
3751
22
265
2
10
399
27504
1
11
8
17
23
22
4841
1308
168
797
8
4
1
5
962
16
106
30
81
380
1
1738
14
144
62
153
27703
50
19
15
1
42
931
3
5
2
2
103
393
4
49
72
1
38
20
488
451
13
1
1
1185
4276
9416
11
189
12798
4
2
452
1
7
5775
84
66
1
367
3179
18
2
9
402
7044
10
5
1134
1
761
3049
52
6
7218
5
40
983
1
34
2
14733
1
3
550
34141
15
10
473
989
23
1
8665
17
15134
262
19
19
18
6
1
23940
4
481
34
9
2637
7
4
2131
435
163
1
18
11361
12212
1142
807
168
5
28
92
24358
2286
4
2686
43
73
13
1020
702
4
18
86
21
1
14
9
8
3
5505
2009
2
14
4
4546
8
263
84
127
1
1
3
18
1106
57
1
54
2
151
4356
38
33
136
7
2606
10
11
1
4026
341
3
15791
8
1489
2
2
13
14
623
8392
4696
1
226
3370
17
2
32952
1
9186
10705
15
9
19
1
1
97
22
349
191
2453
167
2
3
296
21
50461
34661
2080
6
708
1
6073
18
751
45
2
748
2
1
2
347
61
2
47
127
35
5
154
98
7
3
34
80
3
5470
1
512
2
2
5
2
828
1
159
1116
10
26
399
40
297
1070
17
8
91
2
1
2
289
373
484
97812
55
500
8
9
76
4
28
2
3
484
16133
35
3
55
174
7
135
254
461
9253
375
14687
2
2
352
197
1
74
23
117
3183
1807
341
604
8826
31
33
1
1757
2
2
6438
41
23
1
2
104
16810
3045
85
8
226
10
1
30
3038
1083
130
7531
1
21051
5
3
2
1
5204
2
1
1
5
2
9214
642
6
289
5
29
54329
4
63
8
691
6
2
203
39
230
62
39
2
68
53957
3
962
9009
11463
253
1948
593
7
1
1417
3
90
254
71
3133
3239
2
4392
1
41
3402
32816
2
3
7
2521
1
708
18
8
930
7767
32
158
7
1
65
1
65
22
1
1149
1
30
167
94
32
1
2
14
2
373
19836
7257
7
42790
1
1
12218
919
1
4
827
26285
1
238
74
561
1511
11
505
1637
3589
14
133
4
2480
14
238
17
4
10
1
935
138
5
7
12
1
82
17
199
122
14
39
2
1
4299
1577
343
19
43
178
14
44453
22
5
4
40
3
63
1
398
85
1
1
3803
14
6
2
2313
8517
969
2
11
1
1
26
1
640
68
13955
29
2
67
2
23
4
960
1
262
2683
213
621
547
232
2
41
8
24
2090
8
12949
46
5123
1
8455
69
2915
8
1
143
84
364
4292
5
3746
12
417
3
33
5
4
1192
981
1
50
5
255
231
6
3
79
439
1373
1
1
174
1
2783
19790
81
433
56
121
6686
44181
36348
7
17660
106
35
7
338
57
1
4
4
1183
8
5
490
438
37
9
3765
2
6
5
62
227
50001
8
83
2
112
8349
13
300
74
32
95
594
1825
981
3189
14343
2528
2
9
1005
58
3
44
7
10320
6
3
487
1
4567
2
6
175
5867
5
24
5
1
2665
1
3382
135
13
613
1
51
363
5453
105
6
806
1
93
26
44484
73
2
12883
36
96
2
2
6
1
33
2650
1
14
17
72
18883
8725
13
14
73749
629
196
95
11994
1362
35
78
2
298
1
240
54
225
2710
18
5
22
13
936
440
4
5799
3
4259
27
591
61
15737
104
8
12
2
5155
1
42
21
19
10190
2
1
6367
89
3052
1
8804
4593
11
12590
18
2
13
21
11
8
218
3218
665
172
6175
50
506
12
16525
25
1493
1006
4643
17
74
189
1
1335
4
2
2
13686
333
4811
1
2
3
384
426
3
4237
873
1
860
1
103
78
3
25
21
378
806
6
8736
1889
1
5823
179
4
66
6751
11
1546
48
4548
49
13
19
22
343
39
4
1302
18
14
233
14
2
34
406
1
14
1181
717
87
11
9
33
127
528
10
23
52
55
261
210
1655
230
29871
872
5
44442
6
642
84
5
63
149
2
31
1886
92
23
1
1831
125
1
64
6809
275
568
1323
22
2769
177
6839
952
1
18896
625
547
752
140
1
9
19
72300
3
662
9
74
476
1080
4
1
255
2
10
1
42258
66
2
77
2
46
50
98
1
295
5
10
104
2
1
1
274
2
82
16
56
45598
2
210
50
638
15049
25010
37
295
36
4
231
2
21
1611
34
1072
62
4478
85
3
12
36
725
37
188
164
4
1
26
14112
4
40
2337
1
6
604
1
3
61
142
3562
192
13756
219
3
16
2
286
2
15458
4
1
24
340
52
38
3
1007
1694
5
11
2662
67
65
269
5
3
20
106
27898
1
19
2440
5
1
113
1333
471
255
3
6
7
3
58194
6055
1
356
14
7814
6
103
45
1870
23827
61
148
1
2
512
9
59
29
284
92
8
19977
76
34722
2
29
1
247
5
686
1022
4460
194
514
101
289
2
4
4
10
13751
22
22
1
3836
19
13
5
142
161
9
3
72
223
1534
3
2
145
6064
9068
20
7666
1988
73
1
20
12
68
1218
3
42
1
19447
287
82
622
173
26
422
407
1
148
31586
9107
19
7
39479
1
8
21
2713
190
1
24
56
1
1
19
52
10
11427
14
2
2
52
7
5453
10
7
13
1
2646
2
5
9
117
9
31063
7754
7
13
709
21
183
37
11781
2
2885
5201
11
1
108
13
1
363
19
350
468
2787
1
489
65
2
1977
4353
6339
1
57
3
7
1
7
1
4
6
6738
1
206
2620
8
5585
590
1
9
3
2558
5434
26
764
1139
20465
1
2
46
14
35
5
284
968
7
5
4
4629
6
31
67
2
243
31
8
165
4
10
28
24541
3
82
17
19
68547
8057
1
18033
568
12712
72
2
19
3839
1955
18
5
40
1823
529
164
3050
186
1
9
267
24
16
46
144
30
272
33
37
1
78
11
586
12
2
144
14
28536
578
12103
6
1
2296
790
1
14
54
1
12
5204
1
47
1
119
2
13
4
77
358
109
18
3
3369
6
1
33
67
4494
717
41
218
18891
43
38
1
1
1751
2
3
10318
5
5241
1
1048
207
6
5462
9108
11
194
112
308
7
11220
11
160
1
26
67
76
33
5
91
14
201
7
2958
10
18
6
5
83
2
522
1908
7
605
42
2909
13
9
5
9
174
732
44306
7
204
4380
2
3911
8
2959
2
664
1
184
5
429
129
7
2
52
37
25085
4
19
14444
24
30413
15079
1
2
100
5771
23
13535
2
164
1
223
6
3
2
5
125
665
1356
120
4130
13
214
62426
18
1
11
73
68
5603
4
25
2325
2
5
3
10
3189
6
9
168
2
37
16
6
608
3153
3
3
72
14
8
76
6
159
2
2300
20
9592
2818
3364
6
1
12834
118
10106
2069
1
19
8929
42
3
1911
31507
1427
15
1
3252
6
3
332
14035
18
301
2305
1373
100
26
1368
37
2991
175
1005
20
2
11
5361
935
35
560
123
2781
1
70
11
45
1
1170
2291
49
28
543
35
36
651
3
3276
2252
1
2
141
230
1
4
50
63029
9334
6027
1813
1
502
19905
1
1563
1
1
1
100
22
453
326
4
1354
1
1209
2
6
2
4
15
1
3
38
231
41
67
5
1
5
14826
1
21
71
682
9
5
5
255
766
81
21
40
3
289
513
266
102
8
5
3
1
248
17994
2
400
155
128136
49
9506
164
1
32
13774
1
76
5650
1
2
1
25
637
2
4
2
8391
1
244
2
1
8
12
170
118
75
40
241
5
171
5743
944
2
13
4102
53
2504
3
12559
2
10
11946
210
49
5
1160
862
5
5
3852
17
1
8615
2
8228
292
2
7
994
78
1
140
13
9102
460
430
100
5
6
3
25765
9872
1
4914
4
3004
1
412
4
597
51
15
2
9
3
1
3
1
148
364
370
68
11600
90
21
106
7
345
25
74
11
8501
3009
1
75
7640
119
19125
2
1
14
8113
19
23306
146
100
6
17
285
7
9
36
1
1143
630
14
86
4756
1603
2184
1
3
157
3
69
5454
6
1
65
14
40
1
11760
20
442
2
2
76
47
1
2333
3340
3
3
14071
4088
2133
2
2178
1488
1
1
2
1
3
8
10
220
1536
13612
17
113
322
5
6221
13219
381
1
4
3
160
2
2
167
2
2796
41
403
12760
109
11
18
2
1884
8703
22
29
198
3136
3653
12
14
1
941
1773
5679
6
7304
28
4
4
2
3
1
448
25
3
789
7
166
2747
2
82
30728
35
6
2
124
95
417
1057
34
38
1
1
4
834
1
3822
24
1
11
14
77
20394
1
1116
8319
4
7606
2
36
14
1
5
15
1
1
7
7130
5
6
4558
318
17152
6
1244
10526
773
88
3
15945
36299
7
4
1153
111
1
1825
26754
18
1
7
23303
483
675
26735
13
7370
1
299
3
49
6051
4
172
819
1
11
2250
1
284
18986
78
8162
2
25
1
5
13
6
4055
2
73
12
1510
3007
156
2
611
4110
3600
1
58
203
1
47
100
36
196
1617
6633
1
1
32
16
31
64772
20
3633
97
27
11
150
11960
1142
3
3
6
4
8
563
1004
1
77
1
62
1
9752
8
207
1
2
1255
1
50394
53
6184
41
796
1517
122
20
23
2
152
5
43862
11
1
4
858
1
1
37
266
14
11
105
1507
65
621
104
2
3
1298
738
62
25227
4456
1416
151
204
2
1
291
9564
1
69770
2
1860
2818
63
2
1
1
3
819
279
528
3
57
62
7
13
1016
11
3
112
11
520
2
2
32
18
5
11541
19
3
4883
189
2360
860
1420
822
10
572
3
1
27
3
13
2
20180
11
243
796
23
70
4
120
7
491
3068
36224
334
609
1754
23
443
1800
20
1041
1
6
1474
285
9
17
1
24434
21
1
37
4
18
3874
4
148
1
3199
46
21
1963
5092
2066
4
40
12
1
19
2394
7
1
1890
2
2517
1426
73
7126
3
551
1
952
2
26397
175
9
3
239
7
1
17
8
53
2
144
1118
6036
1
2
397
3
9176
499
213
5
488
188
1072
6
7
4554
11238
1526
12
376
3
4
1
7
155
1
24
128
299
37604
4
8337
78
201
1167
86
9
5212
342
370
13430
479
1153
599
1155
72
311
1
46
685
40
116
1814
5
321
3
11
11
160
635
190
310
296
412
1
3
4605
14
87
2937
1
94
2
11
1
150
40
2
2
59
783
9949
2
1
325
1258
4
14
590
10869
1
327
2942
2240
9
1
24
2
6
248
24846
9
725
311
2435
15
1
14928
4526
1
2
1
5031
2
5
2
135
16576
402
12587
104
1
5
16
1
1
6047
1
32796
58
4
5
2
643
81
1
2
4705
412
2
11516
26
11804
5
22
2186
602
214
962
8
1
99
12
210
1
138
7434
2747
8
145
191
87
25
300
5
11255
3
4243
80
143
12
2282
25
2674
41
2
3853
681
323
13192
3395
46
1
171
2
43
3207
31
21011
7764
17325
31
460
2
1
1
1
2
2
39420
2230
35729
3
421
554
352
282
235
4357
5
14
2
46
2
44
6
1404
1
3
262
5409
4
28
57
101
2019
3
73
2576
3894
75
3
5
39
1
2
25
2
1
3
95
2
7165
322
1685
1
10823
4
354
47
5485
78
4494
4
4
124
14441
43
108
3485
19171
6
2
2
19
98
103
1
2021
93
74
12968
10227
741
35
5
162
4007
18
5
23
167
4
15
4
1449
7
16
3
1127
1344
271
6748
304
9
13106
8201
339
385
14
55
141
9
17
1323
308
14
39
644
2
29
44
18
6370
18
2
22223
15553
5655
4
2664
526
1
800
3748
15
4855
54492
12
115
7889
881
3
2563
8695
1
7
546
26
17
326
1622
6
58
504
113
4
12
506
48
4
10
3
14
1352
51784
286
141
1444
73
9937
1030
2
2555
1
6
1
1
8837
5
492
7
4
115
2175
1103
164
5
100
324
1
704
2550
31
2
20
71
1
5
229
10386
1907
1
7
10
657
10
65
1
28
2
13
8560
533
35221
1
210
30
397
3
4
405
8
8
9
3
93
479
29
2
247
4573
1551
134
153
340
1
2318
11
719
2886
494
1
10731
180
2
10479
112
272
1
23
1
5601
1
31900
92
532
179
6651
2603
550
75
5745
171
3
1
2
139
753
36
158
17383
2
24610
1490
1533
8
1
284
13
16
4717
58
3234
196
4
755
464
1
1
65
12
5
16
1
5
1
1
3592
8
1
126
4
82
4
8354
29358
1
4349
163
191
5
1711
1
3957
35
8
55
676
11
624
796
1
65
54
13
61
117
857
4750
52
2976
2833
1180
29
41885
11019
1
2
76
1
23
3
43
699
2
1
572
23
19
17
1
28
976
844
9
799
3
1587
734
19
3
23
2
22
1
3940
12
479
2
10
4
5
6727
768
2784
52
336
2
1
7
1
11399
2
21
2
122
789
2
1
201
102
17
1
335
238
1
60
117
21
1
10
14564
535
197759
35
36
13126
15
4
5
236
2
7452
2887
7
6
7
107
67
944
1479
1
22
1665
70
20165
14831
12
1
108
3835
29
1
2369
9768
276
1949
26
43
1
1
447
1
350
16198
25
79
15
95
588
289
695
2337
134
47
1
74
2150
20
49
3
1790
2
87
2
27
8549
1833
148
1
1
10132
5
4
1
96
76
3
16
1
547
1495
6
982
2
1528
68
956
36805
113
2
333
43
2
268
7
290
326
2044
2
60
137
7
1
626
20
1438
27
20159
2
495
116
26
3
19
5
12
1
693
1
3
2
34
22825
374
1
1655
216
5
10
8
6371
982
543
5
685
18
1
10382
1
6564
66
1
64
735
1406
4235
6
240
33
1635
41
27224
12
54
2
35
64
53
131
4
62
71
10
1365
329
5
310
1
10
14
1
2
17192
925
3
17511
15
594
1
34
39586
1003
14
35
38
785
223
1
2
1474
18
5752
6160
40
12
45399
101
463
3
30
2
1261
273
228
558
1
16303
1
17
3691
24376
1
55
1
1
1
14071
47
3
982
45
208
4574
1
17
269
165
25207
22
259
87
1
20
3434
8
4
10
14
37
5
2187
357
1
91
6574
325
823
8970
1
5
18908
18
2
758
18
4
20
1
9
2
35
2
3853
1
4939
1
471
2
707
1
5789
16
18
1810
112
23
178
7
7
1
17
13
1
12
38
21
1
1380
692
48
1470
16
892
2656
1855
3
63
3
4929
2
4564
701
29
5
2280
71953
9667
1824
10
1
2306
934
4
5
6
24
51
202
1
475
9
1
95
2630
11
2633
30
12813
82
79
4130
656
17
257
55
20
1
581
1318
6632
5055
188
10600
5
5347
487
3
409
2
4122
452
1061
59
26
182
56
4390
49
3769
1
10
12
39248
73
51
3
4026
4
1591
1778
2
2843
1
9
6292
4537
468
6734
4
53
337
2
10
46
161
2
5698
158
2625
10
2
63
2
27
136
513
2
10389
94
31
21
24
258
339
6
8
11
644
142
1178
6
8
1
5
7
74
3
82
1664
740
38088
1
52
1860
1
4
8
11
7
31
11
3716
1758
4
809
149
5344
155
13
8
1400
12
11
493
3239
2
6
2
9786
11
396
1
4511
214
25547
36
86648
12473
3
12362
65
5
2
100
269
1
131
10
7
21
18
8258
511
2
831
1
54
48
170
1308
770
22
18
465
29293
194
2712
1
32
140
343
4
5
353
2107
3
1087
35
4
416
467
1
1291
1
6
2
2
24272
32
3
1
50
13112
942
30
6
1
1
11
872
93
2420
1
8
3
4646
5
7125
129
12
1
25737
181
9578
22
39
12452
16
13
94
14
230
15677
747
1
1
9
308
21
29
2
3
4
5
7787
206
5
1
616
1
414
57
3
1464
1
11
82
829
13188
23
8
1138
3409
35
12
4
14937
3097
4150
20543
151
10167
27
659
1
77499
30
39
134
31447
3
4
896
248
1
13
2361
2
15
7
1
35
86
2
186
3894
3
4
27926
2
6
2
1
17
3563
9733
38
6
1
2755
14
10072
238
130
15
206
310
18
5
27
4
1
143
19
11
4175
73
107
1
183
68
2
100
139
1
12
5298
416
592
427
2
2468
3996
5
1
198
5
3
5911
77
27
10
8944
41
552
8971
188
471
1963
33
1079
72
73
1
2
1
191
5077
1
14
5
8
2
73
18
38239
42
54
1
11073
68
13529
210
1
2
25
1302
76
7
3
37
801
13
34583
42
1
189
30
30866
133
10
1
1
2369
19
1065
711
9
9035
4
2
77
5
5499
20142
142
1424
4
3
168
5
132
1
3083
2737
1
1
2638
701
53
192
9266
826
3458
1
6
113
535
77
7
10152
514
4
77
123
1
1
8
22435
292
386
6
1
2593
9
557
9
336
4253
3
2
54
3135
2909
10235
100
439
221
8
1
14
3522
492
2
1
83
3769
45
113
5
12
96
129
10
45
25
1797
4
325
4002
13
151
178
1279
1
17
43
10
2
2518
3
6
7
6
2
509
132
1341
451
8
108
3438
274
5103
7631
3
51
1
6
10595
3415
7160
102
92
4
987
1
151
214
2
3
1936
3
1
6
1
18
1935
2
5
10301
625
7201
998
3420
1059
25
8
1020
4703
5
2968
221
1
85
1
1
3
20
1885
41
3454
26
817
5348
7
2533
55
5715
2
33611
2
90
75
214
4017
186
5
1
47
190
204
231
1
2
1487
9
2604
69
970
5572
2314
395
27
4863
3
522
9
2
2
2580
1
1
23
52
17
5846
47
4
5
35
41
5
921
14
3
1115
4460
323
1469
1996
2
10
1
18
7989
1
14
52
1
451
10
95
11
7
1
15707
1877
31
15
26
180
81
5
31
6
64691
30
404
230
1
21
4
5
1
6
6
6
4
376
5162
23
131761
5163
35
23
3
9
782
4293
12
3612
53
258
669
53
2
21454
74
153
1
243
76
1
145
774
5
610
1906
984
8
21
48579
1608
14
11
7552
2
2350
1
130
73
159
10
5917
1
39776
3181
4
26
1
414
14
2
55
1
146
2
1342
1681
9
7
10724
19
4
162
39
24
3
5798
53699
4
1
1330
11
11
29
3179
18
61
4
32
531
1
33
8
157
362
51
27
90
7
13737
10
41
2
6
4
13
2932
8
99
177
241
1
16
210
1687
324
1
242
73132
86
38
87
1967
1520
163
3570
1
1
1666
10390
9
24
11064
3
4
9
6
3
1
5420
1
53
1
1
108
245
23
1213
8
39456
1495
441
4331
910
386
16
1
107
158
653
23216
1822
91
7
8814
21316
1101
1
398
1257
1184
20
1
325
111
12834
161
233
3
50
18892
49
2
2921
3
99
4018
53
33
900
2
14406
253
75
10
18
23919
13213
1
46
2
40
1
1
3406
476
90
1
2
164
1
221
3
2662
215
1
5
1984
92
360
1
12964
39
650
715
44
14
2
903
19
1211
6
104
1069
13
7794
95
1
411
66
2865
5
42
9
19
33
2
2
6
81
2
1949
77
11846
6
38
1
6
3
1002
12307
70
74
3
4
2
4
344
64
25
13206
198
33
5
1
1
7
18725
246
41004
1369
112
1684
3
38834
293
7
2559
16
446
2483
862
316
85
13
31
1
105
1434
1
160
1
2
12921
8
2
81
13
9
33
2
10
4153
7
1
4168
17
11
4
484
12844
16
20
10
5
289
106
11923
38
2
79
11
21
10
2351
184
438
14
940
44
1
12
4
1
15
20271
7
3
422
344
7
24
2
91
530
7
9779
31
723
25
96
31
33
5116
3
6
6
6617
21
5
9
6198
5876
16420
7268
920
2
286
1
542
205
1042
2
18
47811
922
135
8
98
8
1
15348
12972
533
2
9
5
7703
1
9347
16
2
6198
169
24102
1
1
4989
1
2
265
3
135
3
16
38
6
807
2
5
2
736
3
2
10
4
150
1363
1
14
23
1864
542
4584
1
21
1
1
8094
61
1
21
30
49
17
1
11
1
1580
2292
2
1508
16
8
1416
1353
24
113
73
165
127
27
1
11987
47
22
14
2
1
20
135
12
60
2
8
2
754
6
37
18
2
97
3819
26011
12638
304
1703
20
1
13
1
3102
574
3079
2
990
25
35
10716
53
1
359
74
484
4
3
357
89
5759
14
12
1924
203
164874
1679
2440
2
222
148
1641
1
3758
1240
1140
698
5
55
740
1
362
3
188
2
255
8
5359
14
458
42
425
649
163
53
3
1743
19
52
144
92
148
383
11258
8
7688
227
17
153
4
18
242
12848
21
36
138
5346
633
96
9
21
2
1314
7
44
7910
3754
6
3316
14
494
24
788
2
3
295
14
1
1600
47800
4
1
1
1
187
195
1177
3
111
2531
1
6
1
9239
358
1163
45
1
19
100
2495
23142
5732
236
6
1563
45
1443
3
388
4
1
46
410
1383
841
14
2
86
30653
70
400
377
12541
1
3191
19
94
58
29690
58
42
1
12
649
56
115
1
25
1
1
2736
290
125
5728
32
759
75
3478
46
142
5
2
30358
15
43
6
2
13
5
38
3
120
1311
29
154
34728
2283
3
976
3
27
14748
19
96
1859
1450
17
7
1089
3
9
110283
369
13
71
4
10
9048
193
5
7
7103
862
2
288
8
11623
4
120
16
5
49
1
1
109
43
80
14071
1
690
8
85
3698
41781
2
12
195
13196
13
94
8
743
16725
5
11
1768
59
44755
8
12
2
13
1181
7
126
78
74
23
809
38
138
19
2
4452
20
263
1
9
5
129
5
87
46
605
6999
34
2
56
45
1
9327
3367
2
4
44
2
178
55
80
17
9643
15
693
6
57
3
1
16
852
8
1770
1063
122
4708
48933
31
11
636
99
881
32
73
1
1
1
5
2534
9
2
2413
9
796
4
1324
2977
4849
36
2
14
64
1707
1543
8
168
74
6
13
6
3
126
4
1
5
2
512
7778
51
4
45
27
1
1215
103
7
1105
657
4
185
4
5
10
596
6273
117
51
4
565
11
2
16122
14282
1013
7
1
13
201
13716
47
74
7
1
10
28277
1709
2
37
273
56
16851
5
2
1
2
12
3
6845
13189
70
14105
8
1
53
1584
3140
310
1
5159
29
7
104
5
366
10
2
3319
22
6
11
64
1
10
897
21927
3154
29
1
2114
2
1
16
12
2
2
1103
3
2
38
11405
35
1
49
14802
1414
8707
372
17
1044
1
698
2
21
2
29
74
5
76
3625
6726
2
2540
21
25
2
1
1
3
432
187
1
32
368
5748
6
3
171
7
1575
21
26
1415
9
189
1
235
9
28369
50
28
9106
841
7
648
12532
846
1465
1
1
1209
6
1
1934
49
1220
39
1
2715
1
4
35
14703
246
20
620
8
347
9
16
547
125
198
4
14
4256
3
1
1
70
1
3
81
2033
2
32
7
78
1
46
68
1
5
10168
15
72525
921
16
1138
2
454
6308
141
198
63375
1876
52
16771
390
11
20
4284
1
470
22327
5
2
5
8
15
6233
3
1
91
3
1622
1158
60
11
8
603
167
424
8
2
5
38
9
3
22
31
16
15
15
28
779
75664
40
123
328
7348
9
1
1855
2
6
6295
17
765
17852
6
353
1
2
33
17006
4
1
36392
9
1729
1
271
1
52
36
2
11
2
841
59
5
5918
32
4490
44373
383
5
41
6
7372
1
8
1
1
221
470
2
1
678
1
7
15
1
311
1
2
2
6
128
162
1
1704
7079
2487
311
35984
7
267
28
3
32
387
1
6
13468
249
1
69
277
3
3
3
75
846
1
7
1
654
357
9
154
339
13
909
118
806
3097
52
93
1963
39
2341
6
37
391
46
83
89
5270
6
2
64
9239
500
2
1380
4
1
425
251
14885
13113
22
7072
294
29
29
147
576
8
90
229
360
75
6
38
176
62
133
172
1
1195
2002
6162
10
1
4
2
3
4
13
3
2
441
1
664
822
2009
10
17
1
2
1
15274
40
7031
62
1190
530
189
9
3
7359
3541
3
2
133
119
1374
2
359
78
1113
1681
3
5
1745
407
2
3
2
1
440
57
3338
1
6
1263
13958
13778
16
392
2
1
12404
6604
749
3
19793
2
113
62
40649
17
66
141
1
2
19326
309
24
3015
70
74040
286
16
2170
86
9
40728
15
1
36
28039
470
2
10
2088
3
12
367
267
1869
158
39
26
1
15
6
1
217
3
525
624
2
19
26
1
2
11767
512
65
16
9
8
1
1
5988
215
155
1
1094
15
1
1
261
3
38
95
638
144
2
1588
11786
5
1
2257
2
1848
1
1
5
670
1
5449
1
127
3259
1402
1428
78
6
661
5703
8950
1
3895
6
594
10
591
1
22
27
8500
211
1
13
2
4
9028
18
87
13
10
1
362
10
172
225
47
2
1237
90
2
56
2
2
17
38
2030
29
8
53
1
1
2
3
254
12
229
2
192
4
127
91
11315
27
54
25
1
4
50
1646
12
45
2
538
174
591
79
76
472
4
2
141
20
15
104034
5
18
8286
9
36324
202272
6
2
36
32620
1604
5
21
82
774
4
117
178
6
2
2
186
23
2331
1
2059
588
2
353
322
1
3
13
112
20
6
2
8658
2
3803
13
3
6
24106
1
400
4
7
4
29946
44
104
3943
4
4
9
4
23
112
6
1
612
139
1
287
3
10
3986
245
3
171
4081
283
138
16411
6910
508
496
21
68
3
105
987
177
2497
125
17
661
40
150
1
617
5246
5172
12196
1
98
2
28
1
7586
1269
4
17
55
754
5
1172
183
8
6397
3
41
243
132
24
152
20
696
2
948
6
20772
2584
2148
21388
58
2468
2385
13
1555
11
2
9
1
13
2
1447
2
125
3
543
8
1
153
3030
3223
18
65
9755
1349
1
393
5738
31
1
49
20
11
2865
3
4
1
41
4
337
2
2770
1
1226
33
1296
21077
12
1
5
41
4053
79
169
9
7
10531
2
3
14
1
174
2
1
12
96
7163
25
5
1
3
5498
6
159
1
2
432
1213
886
3
566
1
274
13
4
10
1
93
70
28657
153
26002
1
1
2
10
2
268
15
444
9
1
4
142
491
132
1
1183
257
26499
62
862
4
3541
93
38515
6
4283
51381
3782
2
1
17
302
21
264
49639
53
5792
125
147
2
1828
90
29
8
158
2588
2
27
182
13
31
16
2
210
2
100
1
219
242
740
232
2
16
406
14272
1252
927
7305
20
18165
3
13295
5315
19
39
58
10
32
2
16
2
154
200
2768
2316
64
7500
40
8384
80
2666
3
21
28455
31
65272
305
14
17
1471
3
3073
1
72
1
1
2
2
3
9
192
4
3014
2
11457
1
13095
86
5
2706
6
99
31
22
11
3
11523
3935
45
25243
1
1720
33
766
117
1
31
1
63
2
1
13466
1
122
22
2
1309
944
193
154
6
143
82
14033
515
10210
2
3104
19
307
38506
1
40
1558
1117
110
3263
6
13755
1
11
84
371
1
65
5
72
6
70
2652
12
4
4669
26
2137
15
1
3856
2
549
4
117
4
2696
1
7
3263
41
7
2
10
430
583
8468
3
40
35
1
1
1240
52
8
773
3036
1
6
45
3026
1
5
2729
639
1
21
1
3
223
24
22
1882
2
60
12
14
524
3
1
2020
44
22
8
1884
2711
6337
108
1
8642
4
87
6832
1337
70
93
374
1
2
108
6408
71
517
2
197
1
2
2
16
23181
2
12
1
62
2850
2
18
8
36
4
126
2228
19065
20
4
1
230
91
876
167
13
6
136
363
1309
2
768
141
21
40
7
23
9
10
12
265
7
139894
2
1
11
1
144
880
8
249
11
305
1
2
4557
10929
3
52
11634
3
2
124
1
3
11220
560
2930
3901
3
45
13283
1
6094
29
19
7
619
373
3507
21
15
1
231
341
50
50
9999
3
35
1
548
16
24
65
52
351
50
354
12
34456
7
690
1
991
36
134
3
6
2548
2
4585
4
331
2069
13838
1
4
5
9
1
655
3861
2
1
5255
1
21618
16
14
94
4188
1
5861
6
114
4
66
1
23351
8
57
1047
24599
17
15
121
149
1
11435
25
11355
3
41
2
7849
1224
7
3
17702
346
1
133
12
6
12545
7901
2
28
17
3
585
1
57
6
4
1130
1
14
1
38
2
2
37
5
6928
61279
1
134
34865
7
820
76
7625
27
1
11
9
58
9
1881
3588
14
120
60665
6
2
41
96
2
2
22
5
21
1
10097
65
2818
9
2
113
117
17
24
7
14
4
3
9
1
1
116
431
9
17
12
90
70
89
1086
181
19
2
1
8
507
1620
336
892
17
6
15273
107
201
1145
114
640
55
124
11
12843
3
22
27
216
69
4
59
1658
39838
82
903
2
46
8
4
3
353
3
1
24
161
36
1935
5268
43
1740
1187
237
4
1297
635
20
251
1
654
71
6258
101
557
163
29
3808
787
64
1169
906
1
1
574
72176
1
34143
498
1912
18165
161
1
45
83
4
1
7
28
7
100
10294
30
9
4
298
13
1240
2
882
92
2
9
2
26279
53
3
6
423
78
54
405
963
46114
155
17
16
169
1
221
4
3168
19
15
211
1624
244
9
15
3576
106
3845
1
436
18
53
197
32
2
1
16
1769
1
13
67
20
7005
41
101
7
66
1664
171
14
89
13
8
2
17887
997
3
27
3248
3
23
2
49
607
52
900
1
1
13124
5
39
96
5
203
200
2
1
8
2
14408
303
17117
2
1
6281
26
1
1
1
391
102
1
76
103
1331
3
9
2950
1
2
1
10
1
3
451
5
1
336
132
134
178
1
192
7274
1245
698
7
9
19332
510
13
102
175
3
522
19
1
4005
2
121
8
11839
23336
135
5
4
2
1
1621
3
1516
7
107
93
10810
7
172
8
11
377
853
96
1
12
10449
990
108
838
7586
591
6
154
4
66
24
633
217
26
6
223
13
18
556
2197
54
4257
11533
3
15
4
382
2
23827
454
2
6262
1
1
25
172
602
1
2
15415
10
33411
396
26
13733
455
692
77
13
1
2093
2
4765
12287
74
4
5
13753
191
24
112
20
185
546
61
28
2
4
6
22
2
3
2828
1187
73
36635
311
3
1609
114
2
5561
37
1
1610
210
145
3
102
1
166
35
4
17
4
28
814
57
109
9809
3
1
16
802
8
131
3830
6
3
19
14
19
2
18427
12653
1090
1
7
3
4
2
1846
12
4
3
152
10
4138
26203
6
335
3
2
43
9
3
3
131
1978
27
3
4
25
205
1
59
16
66
5
10756
370
1
316
1
7
739
26
4
24
3759
5095
2
7
11
1008
2
639
1
12
1851
375
1552
2
9
1483
451
19
16682
41032
10189
1
1
81
58
132
4348
102
18
12
102070
26
358
606
2
115
3
16
16
1447
77
436
409
7
51700
9
1
1
1
1818
2
5
3
3115
107
112
8134
235
1
68
2
3
2
420
12
1
6
4
17
1220
21
2
11592
1
20415
3484
5756
2160
374
25
2
14
4
8488
8564
10321
2
73
34
3068
35
198
66
156
1
2615
1
1900
13151
1
34
10
523
7
409
1
73
2
6
1
601
987
259
1149
1
108
2
10
3
14089
77
514
6
1722
6
726
14111
14
5324
166
1
6
2360
1
1
33
1840
3
13
2
23
1089
43
1
55
3
3
88786
46
8571
2285
877
1
2317
31
5
377
5
719
10
189
1
132
523
10
139
1
1771
63
1
51
364
76
7718
10
1184
22
154
946
1006
1
107
4
14
1
73
1
9364
262
2
27
420
3607
315
1
33
105
2
5
38
266
8
943
29
35
19
22
2
848
54
2
1
186
26416
39916
279
1108
150
2
2
35
60
5912
1
77
268
6
794
860
1090
13193
3
454
17
187
22
9
52243
965
7040
56
1
15
10
709
348
1
21127
2
42
268
60
2
2
2066
57
576
7
5654
2
1
3
24
1009
32
14
16
23
139
22
12
1
6
2250
2
645
4
23
8132
55
3326
4
14
3
643
134
4
1770
57
1
1
1
7
35
1
2
1
2
5472
52574
33
3
5
978
3358
3384
778
12
2573
7
24
2172
186
443
107
1
13
17330
86
1825
2
1
3
14890
1061
7
4
19
6
12887
5
2750